             -0.05163              -0.11108              -0.21244 
             -0.00678              -0.13224               0.07140 
             -0.07514              -0.06901               0.13387 
             -0.03135              -0.12254               0.22399 
              0.02226              -0.06517               0.03449 
             -0.01748               0.08958              -0.17237 
              0.06214               0.16273              -0.20048 
              0.05678               0.11318              -0.22246 
              0.02015               0.06692               0.02553 
              0.05019               0.08832               0.13876 
             -0.05850               0.02825               0.20296 
             -0.01731              -0.15477               0.10440 
             -0.02289              -0.16837              -0.15909 
             -0.08643              -0.09147              -0.20340 
             -0.01406              -0.04466              -0.21323 
              0.01197              -0.04865              -0.06001 
              0.01499               0.03074               0.16186 
              0.06873               0.17715               0.20167 
              0.00027               0.16833               0.12368 
              0.05845               0.04043              -0.10940 
              0.03748              -0.00257              -0.24735 
             -0.06182               0.00149              -0.20184 
             -0.03014              -0.07546              -0.08488 
             -0.03255              -0.19698               0.14412 
             -0.04898              -0.14810               0.22214 
              0.00481               0.00398               0.08614 
             -0.03857               0.03694              -0.06126 
              0.04980               0.04250              -0.26115 
              0.09047               0.11411              -0.24276 
             -0.00026               0.15616              -0.12226 
              0.02269               0.07869              -0.00600 
              0.02725              -0.05740               0.20149 
             -0.03501              -0.08900               0.06770 
             -0.02876              -0.00716               0.07277 
             -0.10372               0.09077               0.00506 
             -0.00630               0.24172              -0.04647 
              0.09684               0.41822               0.10098 
              0.09323               0.36121               0.01844 
              0.08850               0.01684               0.11796 
              0.06966              -0.53034               0.19033 
             -0.03215              -0.53583              -0.07711 
             -0.16126              -0.54807               0.05061 
             -0.12203              -0.28656              -0.39830 
             -0.07298              -0.12186              -0.33919 
              0.01087               0.12546               0.04117 
              0.02867               0.37557               0.16449 
              0.04748               0.46585               0.36126 
              0.14326               0.18126               0.17508 
              0.06393              -0.07948              -0.25133 
             -0.06285              -0.22413              -0.09508 
             -0.16417              -0.04544              -0.14186 
             -0.01385               0.38601               0.33224 
              0.21744               0.42304               0.44210 
             -0.05005               0.23532               0.17524 
              0.00040               0.01909               0.07830 
              0.06412              -0.29164              -0.31257 
              0.00668              -0.56705              -0.10555 
             -0.14226              -0.45721              -0.11926 
             -0.16985              -0.05102               0.17778 
              0.20988               0.18372               0.25116 
              0.06195               0.06881               0.12248 
             -0.05188               0.07984               0.37398 
              0.12456              -0.05796              -0.16943 
              0.07251              -0.25781              -0.06393 
             -0.14185              -0.40898              -0.07879 
             -0.12830              -0.34994              -0.28234 
             -0.03547               0.03940               0.28445 
              0.01568               0.32782               0.03761 
              0.04345               0.25593               0.28975 
              0.09107               0.06532               0.25462 
              0.05981              -0.16925              -0.17543 
             -0.12230              -0.24805               0.16634 
             -0.10898              -0.22277              -0.21475 
              0.05720              -0.28953               0.05065 
              0.08885               0.15801               0.12839 
              0.00626               0.09588               0.04836 
              0.09195               0.01731               0.25270 
              0.15038               0.05647              -0.12352 
              0.02351              -0.17879              -0.13471 
             -0.14489              -0.15855              -0.16762 
             -0.11077              -0.15577              -0.32806 
             -0.05766              -0.35467              -0.05488 
             -0.05323              -0.03157               0.01602 
             -0.05863               0.10733              -0.03133 
             -0.05072              -0.03643               0.09509 
              0.09081               0.19313              -0.06500 
              0.20709               0.09978               0.07378 
              0.06931              -0.16477               0.02349 
             -0.07436              -0.25900              -0.12194 
             -0.06504              -0.44843               0.09983 
             -0.01832              -0.09353              -0.07518 
             -0.19519               0.28392               0.19928 
             -0.00857               0.33356               0.05145 
              0.23609               0.37354              -0.09528 
              0.18165               0.35330              -0.06687 
             -0.00256               0.08040              -0.46567 
             -0.05544              -0.10111               0.05393 
              0.00113              -0.23741              -0.07946 
             -0.09187              -0.35215               0.18345 
             -0.23838              -0.14167               0.30824 
             -0.09077               0.00967              -0.23419 
              0.01147               0.16776               0.00305 
              0.07248               0.22307              -0.44300 
              0.13486               0.30517              -0.11913 
              0.16720               0.17884               0.08055 
              0.06526              -0.14094               0.16185 
             -0.02825              -0.37499               0.35264 
              0.01066              -0.25404              -0.09222 
             -0.09029              -0.16684              -0.07033 
             -0.08684               0.00276              -0.18947 
              0.04057               0.19181              -0.13007 
              0.11819               0.22818               0.16426 
              0.04822               0.01267               0.07122 
             -0.12278              -0.04103               0.06961 
             -0.00857              -0.13817              -0.07602 
              0.06814              -0.16468              -0.28360 
             -0.07004              -0.18350              -0.18984 
             -0.21128              -0.12423              -0.03969 
             -0.02942               0.10972              -0.10707 
              0.06649               0.34400               0.24115 
             -0.07719               0.23860               0.02420 
             -0.03109               0.17793              -0.13961 
             -0.00337               0.17185              -0.04115 
              0.01633              -0.06744              -0.20238 
             -0.01711              -0.26968               0.27240 
             -0.09998               0.04156               0.17919 
              0.19190               0.10718               0.12690 
              0.15863              -0.09603               0.00957 
             -0.02345              -0.07645              -0.28514 
              0.02760              -0.00769              -0.03429 
              0.05139              -0.07507              -0.27289 
              0.06127              -0.25186               0.07529 
             -0.04607              -0.27594               0.15822 
             -0.14092               0.01518              -0.11689 
              0.03014               0.19413               0.09024 
              0.07420              -0.00124              -0.34228 
             -0.06736              -0.00745              -0.03088 
              0.02507               0.09018               0.01165 
              0.10454              -0.01639               0.12447 
             -0.12035              -0.10289               0.42529 
             -0.10773               0.00702               0.02525 
             -0.14087               0.22278               0.17699 
             -0.06214               0.25048              -0.16574 
              0.00540               0.12232              -0.10093 
             -0.00555              -0.04728               0.21242 
              0.11989              -0.15335              -0.07099 
              0.09953              -0.22276               0.34557 
             -0.02594              -0.01476              -0.05674 
              0.03436              -0.02371              -0.19202 
             -0.05134               0.01433               0.07034 
              0.00743               0.12962              -0.24126 
              0.14464              -0.05551               0.37742 
              0.05212              -0.28763               0.08761 
              0.08478              -0.15642               0.09787 
              0.00565              -0.01153               0.13002 
             -0.08231               0.03715              -0.27954 
             -0.12926               0.09031               0.23643 
             -0.09382               0.15966              -0.01303 
             -0.00044               0.14837               0.32076 
             -0.06394              -0.06931               0.32084 
             -0.12534               0.05856              -0.18530 
             -0.02973               0.14675               0.13264 
              0.05351               0.05899              -0.35013 
              0.06448               0.13447              -0.06609 
              0.01860               0.14262               0.05687 
             -0.02639              -0.00912              -0.06465 
              0.06345              -0.13947               0.13743 
              0.07503              -0.12363              -0.04533 
             -0.04923              -0.06548              -0.06642 
              0.01900              -0.12005              -0.02137 
              0.14756              -0.12099              -0.07881 
              0.10568               0.14411               0.15025 
              0.03689               0.03547               0.15638 
             -0.00223              -0.16610               0.05514 
             -0.07425              -0.02583               0.03212 
             -0.03047               0.05193              -0.23955 
             -0.14258               0.05448              -0.04960 
             -0.13536              -0.02245              -0.07908 
              0.01812               0.06832              -0.07611 
              0.00185               0.32860               0.17901 
              0.02387               0.00199              -0.06476 
              0.03631              -0.14833              -0.08188 
             -0.02919               0.07269              -0.10680 
              0.06095               0.07771              -0.17196 
             -0.04611              -0.02659               0.07856 
             -0.27586               0.01584               0.00744 
             -0.00571               0.11240               0.11490 
              0.07341               0.16212               0.08102 
             -0.00185              -0.09213              -0.03891 
              0.17440              -0.29498              -0.03206 
              0.15392              -0.14991              -0.08460 
              0.09178              -0.12688               0.03896 
             -0.00408              -0.15448               0.00091 
             -0.18124               0.06502              -0.00323 
             -0.01248               0.16380              -0.01388 
              0.06388               0.07533              -0.08365 
             -0.10542               0.08038              -0.10032 
              0.06277              -0.03149              -0.08858 
              0.15927              -0.05411              -0.12856 
              0.04589              -0.05518              -0.01273 
              0.06664              -0.16859              -0.05285 
             -0.05309               0.00908               0.17880 
             -0.03390               0.25957              -0.04221 
             -0.03238               0.18156               0.03318 
             -0.18306               0.16656               0.00712 
             -0.14564               0.18820              -0.10407 
             -0.02614               0.00684               0.01002 
             -0.06782              -0.19307               0.00717 
              0.02333              -0.21798               0.04526 
              0.10855              -0.05902               0.04861 
              0.00466               0.07907              -0.05200 
              0.01253              -0.04943              -0.10661 
              0.00900              -0.01757              -0.11482 
              0.03531               0.18157              -0.00203 
              0.03471               0.03518              -0.04290 
             -0.01118              -0.15364               0.08571 
              0.10593              -0.08391               0.01471 
              0.09066              -0.05009              -0.14063 
             -0.08836              -0.06469              -0.03029 
              0.05389              -0.09379              -0.08223 
              0.22990               0.03509              -0.04409 
              0.01290               0.26974               0.12060 
             -0.11709               0.11973               0.05040 
             -0.10371               0.10209               0.05896 
             -0.01072               0.10311              -0.07118 
             -0.07927               0.00442              -0.07389 
             -0.27373               0.02416               0.03756 
              0.05814               0.08853              -0.04341 
              0.11586               0.09651               0.06070 
             -0.11084               0.10799               0.06916 
             -0.01141               0.14877              -0.14473 
              0.00964               0.19328               0.15093 
              0.00527               0.01703              -0.19705 
              0.09020              -0.10440               0.18504 
              0.08242               0.06629               0.16107 
              0.15455               0.02226              -0.06878 
              0.01624              -0.14953               0.30487 
             -0.08792               0.07099              -0.18183 
              0.04862               0.28519               0.14469 
             -0.03244               0.15933               0.06720 
             -0.01913              -0.01849               0.03442 
              0.07008               0.22046               0.34612 
             -0.04057               0.19447              -0.17099 
             -0.10551               0.10012               0.09913 
             -0.09331               0.04163              -0.11095 
             -0.05503              -0.01699              -0.09916 
             -0.03824              -0.04665               0.21098 
              0.02254              -0.12571              -0.01664 
              0.13779              -0.21062               0.30627 
              0.06198              -0.10667               0.03267 
             -0.00006               0.01635               0.03412 
              0.03409               0.07899              -0.03088 
              0.01517               0.09973              -0.00997 
              0.09652               0.00563               0.14264 
              0.10118              -0.01320               0.03976 
             -0.02219               0.16041               0.08865 
             -0.04806               0.01427              -0.08767 
             -0.06467              -0.13750              -0.15185 
             -0.07752              -0.03962              -0.17239 
             -0.11368               0.05563               0.18360 
             -0.04693              -0.09744              -0.03617 
              0.00374              -0.23643               0.20836 
             -0.01477              -0.09572               0.01642 
             -0.01069              -0.02001              -0.23335 
              0.01874              -0.10143               0.02822 
              0.00147              -0.06379              -0.39313 
              0.02218               0.04816               0.37498 
              0.03023               0.09275              -0.04816 
              0.02333               0.00594               0.05973 
              0.16051               0.02086               0.19870 
              0.08087               0.04307              -0.39231 
              0.07375               0.05352               0.17689 
              0.03512              -0.04525              -0.27457 
              0.02931              -0.11774               0.22622 
             -0.01673               0.01805               0.11655 
             -0.09646               0.04021              -0.06753 
             -0.10744               0.01378               0.14128 
             -0.01887               0.01485              -0.30781 
             -0.02046              -0.05163              -0.16648 
             -0.04804              -0.06894              -0.02479 
             -0.04505              -0.07167              -0.10765 
             -0.03564              -0.08877               0.20362 
             -0.05313               0.02735              -0.08304 
             -0.05728               0.10265              -0.14586 
             -0.04029               0.09332              -0.06284 
              0.01875               0.03563              -0.23730 
              0.05050              -0.00514               0.15569 
              0.02558              -0.07323               0.03652 
              0.06915              -0.07751               0.21551 
              0.07675              -0.01551               0.06222 
              0.10522               0.03484              -0.12755 
              0.03439               0.10377              -0.03649 
              0.00292               0.11260              -0.20513 
              0.08861               0.06573               0.05537 
              0.03534              -0.06460               0.03654 
             -0.04769              -0.15875              -0.00833 
             -0.03440              -0.06433              -0.00624 
             -0.02015              -0.00569              -0.12526 
             -0.01808              -0.01903              -0.28214 
             -0.12187              -0.02832               0.05212 
             -0.12072               0.08340              -0.08884 
              0.00118               0.14505               0.19219 
             -0.02363              -0.06283               0.18352 
             -0.08793              -0.09790              -0.12833 
             -0.04614              -0.00164               0.10298 
             -0.00988              -0.02490              -0.28340 
              0.13653              -0.12211               0.22036 
              0.03082               0.03958              -0.10309 
              0.00049               0.10194               0.25003 
              0.11953              -0.02458               0.05475 
              0.06129              -0.01890              -0.19376 
              0.06340              -0.05663               0.04010 
              0.00304              -0.05645              -0.27216 
             -0.03926              -0.13097               0.06751 
              0.10983              -0.08635               0.04058 
              0.06205               0.04931               0.09198 
             -0.09101              -0.02722               0.09950 
             -0.00599              -0.04053              -0.07456 
             -0.01554              -0.03715              -0.02879 
             -0.05639              -0.16477               0.05217 
             -0.17009              -0.19823               0.13217 
             -0.17891              -0.04517               0.08157 
              0.08957              -0.01468               0.18632 
              0.02410               0.06784               0.00961 
             -0.01671               0.01652               0.01335 
              0.03269              -0.06240              -0.02956 
              0.03991              -0.02675              -0.14956 
              0.07020              -0.09025               0.12837 
             -0.01893              -0.02671              -0.15063 
              0.05000              -0.03832               0.24809 
              0.19373              -0.00927              -0.07930 
              0.08521               0.08532               0.04798 
              0.05189              -0.04259               0.12354 
              0.03196              -0.17168              -0.18109 
             -0.05454              -0.09041               0.31061 
             -0.05376               0.02457              -0.12560 
             -0.16387              -0.01506               0.22047 
             -0.09709              -0.06412               0.01366 
             -0.00097              -0.04140               0.00756 
             -0.05940               0.12095               0.12004 
             -0.00878              -0.01827              -0.19103 
             -0.08197              -0.08212               0.15532 
             -0.10206               0.05234              -0.17363 
             -0.01505               0.08068               0.06623 
             -0.03045               0.04226              -0.02759 
              0.00878              -0.01731              -0.16361 
              0.09287               0.00818               0.08332 
              0.07126               0.03448              -0.17374 
              0.16263              -0.00037               0.08368 
              0.07537              -0.03904              -0.06256 
             -0.01779               0.01731               0.02139 
              0.05267               0.01334               0.04593 
              0.04160              -0.03539              -0.00020 
             -0.02561               0.00084               0.00282 
             -0.06365              -0.03266               0.03438 
             -0.02798              -0.06318              -0.12036 
              0.06010              -0.01632               0.11977 
             -0.12790              -0.00438              -0.06605 
             -0.21054              -0.04755              -0.07911 
              0.00834              -0.02084               0.02102 
              0.02468               0.04045              -0.19952 
             -0.11354               0.10280               0.05579 
             -0.04107               0.03632              -0.10540 
              0.06986              -0.04480              -0.02324 
              0.12772               0.03795               0.05528 
             -0.06788               0.04961              -0.06239 
             -0.10823              -0.05201               0.08250 
              0.16769              -0.04910              -0.02547 
              0.14541               0.09385              -0.02074 
              0.03531               0.05857               0.12600 
              0.08318              -0.06731              -0.11051 
              0.06126               0.00507              -0.00833 
             -0.02702               0.05829              -0.00266 
             -0.03057              -0.02968              -0.11287 
             -0.11818              -0.16176               0.07285 
             -0.02566              -0.01101              -0.15136 
             -0.03871               0.07661               0.00509 
             -0.07572              -0.01282              -0.09241 
              0.02930              -0.08084              -0.04155 
              0.00404               0.06897              -0.00654 
             -0.06726               0.09315              -0.03622 
              0.04038              -0.04804              -0.01488 
             -0.00242              -0.08997               0.04116 
             -0.11505               0.06503              -0.04705 
             -0.06381               0.08734              -0.00862 
              0.14643              -0.08386               0.10029 
              0.12962              -0.04866              -0.14239 
             -0.02255               0.11419               0.20281 
              0.05242               0.06851              -0.17203 
              0.19045              -0.06816               0.01464 
             -0.00831              -0.09698              -0.04081 
             -0.16183              -0.00850              -0.10106 
             -0.10269              -0.01605               0.06210 
              0.06206              -0.05468              -0.11082 
              0.06245               0.03625               0.03971 
             -0.12852               0.11007              -0.06310 
             -0.03814               0.03073               0.03047 
              0.14097               0.03718               0.01976 
             -0.11058               0.08130               0.00806 
             -0.13941              -0.00629               0.11647 
              0.05534               0.00282              -0.01461 
              0.07541               0.12875               0.04915 
              0.03509               0.11743              -0.08490 
             -0.04703               0.01499              -0.05147 
              0.05895              -0.02031               0.06456 
              0.09102               0.10979              -0.03491 
             -0.01307               0.16586               0.10893 
              0.00213              -0.02311               0.04251 
              0.01173               0.05978               0.04061 
              0.00171               0.24482               0.10890 
              0.06588               0.14452              -0.11085 
              0.02155               0.10877               0.16891 
             -0.09901               0.08947              -0.10940 
             -0.09344               0.13964               0.07181 
             -0.05728               0.09697               0.15655 
             -0.11363               0.14642               0.05748 
             -0.09349               0.25151               0.08260 
              0.04176               0.17664              -0.04396 
              0.11670               0.19544               0.09491 
              0.03052               0.14291              -0.17151 
              0.00855               0.06657               0.08882 
              0.08646              -0.02686              -0.05044 
              0.13563              -0.03477               0.11868 
             -0.03367               0.10659               0.00527 
             -0.05963               0.02842              -0.03338 
              0.10102               0.02264               0.11752 
              0.09496               0.21749              -0.14136 
             -0.04661               0.17067               0.18708 
             -0.05644               0.06295              -0.07573 
              0.02872               0.10679               0.08970 
             -0.08684              -0.00132               0.06617 
             -0.12026              -0.05500              -0.09789 
             -0.04382              -0.05089               0.03699 
             -0.02498               0.08222              -0.12721 
             -0.03413               0.12145              -0.07863 
              0.04964               0.00516               0.03167 
              0.04959               0.05523              -0.04417 
             -0.07821               0.08332               0.06399 
             -0.04417              -0.05478              -0.07040 
              0.10176              -0.07445              -0.06187 
              0.04439              -0.02019              -0.00536 
             -0.04640              -0.01964              -0.06296 
              0.15632              -0.00266               0.12176 
              0.24059              -0.02081               0.04198 
              0.01075               0.11335              -0.01438 
             -0.16076               0.08332               0.00284 
             -0.02964              -0.10681              -0.17425 
              0.05048              -0.04141              -0.01428 
             -0.09605               0.01890               0.00435 
             -0.11356              -0.04862              -0.07160 
              0.00425               0.04953               0.21686 
              0.07444               0.06881              -0.20376 
             -0.03547               0.09575              -0.02716 
             -0.12081               0.02888              -0.06758 
             -0.01889              -0.10271              -0.17018 
             -0.04017              -0.02472               0.22013 
             -0.10396               0.04567              -0.13330 
              0.00977              -0.14994               0.12760 
              0.06324              -0.05155              -0.07810 
              0.06022               0.08368              -0.16048 
              0.15227               0.04636               0.04560 
              0.09569              -0.01168              -0.07363 
              0.05150              -0.10314               0.10738 
             -0.02688              -0.03968               0.06032 
             -0.04535               0.03865               0.00145 
              0.08693              -0.13712               0.00024 
              0.04108              -0.01637              -0.12309 
             -0.08764               0.13979               0.06310 
              0.01699              -0.06700              -0.01710 
             -0.01977              -0.05951               0.13261 
             -0.18095              -0.04102               0.05744 
             -0.11201              -0.10834              -0.13271 
             -0.07841              -0.10352              -0.05214 
              0.05129              -0.08734              -0.15279 
              0.02762               0.06747              -0.04415 
             -0.07604               0.08761               0.12060 
              0.09868              -0.15998               0.13072 
              0.11797              -0.19147               0.15786 
             -0.00952              -0.11270               0.01080 
              0.03143              -0.16080              -0.01179 
              0.08691              -0.25426              -0.03739 
              0.13382              -0.18364               0.00662 
              0.06579              -0.07299               0.18628 
             -0.09906              -0.11083               0.07133 
              0.02399              -0.12055               0.02223 
             -0.00596               0.06455               0.03036 
             -0.14453               0.01446              -0.18954 
             -0.13054              -0.23151               0.08001 
             -0.06337              -0.22560               0.02626 
              0.04979              -0.15403               0.12311 
             -0.07519              -0.21577               0.24967 
             -0.12463              -0.15576              -0.13926 
              0.09172              -0.09350               0.10262 
              0.05800              -0.00387              -0.14195 
             -0.01332              -0.05711               0.12095 
              0.07069              -0.18099               0.03324 
              0.14801              -0.08079               0.12416 
              0.14688               0.03018              -0.03947 
              0.00187              -0.09419              -0.01889 
             -0.00310              -0.04082               0.01125 
              0.17224               0.08176               0.02652 
              0.00669              -0.09314               0.15588 
             -0.15578              -0.13132              -0.04081 
              0.03591               0.01783               0.08849 
             -0.00383               0.05266              -0.22881 
             -0.10499               0.00471               0.03066 
             -0.11976              -0.03868              -0.20420 
             -0.16063              -0.01055               0.02645 
              0.03006              -0.00971               0.16522 
             -0.05578              -0.12801              -0.11008 
             -0.18357              -0.07404               0.14751 
              0.10332               0.08241              -0.26629 
              0.09886               0.07190               0.08824 
             -0.05088              -0.03056              -0.14029 
              0.09254              -0.00496               0.12023 
              0.12467               0.07888              -0.00035 
              0.02412               0.00062              -0.03497 
             -0.01982              -0.08797               0.07608 
              0.07382               0.00349              -0.25362 
              0.22818               0.10485              -0.05830 
             -0.01405               0.07984              -0.12492 
             -0.12707              -0.01946               0.01963 
              0.18725               0.03223               0.04680 
              0.06460               0.05222              -0.05704 
             -0.23342              -0.10281              -0.02101 
             -0.15082              -0.10783              -0.13987 
              0.04472              -0.00849               0.01235 
             -0.05419              -0.00243               0.01830 
             -0.26866              -0.04899               0.04914 
             -0.10791               0.03886               0.11444 
              0.21379               0.05265              -0.01939 
              0.04984              -0.00515              -0.03201 
             -0.17005              -0.05500              -0.11596 
              0.00021              -0.04348              -0.08203 
              0.13867               0.02726              -0.12481 
              0.02599               0.00362               0.08309 
             -0.04930               0.00050              -0.00767 
              0.16513               0.12087               0.04527 
              0.20261               0.09062              -0.09013 
              0.03396              -0.01932              -0.14637 
             -0.05552               0.00115              -0.00633 
              0.09488               0.03156              -0.07876 
              0.03797               0.02615               0.13447 
             -0.14213              -0.02885               0.06234 
             -0.02487              -0.03869              -0.03507 
             -0.06125               0.01831               0.06768 
             -0.13150              -0.03860              -0.21295 
             -0.16224              -0.08577              -0.01312 
             -0.03700              -0.04364              -0.05756 
             -0.06119               0.01614               0.03605 
             -0.19481               0.08051               0.06634 
              0.00764              -0.00645              -0.09640 
              0.28490              -0.06080               0.07480 
              0.05831               0.00214              -0.19366 
             -0.05575              -0.00342               0.02035 
              0.11576              -0.01288              -0.06723 
              0.19442               0.03513               0.01976 
             -0.00703               0.07954               0.24733 
             -0.13829               0.04403              -0.05837 
              0.20675               0.06634               0.17173 
              0.22782              -0.02582              -0.19734 
             -0.03877              -0.02150              -0.01493 
             -0.09708              -0.03809               0.00781 
              0.01596              -0.04421               0.00089 
             -0.15703               0.04655               0.27652 
             -0.21913               0.06121              -0.13275 
             -0.16384               0.04082               0.01629 
              0.02141              -0.02566              -0.13659 
              0.07527              -0.06308               0.00465 
             -0.10552               0.03169               0.04830 
             -0.00494               0.03430               0.27386 
             -0.04310              -0.00827               0.18207 
             -0.06890               0.14088               0.09609 
              0.12153               0.17551              -0.03004 
              0.18838               0.05311              -0.08456 
              0.21615              -0.04785               0.00734 
              0.18061               0.05904               0.09818 
              0.08275               0.11912               0.13244 
              0.06715               0.01164               0.10812 
             -0.16447               0.01598              -0.05177 
             -0.17473               0.04578              -0.02616 
              0.07916               0.04109              -0.12116 
             -0.01018               0.05744               0.00883 
             -0.09646               0.05464               0.05363 
             -0.00597               0.08585               0.10329 
             -0.04824               0.11345               0.12993 
             -0.06035               0.06300               0.00681 
             -0.24864              -0.00422              -0.03143 
             -0.25034               0.05319              -0.09276 
              0.03621               0.09639              -0.04596 
              0.11610               0.06249               0.12905 
              0.09363              -0.04472              -0.05374 
              0.19597              -0.05685               0.11022 
              0.09147               0.00697              -0.04251 
              0.09950              -0.07727              -0.14266 
             -0.01222              -0.11370              -0.04758 
             -0.15712              -0.00214              -0.19409 
              0.06584               0.09949               0.20067 
              0.13366               0.02470              -0.08523 
              0.06048              -0.05154               0.08270 
