              0.01235              -0.07505              -0.20800 
              0.03194              -0.11639               0.02474 
             -0.02502              -0.21974               0.20692 
              0.02211              -0.10303               0.17202 
              0.03442               0.01420               0.03628 
             -0.03501               0.03155              -0.21686 
             -0.01680               0.13516              -0.24263 
             -0.00133               0.16560              -0.20272 
             -0.00788               0.14572              -0.04516 
             -0.00119               0.08760               0.22837 
             -0.02547              -0.08787               0.11877 
              0.03354              -0.10039               0.08941 
              0.03772              -0.13059              -0.16054 
             -0.01659              -0.17421              -0.26915 
              0.00269              -0.10438              -0.17242 
              0.01857               0.01084              -0.10753 
             -0.01559               0.09293               0.22929 
             -0.01392               0.13685               0.14805 
             -0.05203               0.13084               0.10114 
              0.01039               0.13381              -0.12946 
              0.02801               0.05172              -0.31844 
             -0.02576              -0.10544              -0.18227 
              0.00748              -0.13629              -0.17884 
              0.05199              -0.14289               0.17132 
              0.01541              -0.15747               0.14183 
             -0.00197              -0.05231               0.08627 
             -0.03112               0.10015               0.02940 
              0.00640               0.27694              -0.14939 
             -0.01719               0.44393              -0.07527 
             -0.05094               0.42901              -0.06256 
              0.07576               0.38505               0.02082 
              0.17444               0.02624               0.14770 
              0.01829              -0.47008               0.15398 
              0.03428              -0.56435               0.20867 
              0.01918              -0.40213              -0.01668 
             -0.06327              -0.26858              -0.16344 
             -0.10559              -0.08261              -0.14359 
             -0.05424              -0.01684              -0.02080 
              0.08106               0.07809               0.29086 
              0.00743               0.17893               0.11295 
              0.01341               0.04496               0.04047 
              0.03609               0.07854              -0.18004 
             -0.04682               0.17286              -0.21240 
             -0.12086               0.27709               0.00938 
             -0.08325               0.49687               0.14373 
              0.03381               0.51031               0.33121 
              0.15034               0.26822               0.13809 
              0.09198               0.14098              -0.09321 
              0.08466              -0.31323               0.04900 
             -0.06249              -0.54899               0.06157 
             -0.12081              -0.49616               0.25374 
              0.15799              -0.40824               0.34709 
              0.01928              -0.22855              -0.12272 
             -0.12063              -0.21607               0.16525 
              0.00655              -0.18188              -0.10826 
             -0.01993              -0.02688               0.02461 
             -0.05121               0.21560               0.34181 
             -0.04048               0.30785               0.01576 
              0.06957               0.46924               0.35622 
              0.03376               0.23282              -0.18727 
             -0.13383               0.19958              -0.14670 
             -0.06754               0.12491              -0.14207 
              0.06712              -0.00817              -0.08938 
             -0.01783              -0.22481               0.39345 
              0.03281              -0.29282              -0.00649 
              0.09267              -0.29904               0.25563 
              0.08325              -0.28294              -0.06155 
              0.07953              -0.37012              -0.18593 
             -0.05140              -0.45343               0.12882 
             -0.08520              -0.29051              -0.14050 
             -0.06602              -0.25910               0.23774 
             -0.08725              -0.01822              -0.13252 
             -0.06820               0.07493              -0.02853 
              0.02178               0.32021              -0.05024 
              0.09474               0.27781              -0.23253 
              0.19482               0.11378               0.11770 
             -0.02929               0.06467              -0.13785 
             -0.10400               0.14377               0.22770 
             -0.11726               0.14247               0.15382 
             -0.12119               0.17405              -0.01822 
             -0.04542               0.09034              -0.02239 
             -0.00130               0.11735              -0.28765 
              0.16095               0.14769              -0.17071 
              0.21983              -0.06899              -0.17826 
              0.07039              -0.22097               0.08971 
             -0.00533              -0.14886               0.02190 
             -0.08429              -0.23625               0.13816 
             -0.11802              -0.23619              -0.02639 
             -0.04971              -0.19292              -0.18405 
             -0.12122              -0.21666              -0.03745 
             -0.04047              -0.09198              -0.14722 
              0.19909              -0.10979               0.11936 
              0.10035              -0.08624               0.03201 
              0.01480               0.02140               0.01584 
             -0.00471               0.11533              -0.06954 
             -0.04682               0.13433              -0.26301 
             -0.11408               0.06991              -0.15057 
             -0.21010               0.11734              -0.00185 
             -0.10047               0.31906               0.11160 
              0.02850               0.35945               0.20474 
              0.07284               0.13392               0.00844 
              0.13159               0.08951              -0.09105 
              0.10193               0.08459              -0.24821 
              0.06527               0.07332              -0.21610 
             -0.01435              -0.06556              -0.03024 
             -0.10546              -0.13638               0.03652 
             -0.03532              -0.06938               0.19040 
              0.00511              -0.19567               0.05532 
             -0.04076              -0.26041              -0.01237 
             -0.00332              -0.22222              -0.15282 
              0.05454              -0.21178              -0.14408 
              0.06014              -0.18464              -0.00921 
              0.04197              -0.17692              -0.08501 
              0.03291              -0.12362               0.10301 
              0.00722               0.15113              -0.09259 
             -0.04517               0.09673              -0.07117 
             -0.04832               0.02453              -0.18617 
             -0.03152               0.11950              -0.08977 
             -0.04663               0.01501               0.02523 
              0.01592               0.03235               0.14810 
              0.08155               0.18383               0.33102 
             -0.05974               0.17379               0.07391 
             -0.08990               0.17417               0.03059 
              0.00739               0.02577              -0.08417 
              0.00982              -0.10445              -0.06719 
             -0.10052              -0.32220               0.10508 
              0.01999              -0.34952               0.09665 
              0.18039              -0.10884               0.21971 
              0.09007              -0.14208               0.16735 
             -0.00045              -0.22618              -0.07230 
             -0.06274              -0.25938               0.09770 
             -0.04472              -0.19265              -0.21214 
             -0.06225              -0.17411               0.10210 
             -0.06323              -0.05798              -0.00144 
              0.01222               0.06340               0.12697 
             -0.01766               0.20471               0.25220 
              0.04487               0.14454              -0.07626 
              0.09856               0.03567               0.08901 
             -0.08004               0.05096              -0.08842 
              0.05850               0.24215               0.19929 
              0.17765               0.25390               0.07294 
             -0.04540               0.09565               0.12763 
             -0.07476              -0.03654               0.08410 
              0.03810              -0.13390              -0.10655 
              0.04234              -0.26814               0.11412 
             -0.04917              -0.18609              -0.04755 
             -0.10448              -0.15409               0.06950 
              0.04686              -0.06151               0.10395 
              0.00923              -0.03595              -0.13623 
             -0.11297              -0.02078              -0.03390 
             -0.00192              -0.02752              -0.22787 
             -0.00383              -0.00826              -0.04448 
             -0.02333               0.03063              -0.02199 
              0.01587              -0.04059              -0.12724 
             -0.02718              -0.04327               0.12392 
              0.07502               0.07673              -0.13148 
              0.09028               0.16075               0.12928 
              0.00266               0.20283              -0.01758 
              0.07603               0.19981               0.00581 
              0.05428               0.19150               0.16893 
             -0.00469               0.07348              -0.12772 
             -0.01384              -0.12553               0.08775 
             -0.02052              -0.10477              -0.07884 
             -0.02236              -0.08637              -0.17609 
             -0.04922              -0.19632               0.01010 
             -0.04069              -0.05657              -0.22414 
             -0.02613               0.05431               0.05608 
             -0.09021               0.00531              -0.07883 
             -0.06436              -0.02581               0.00233 
              0.05808              -0.10876              -0.00051 
              0.00363              -0.06197              -0.10133 
             -0.05265              -0.08942              -0.01063 
             -0.02847              -0.25366              -0.07609 
              0.04161              -0.13170               0.01122 
              0.05263               0.12843              -0.02757 
             -0.09921               0.13517               0.07156 
              0.05847               0.16255               0.11011 
              0.22787               0.24589              -0.04787 
              0.05044               0.16366              -0.05856 
             -0.02891               0.04336              -0.08733 
              0.03403              -0.02275              -0.02602 
              0.01347               0.01538              -0.08676 
             -0.07957               0.03770               0.05408 
             -0.18426              -0.08691              -0.09027 
             -0.03339               0.00992              -0.13152 
              0.17024               0.07585              -0.14316 
              0.03611              -0.05271              -0.11086 
             -0.06300              -0.13901              -0.02381 
             -0.00664              -0.13610               0.06837 
             -0.03222              -0.13738               0.11612 
             -0.09452              -0.19727               0.03223 
             -0.19904              -0.16082              -0.17060 
             -0.13087               0.04710              -0.10423 
              0.17164               0.10204              -0.08791 
              0.16005              -0.02261               0.07766 
              0.05139               0.15311               0.16760 
              0.10575               0.18647              -0.00032 
              0.05202               0.07536              -0.10008 
              0.00391               0.08209              -0.08581 
             -0.10331               0.09042              -0.20477 
             -0.11505               0.16884               0.01210 
              0.14488               0.13512               0.03976 
              0.14471               0.08796               0.11634 
              0.05713               0.12165               0.01540 
              0.07927               0.02645              -0.14038 
             -0.01402               0.04026               0.01226 
             -0.10863               0.06591              -0.04999 
             -0.27122               0.00789               0.18250 
             -0.12504               0.04444               0.17327 
              0.03895              -0.00018               0.04400 
              0.03057               0.08838               0.16422 
              0.09702               0.18810              -0.00492 
             -0.04999               0.28273               0.12470 
             -0.11077               0.42440               0.11255 
              0.08706               0.42056               0.16612 
              0.07103               0.27068               0.04068 
              0.16097               0.19684               0.09435 
              0.24448               0.11264               0.02357 
              0.01540               0.15806              -0.03082 
             -0.05423               0.14607               0.09753 
             -0.20791               0.10636               0.01887 
             -0.19780               0.22634               0.06961 
             -0.04411               0.27847              -0.06158 
             -0.06109               0.16832              -0.02233 
              0.04730               0.18349              -0.03373 
              0.07945               0.17326               0.13814 
             -0.10443               0.04366               0.11370 
             -0.01883               0.00948               0.17815 
             -0.10216              -0.08349               0.07016 
              0.09007               0.10287               0.07553 
              0.25323               0.09377              -0.04065 
              0.11861               0.03401               0.07075 
              0.11659               0.06445              -0.06020 
             -0.08173              -0.05779               0.09447 
             -0.14217               0.00717              -0.06848 
             -0.05419               0.05141              -0.05902 
             -0.17529              -0.00509              -0.15258 
              0.01258               0.09318              -0.17425 
              0.16095               0.12038              -0.02379 
             -0.00917               0.02831              -0.04160 
              0.10130               0.13159               0.05197 
              0.00804               0.04568               0.02472 
             -0.11356               0.00427              -0.02984 
             -0.07920               0.04633               0.02574 
             -0.18043              -0.04948              -0.05101 
              0.08919               0.00691               0.05432 
              0.14208              -0.06365              -0.03930 
             -0.04148              -0.13714               0.01615 
              0.09818               0.00393              -0.07354 
              0.03631              -0.05642              -0.19216 
             -0.09721              -0.07240              -0.03128 
             -0.05774               0.02723              -0.17327 
             -0.09617              -0.04406              -0.03118 
              0.03551               0.06735               0.05630 
              0.07915               0.03585              -0.13920 
              0.00339              -0.11392               0.06912 
              0.13008               0.02406              -0.21070 
              0.12000              -0.02288              -0.02356 
             -0.05550              -0.06382               0.06544 
             -0.07903               0.12583               0.05267 
             -0.10048               0.07610               0.20074 
              0.07353               0.04271              -0.12510 
              0.01746               0.00037              -0.05247 
             -0.03446              -0.02656              -0.16017 
              0.10223               0.06787              -0.16019 
              0.02293              -0.05838               0.06374 
             -0.08952              -0.10583              -0.04395 
             -0.07044               0.02723               0.06311 
             -0.13140              -0.05448              -0.04540 
             -0.01184              -0.11443              -0.16777 
              0.04896              -0.20666               0.11007 
              0.03297              -0.24644               0.05693 
              0.07944              -0.19814               0.13298 
             -0.06001              -0.15407               0.03798 
             -0.03603              -0.00169              -0.09769 
              0.07179               0.12566              -0.07480 
             -0.01373               0.03981              -0.06316 
             -0.00232               0.01289              -0.08000 
              0.15238              -0.05228               0.32296 
              0.08032              -0.18775              -0.06529 
             -0.02375              -0.23981               0.29670 
             -0.13983              -0.29073              -0.08397 
             -0.07544              -0.32782              -0.05373 
             -0.02435              -0.24479               0.17265 
             -0.06119              -0.18163              -0.10005 
              0.01952              -0.26401               0.29539 
              0.01242              -0.15768               0.17488 
             -0.07017              -0.19347               0.01884 
              0.04684              -0.23125               0.20196 
             -0.02939              -0.19543              -0.23681 
             -0.07994              -0.18196               0.07428 
              0.11680              -0.10600              -0.13871 
              0.11757              -0.06976               0.06573 
              0.06958               0.14801               0.13049 
              0.03626               0.07867              -0.10823 
              0.02321              -0.18518               0.23428 
              0.06080              -0.19541              -0.14117 
             -0.08358              -0.26275               0.14648 
             -0.04155              -0.42216               0.16351 
              0.11537              -0.25064              -0.17552 
             -0.13522               0.03454               0.46155 
             -0.09805              -0.01071              -0.17739 
             -0.03539              -0.07616               0.12765 
             -0.13640               0.01235               0.01631 
             -0.01970               0.06480              -0.24847 
              0.02805              -0.05614               0.09787 
              0.00183              -0.11480              -0.24192 
              0.11667               0.03670               0.06397 
              0.02471               0.13574              -0.03036 
             -0.01508               0.05800              -0.10979 
              0.02707               0.04620               0.15635 
             -0.06024               0.07500              -0.24848 
              0.00166               0.15786               0.16065 
              0.12166              -0.03751              -0.08974 
              0.02706              -0.14375               0.04936 
              0.07467              -0.03110               0.12796 
              0.06852              -0.01266              -0.12688 
             -0.01672              -0.07190               0.01563 
             -0.02604              -0.01633              -0.11167 
             -0.19316               0.06916              -0.04198 
             -0.09015              -0.05791              -0.07000 
              0.02177              -0.13725              -0.05581 
             -0.08937              -0.08798              -0.14358 
              0.08265              -0.09341              -0.02157 
              0.15285              -0.06620              -0.11566 
             -0.01346              -0.00684              -0.06519 
             -0.00544               0.12212               0.17722 
             -0.08274               0.14463              -0.17318 
             -0.07999               0.14382               0.15527 
             -0.00621               0.02018              -0.15729 
             -0.08429               0.05439              -0.03902 
              0.18789               0.01297               0.10171 
              0.10354               0.00417              -0.22770 
              0.01654               0.17878               0.33776 
              0.07466               0.04034              -0.31964 
             -0.06811              -0.05496               0.11566 
             -0.07146              -0.05712              -0.20304 
             -0.04375              -0.10216              -0.16066 
             -0.09741              -0.13266               0.24386 
              0.10648              -0.07436              -0.32656 
              0.08471              -0.21643               0.36465 
             -0.03411               0.01262              -0.28313 
              0.14018               0.07544              -0.02408 
             -0.10027              -0.00778               0.07194 
             -0.14703              -0.00412              -0.26604 
             -0.08993              -0.04306               0.40698 
             -0.03044               0.02304              -0.20284 
              0.07455               0.00872               0.18070 
              0.05165              -0.00032              -0.13432 
              0.06371               0.16981              -0.07402 
              0.16701               0.22219              -0.03118 
             -0.00273               0.09897              -0.16065 
             -0.21319              -0.00511               0.05732 
             -0.04553               0.02636              -0.08246 
             -0.07520               0.02338               0.14136 
             -0.02423              -0.14051               0.09646 
              0.10921              -0.06270               0.05447 
              0.24760               0.11436               0.17131 
              0.04067              -0.03284               0.01604 
             -0.26932              -0.15659               0.11268 
              0.00053              -0.13601               0.04310 
              0.04034              -0.05950              -0.10115 
             -0.12181               0.04810               0.08577 
              0.08204               0.03002              -0.08747 
              0.19324               0.11407               0.09470 
              0.00754               0.12938              -0.00852 
             -0.16904               0.04540               0.07242 
             -0.06693               0.05243               0.08309 
             -0.03134               0.08278               0.02288 
             -0.09663               0.14634               0.09406 
              0.14056               0.12345               0.01385 
              0.16194               0.14019               0.06312 
             -0.10015               0.00845              -0.06292 
             -0.07827              -0.02685               0.10620 
              0.02788               0.17707               0.15430 
             -0.06503               0.15383               0.12569 
              0.03780               0.06118               0.23968 
              0.18099               0.02116              -0.00998 
              0.09163              -0.06155              -0.08146 
             -0.18656              -0.10488              -0.09128 
             -0.11758              -0.13036              -0.20039 
              0.10110              -0.06071               0.02908 
             -0.00674               0.08658              -0.06181 
             -0.12173               0.06004               0.07558 
              0.08485               0.10673              -0.00241 
              0.16440               0.12325              -0.05969 
              0.01313               0.08812              -0.02425 
             -0.11444               0.08006              -0.13589 
             -0.01380               0.02169               0.07067 
              0.02282              -0.05929              -0.03243 
             -0.08539               0.05948              -0.01398 
              0.03872               0.10928               0.00310 
              0.11380               0.03197              -0.17439 
              0.04397              -0.06465              -0.07106 
             -0.05550              -0.09248              -0.19677 
             -0.08020              -0.07713               0.05495 
              0.00781              -0.04306              -0.11263 
             -0.04144              -0.09603               0.01485 
             -0.16744              -0.09596               0.01043 
              0.04544               0.02853              -0.20968 
              0.14102               0.10302               0.18736 
              0.01166              -0.03273              -0.30264 
              0.05059              -0.10701               0.26117 
              0.03245               0.14991               0.02409 
             -0.01515               0.19294              -0.11163 
             -0.06005              -0.01897               0.14737 
             -0.03445              -0.01008              -0.33175 
              0.06062               0.17671               0.08280 
              0.01957               0.03339              -0.21497 
              0.00980              -0.20037               0.04690 
              0.08530              -0.07344               0.00187 
              0.00973               0.12152              -0.15314 
             -0.05364               0.07826               0.05634 
             -0.00721              -0.03949              -0.27556 
             -0.08152               0.00158               0.06146 
              0.01347               0.09359              -0.18350 
             -0.01498              -0.05869               0.21353 
             -0.06216              -0.19545               0.08246 
              0.06134              -0.04298              -0.02256 
             -0.03561               0.07557               0.10028 
              0.01755               0.01367              -0.23292 
              0.01167              -0.01714               0.02945 
             -0.03534               0.02131              -0.09885 
              0.06186               0.03680              -0.00385 
             -0.01068              -0.05627               0.04470 
             -0.08499              -0.05151              -0.16285 
              0.12899               0.10675              -0.03393 
              0.03927               0.07407              -0.24194 
             -0.01983               0.12623               0.12589 
              0.02595               0.27139               0.01555 
             -0.06973               0.29544               0.21513 
              0.12066               0.21983               0.22619 
              0.02536               0.19703              -0.14601 
             -0.12804               0.10412               0.11724 
              0.06197              -0.04439              -0.13130 
             -0.03729              -0.16854               0.03233 
             -0.05778              -0.17118               0.04488 
             -0.00534              -0.05142               0.00888 
             -0.14480              -0.01687               0.09463 
              0.06026               0.02182              -0.10255 
             -0.04962               0.19627               0.04930 
             -0.06990               0.20666              -0.00448 
              0.08957               0.10546               0.00772 
              0.05080               0.11882               0.34963 
              0.10802               0.15221              -0.10371 
              0.09201               0.14442               0.11340 
              0.06341               0.08235               0.07145 
             -0.04669               0.02532              -0.02476 
             -0.22157              -0.05190               0.27779 
             -0.04386              -0.04129               0.08207 
             -0.11274               0.01036               0.16037 
              0.02867              -0.04203               0.02248 
              0.05833              -0.10558              -0.05596 
             -0.02881              -0.15512               0.07624 
             -0.01886              -0.12204               0.04528 
             -0.09023              -0.18445               0.21988 
              0.05605              -0.22154               0.00910 
              0.10830               0.02802              -0.04137 
              0.04196               0.20184              -0.10784 
              0.06107               0.09814              -0.18589 
              0.02592               0.04341               0.17603 
             -0.07777               0.12560              -0.01960 
             -0.13125               0.13293               0.34193 
             -0.08089              -0.14148               0.07303 
              0.11183              -0.09412              -0.05082 
              0.02444               0.05272               0.06124 
             -0.06198              -0.01659              -0.25252 
              0.13028              -0.22307               0.12322 
             -0.00685              -0.15756              -0.03228 
             -0.08952              -0.08448              -0.01627 
             -0.06218              -0.09866              -0.00775 
             -0.05973              -0.11027              -0.28584 
              0.07026              -0.03679              -0.06914 
              0.03017               0.01895              -0.15413 
             -0.06433              -0.02001              -0.00047 
              0.15231              -0.00588              -0.00972 
              0.09504              -0.00708               0.03857 
             -0.05379              -0.02632              -0.05570 
              0.03263              -0.00122              -0.05534 
             -0.03015               0.05143              -0.06323 
             -0.05868               0.12935               0.01796 
              0.05193               0.13960               0.23669 
              0.03700               0.14084              -0.04401 
             -0.03750               0.17900               0.10053 
             -0.08009               0.00270              -0.25183 
             -0.07744              -0.08260              -0.13561 
              0.01972              -0.08465              -0.09952 
             -0.02416              -0.07999              -0.18160 
             -0.10990              -0.14512               0.19278 
              0.07391              -0.10276              -0.17825 
              0.09759               0.00795               0.10827 
             -0.02068               0.06770              -0.10366 
              0.03025              -0.05770              -0.08884 
              0.03153              -0.17597               0.03336 
              0.00326              -0.05840              -0.04688 
             -0.04682              -0.08283               0.11966 
             -0.01003              -0.13122              -0.06606 
              0.07698               0.05355              -0.06750 
              0.10162               0.15121              -0.04273 
              0.02692               0.12143              -0.10562 
             -0.04051               0.05986               0.08129 
             -0.04742               0.08355               0.00728 
             -0.01943               0.16173              -0.06857 
             -0.04816              -0.01389               0.10142 
             -0.06853              -0.09258              -0.22103 
              0.00356               0.00348               0.10415 
              0.10040              -0.03157              -0.08481 
              0.00453              -0.14549               0.16063 
             -0.12071              -0.11040               0.04872 
             -0.00210              -0.03205              -0.05873 
              0.04900              -0.12305               0.10284 
             -0.00710              -0.18494              -0.24978 
             -0.00391              -0.22970               0.06498 
              0.15670              -0.18247               0.09720 
              0.20411              -0.27784               0.03741 
              0.01288              -0.29784               0.27958 
             -0.07088              -0.00880              -0.01850 
             -0.03553              -0.05245               0.03364 
             -0.02920              -0.12243              -0.01270 
              0.02693               0.05279               0.03191 
             -0.03248               0.22081               0.13676 
             -0.14811               0.06724               0.06627 
             -0.03745               0.02050               0.06751 
             -0.04811               0.10870               0.07085 
             -0.12684              -0.03844              -0.08444 
             -0.11294              -0.08449               0.10531 
              0.08800              -0.03209               0.07095 
              0.19228              -0.11673              -0.04101 
             -0.02624              -0.16557               0.13538 
             -0.07221              -0.07320              -0.15072 
              0.14940              -0.15473               0.08680 
              0.07531              -0.25269               0.01227 
              0.02796              -0.16336               0.00667 
              0.09832              -0.11368               0.28363 
              0.18508              -0.15537              -0.04170 
              0.08675              -0.06355               0.05537 
             -0.18801               0.12973              -0.17090 
             -0.14452               0.23429              -0.06108 
             -0.06828               0.21631              -0.08316 
             -0.10137               0.11341               0.09684 
             -0.04687               0.09713               0.01560 
             -0.00744               0.03888               0.05298 
              0.11679              -0.06696              -0.03208 
              0.07597               0.01709              -0.06975 
             -0.14393               0.04785              -0.09357 
             -0.21221               0.06622              -0.03414 
             -0.09148               0.07061              -0.01783 
              0.02955               0.05388              -0.02816 
              0.06322               0.00340               0.02455 
              0.07728              -0.22262              -0.03651 
              0.21988              -0.27106              -0.01599 
              0.19776              -0.12507              -0.11285 
             -0.00249              -0.22299               0.02214 
             -0.07309              -0.10484              -0.14222 
             -0.03241               0.22328               0.04023 
             -0.00701               0.17984               0.15558 
             -0.02349              -0.00743              -0.10346 
             -0.02972              -0.01015               0.16726 
              0.08200               0.02551              -0.28724 
              0.09872               0.01513              -0.06685 
             -0.10858               0.00471              -0.01252 
             -0.08022               0.13125              -0.05217 
             -0.09356               0.35631               0.21538 
             -0.16090               0.09496              -0.20451 
             -0.07855              -0.11385              -0.02742 
              0.02299              -0.01664              -0.17965 
             -0.02906               0.01244              -0.13757 
              0.04491              -0.14121               0.10106 
              0.02005              -0.16426               0.00480 
              0.11373              -0.00003               0.16250 
              0.06979               0.09214              -0.09597 
             -0.05182              -0.10593              -0.08865 
              0.09521              -0.20635              -0.03640 
              0.08911              -0.06290              -0.06093 
              0.00372              -0.13822               0.03525 
              0.11095              -0.09634              -0.05658 
              0.06025               0.09612              -0.02363 
              0.01676               0.21348               0.01285 
             -0.03773               0.21775              -0.15548 
             -0.19063               0.11232              -0.03611 
             -0.05744               0.09624               0.02098 
             -0.10213               0.12327              -0.00046 
             -0.19105               0.05305               0.16403 
              0.11018               0.06776              -0.05457 
              0.04049               0.10567               0.09745 
             -0.07293               0.10329              -0.02347 
             -0.03086               0.13565              -0.07008 
             -0.01433              -0.07438               0.08523 
              0.08434              -0.10859               0.00104 
              0.09448              -0.11630               0.23379 
              0.12762              -0.08835               0.07680 
              0.16851               0.12187               0.01374 
              0.05387               0.06090              -0.02774 
             -0.03691               0.08924              -0.10085 
             -0.06795               0.24868               0.07943 
             -0.09000               0.05787               0.14583 
              0.01442               0.08058               0.17333 
             -0.01159               0.19510               0.08758 
             -0.09847               0.27411               0.01300 
             -0.13087               0.34065              -0.04340 
