             -0.02466              -0.13328              -0.18480 
             -0.02868              -0.14929              -0.12170 
             -0.05611              -0.12372               0.27542 
             -0.02316              -0.13198               0.11485 
              0.00195              -0.07212               0.06935 
              0.00729               0.09770              -0.10887 
              0.03580               0.16042              -0.34926 
              0.05804               0.18522              -0.14681 
              0.03516               0.10007              -0.12083 
              0.01819               0.09562               0.14568 
             -0.01491               0.03054               0.21867 
             -0.02351              -0.17008               0.03234 
             -0.04643              -0.22516              -0.04417 
             -0.04913              -0.12232              -0.30850 
             -0.01999              -0.06327              -0.24475 
              0.00752              -0.03702              -0.09128 
              0.01982               0.03132               0.05562 
              0.04419               0.21382               0.27716 
              0.03886               0.18619               0.07535 
              0.04303               0.06608              -0.08654 
              0.01265               0.01557              -0.25160 
             -0.02646              -0.02876              -0.35422 
             -0.03548              -0.12203              -0.09067 
             -0.03613              -0.21688               0.02099 
             -0.04935              -0.18207               0.14008 
             -0.01712              -0.02572               0.20935 
              0.00966               0.09493              -0.03531 
              0.04158               0.24007               0.00900 
              0.04270               0.37677              -0.11844 
              0.00763               0.47168              -0.11072 
              0.01614               0.45648              -0.07446 
              0.00175               0.23648              -0.07329 
             -0.04072              -0.30171               0.19726 
              0.01137              -0.63233               0.20434 
              0.01188              -0.58762               0.18582 
              0.00301              -0.27137               0.04866 
             -0.00144              -0.00587              -0.18872 
             -0.01625              -0.06422               0.09427 
             -0.07258              -0.02699               0.05532 
             -0.02332               0.16562               0.27432 
              0.04866               0.06120               0.09548 
              0.00800               0.18445              -0.08611 
              0.01422               0.29816              -0.16076 
              0.03579               0.36041              -0.12395 
              0.00054               0.54132               0.09579 
             -0.04401               0.40641               0.05515 
             -0.04525               0.24286               0.29952 
              0.06857               0.00598              -0.00487 
              0.06410              -0.31857               0.09802 
             -0.03932              -0.40956               0.18577 
             -0.03615              -0.49507              -0.03539 
             -0.01212              -0.61053               0.07581 
              0.00772              -0.31420              -0.02260 
              0.00434              -0.14852               0.00587 
             -0.01997              -0.11951               0.16217 
             -0.03052               0.25930               0.18902 
              0.00509               0.55862               0.38434 
              0.03182               0.44248               0.09990 
              0.02346               0.27381               0.01594 
             -0.01693               0.19843              -0.17495 
              0.00277               0.18760              -0.04977 
              0.03289              -0.07039               0.14519 
              0.00435              -0.21161               0.11512 
             -0.02931              -0.26238               0.10657 
             -0.01069              -0.36800              -0.14643 
             -0.00259              -0.41110              -0.12666 
              0.00364              -0.43353               0.00365 
             -0.00367              -0.49699               0.10461 
             -0.00518              -0.37714               0.18042 
              0.01592              -0.18426               0.08579 
              0.00050               0.01897              -0.08853 
             -0.02607               0.16683              -0.22053 
             -0.00372               0.16271              -0.22401 
              0.02119               0.19314              -0.10365 
              0.00738               0.21228               0.10529 
             -0.03467               0.08160               0.21109 
             -0.02407               0.28925               0.17638 
              0.06846               0.31468               0.09888 
             -0.01508               0.12074              -0.11798 
             -0.04334               0.17959              -0.22485 
              0.01825               0.24550              -0.22968 
              0.02223               0.05617              -0.14387 
              0.02503              -0.29395               0.06581 
             -0.03217              -0.33185              -0.00457 
             -0.07483              -0.20352               0.07274 
              0.04650              -0.19846              -0.08493 
              0.00713              -0.27957              -0.23160 
             -0.07360              -0.22692               0.00720 
              0.01916              -0.05065               0.09855 
              0.03436              -0.17952               0.15971 
              0.05452              -0.15095               0.00811 
             -0.00149              -0.01469              -0.07164 
             -0.04533               0.08265              -0.29112 
              0.05793               0.09801              -0.28794 
              0.04120               0.02185              -0.09728 
             -0.06117               0.08316              -0.02791 
              0.04273               0.23244               0.21885 
              0.00732               0.10489               0.14643 
              0.00773               0.18330              -0.03406 
             -0.02102               0.26474              -0.09093 
             -0.09399               0.21329              -0.13891 
              0.00994               0.28788              -0.03188 
             -0.00906               0.25354              -0.06183 
             -0.06430              -0.00723              -0.00005 
              0.06424              -0.11315              -0.09852 
              0.00967              -0.25758              -0.03691 
              0.00943              -0.33809              -0.09879 
              0.02844              -0.27094              -0.10757 
             -0.08586              -0.30354               0.04949 
              0.02126              -0.15854              -0.02752 
              0.03029              -0.09828               0.22031 
             -0.05300              -0.14687              -0.03321 
              0.04704               0.04933              -0.07405 
              0.03589               0.00970              -0.08214 
              0.00989              -0.06566              -0.33037 
              0.01220              -0.00255              -0.03931 
             -0.04717              -0.07355              -0.23767 
              0.03582               0.03355               0.06867 
              0.02599               0.19002               0.12693 
             -0.06525               0.14634               0.13906 
              0.06804               0.51992               0.16835 
              0.00613               0.37538              -0.09058 
             -0.04353               0.08368              -0.00698 
              0.00768              -0.03839              -0.05861 
             -0.06916              -0.32927               0.18049 
             -0.06192              -0.44002               0.36212 
             -0.00534              -0.23444               0.01986 
              0.07361              -0.15280               0.04301 
              0.00387              -0.08432              -0.14276 
             -0.06442              -0.36419               0.00210 
              0.01757              -0.48062               0.12411 
              0.01831              -0.26659               0.10813 
             -0.00270              -0.25777               0.03542 
              0.00994               0.00809              -0.19081 
              0.08195               0.27980              -0.02812 
              0.14674               0.13926               0.00965 
             -0.05849               0.04223               0.22410 
             -0.11768               0.12997               0.36459 
              0.04128               0.24382               0.04518 
             -0.09381               0.28094               0.18710 
              0.01316               0.06680              -0.06776 
              0.03283               0.11522              -0.11603 
             -0.03232               0.04513               0.18060 
             -0.02043              -0.14653              -0.05092 
             -0.06805              -0.22859               0.41561 
              0.00788              -0.28849               0.04765 
             -0.07177              -0.12008              -0.14332 
             -0.02487              -0.06738              -0.09488 
              0.10030              -0.11711              -0.21387 
              0.02664              -0.14661              -0.03229 
              0.01478              -0.05460               0.04708 
              0.05838               0.02448               0.04602 
              0.00677               0.02662              -0.00386 
              0.05626              -0.02144              -0.08193 
             -0.07438               0.12081              -0.08448 
             -0.07595               0.27389              -0.01392 
              0.12216               0.24973               0.13919 
             -0.06597               0.12758               0.18862 
             -0.01250               0.00556              -0.01441 
              0.02411               0.08661              -0.02311 
             -0.06843               0.04424              -0.18800 
             -0.04081              -0.13167              -0.14956 
             -0.03556              -0.09222              -0.19569 
             -0.04316              -0.02115               0.07422 
              0.05375              -0.03138              -0.11432 
              0.00396              -0.13471               0.02139 
              0.07996              -0.15705              -0.08947 
              0.09096              -0.02709              -0.22600 
             -0.00467               0.04784               0.05682 
             -0.01136              -0.18255              -0.13297 
             -0.04046              -0.33150               0.17363 
             -0.00163              -0.10719               0.02182 
              0.04783               0.06333              -0.01261 
             -0.05454               0.07333               0.00771 
              0.05003               0.11323              -0.16806 
              0.08201               0.37405               0.15078 
             -0.08206               0.25861              -0.12146 
             -0.09879               0.09663               0.09850 
             -0.07719               0.03631              -0.14063 
             -0.03028               0.05714              -0.14009 
              0.04950              -0.01849              -0.01614 
              0.00105              -0.08523              -0.18808 
              0.08195              -0.06252               0.06617 
              0.10854               0.03396              -0.13268 
             -0.03568               0.00611              -0.15975 
             -0.00042              -0.06197               0.08221 
             -0.02048              -0.01878              -0.17849 
             -0.12973              -0.05595               0.18672 
              0.00491              -0.19700              -0.01519 
              0.04738              -0.25479               0.01880 
              0.09799              -0.16978               0.10716 
              0.04747              -0.05144              -0.19740 
             -0.00538               0.02824               0.11607 
              0.01715               0.25187              -0.10861 
             -0.13051               0.31027              -0.00062 
             -0.15115               0.07985              -0.01300 
              0.03359               0.01427              -0.18844 
              0.02800               0.04391               0.00747 
              0.06565              -0.01974              -0.15444 
              0.16822              -0.08954               0.17391 
              0.02341               0.07778              -0.02017 
             -0.01049               0.24741               0.03686 
             -0.16434               0.39420               0.17858 
             -0.08589               0.34985              -0.23431 
             -0.00672               0.34932               0.07677 
             -0.05683               0.15927              -0.08261 
              0.05872               0.14498               0.14118 
              0.01967              -0.11937               0.35192 
             -0.02041              -0.25449               0.01843 
              0.13540              -0.15558               0.13000 
             -0.04285               0.07241              -0.14105 
             -0.09879               0.21610              -0.13534 
              0.03949               0.23228               0.19810 
              0.14323               0.28219               0.21602 
              0.07340               0.37766               0.25657 
             -0.07494               0.22458               0.18432 
             -0.05866               0.19947              -0.20114 
             -0.07302               0.42734               0.14324 
             -0.03882               0.32526              -0.15102 
              0.06093               0.42174               0.23130 
              0.01547               0.28609               0.12596 
             -0.02421               0.08329              -0.04369 
              0.10520               0.05950               0.22645 
              0.02585              -0.00262              -0.28476 
             -0.12849              -0.11552               0.08346 
             -0.06039               0.02659               0.00734 
              0.11028               0.12466              -0.10995 
              0.12451              -0.00717               0.37775 
             -0.09468              -0.04760              -0.12263 
              0.00888               0.05728               0.27848 
              0.03374               0.14732              -0.00098 
             -0.08752               0.13801              -0.03465 
             -0.04262               0.22021               0.15880 
              0.01101               0.15557              -0.24879 
              0.04328               0.12829               0.15129 
              0.01581              -0.00978              -0.14206 
             -0.03857              -0.05890              -0.04592 
              0.05060              -0.03552              -0.04322 
              0.04036              -0.03267              -0.13179 
             -0.06187               0.03697               0.03847 
             -0.02782               0.07495              -0.11806 
             -0.00388               0.03969               0.04293 
              0.04905               0.02200              -0.05464 
              0.01204              -0.03547               0.01508 
             -0.02526              -0.09549               0.04348 
              0.05315              -0.16842               0.03609 
             -0.03927              -0.13259              -0.08561 
             -0.06870               0.06013              -0.03879 
             -0.01630               0.09791              -0.03565 
             -0.04750               0.01407              -0.12249 
              0.04634               0.07208               0.04264 
              0.03855               0.13905              -0.12402 
             -0.00571               0.07477               0.00890 
              0.06832              -0.14045              -0.14245 
              0.05046              -0.13313              -0.05328 
             -0.02459               0.10319              -0.02448 
              0.02968               0.05276              -0.04804 
              0.01542              -0.08008               0.13245 
             -0.01761               0.03436               0.02216 
             -0.00755               0.07028              -0.02121 
             -0.01333               0.02101               0.01189 
              0.00486              -0.23158              -0.09884 
             -0.04589              -0.19232              -0.08439 
             -0.05400               0.05127              -0.04995 
              0.04038              -0.05942              -0.09926 
             -0.03119              -0.00685              -0.02226 
             -0.09646               0.18432              -0.01688 
              0.01162               0.07756              -0.09357 
              0.03655              -0.02203               0.03428 
              0.05525              -0.12505              -0.12502 
              0.03237              -0.18721               0.09131 
              0.07581              -0.20504               0.12101 
              0.17954              -0.18004               0.02647 
             -0.02283               0.01484               0.11810 
             -0.09879              -0.03313              -0.01388 
              0.00416              -0.09398               0.00018 
             -0.06549              -0.01307               0.00061 
             -0.02467              -0.20129               0.07088 
             -0.04043              -0.24021               0.08522 
             -0.03255              -0.08802              -0.01273 
              0.05112              -0.11878               0.16403 
             -0.11493              -0.19787              -0.01948 
             -0.04070              -0.28776              -0.01604 
              0.03262              -0.25907               0.03836 
              0.01406              -0.09988               0.05991 
              0.15474              -0.11766               0.01211 
              0.04238              -0.19010               0.17988 
             -0.01942              -0.14924               0.10238 
             -0.05264              -0.25415               0.17914 
             -0.09705              -0.39026               0.09546 
              0.10862              -0.43784              -0.10583 
              0.08437              -0.50333               0.05066 
             -0.01722              -0.15412              -0.19649 
              0.06174               0.06647               0.00547 
             -0.04275               0.01037               0.22981 
             -0.14711               0.03765               0.17043 
             -0.14053              -0.08258               0.25548 
              0.02861              -0.13517              -0.09644 
              0.12367              -0.29753              -0.06769 
             -0.04250              -0.19573              -0.18190 
             -0.04345               0.09277              -0.02401 
              0.06153               0.04398               0.23328 
             -0.05285              -0.02442               0.13561 
             -0.02733               0.07786               0.17312 
              0.04403              -0.02701              -0.16543 
              0.11373              -0.14351              -0.20753 
              0.13440              -0.25077              -0.30279 
              0.03456              -0.14656              -0.06722 
             -0.02360               0.12361               0.02211 
              0.02579              -0.06565               0.19639 
             -0.08761               0.02253               0.01920 
             -0.05307               0.22004              -0.05574 
             -0.04924               0.06770              -0.22205 
              0.00551              -0.10396              -0.09858 
              0.09663              -0.10797              -0.03631 
             -0.10082               0.01648               0.02231 
             -0.18043               0.01210               0.31103 
              0.01151              -0.01921              -0.04187 
             -0.02929               0.19912              -0.06850 
             -0.01705               0.15820              -0.29115 
              0.03164               0.01956              -0.13740 
              0.11231              -0.04900              -0.03671 
              0.10355              -0.08349              -0.08629 
             -0.06911              -0.19036               0.30114 
              0.01293              -0.15170              -0.15071 
              0.08533              -0.12680              -0.03390 
             -0.01690               0.04026              -0.16577 
              0.02521               0.15269              -0.14718 
              0.14828               0.11292               0.18511 
              0.04759               0.07253               0.00069 
              0.00518              -0.03202               0.15317 
             -0.06235              -0.08149              -0.03660 
             -0.10816              -0.03127              -0.19599 
             -0.18519              -0.06533               0.04552 
             -0.08156               0.05621              -0.24633 
              0.05758               0.27646               0.10727 
              0.03890               0.13078              -0.04321 
             -0.02157               0.07410              -0.11729 
              0.04494               0.04875               0.01643 
              0.03639              -0.08034              -0.29410 
             -0.08217              -0.17756               0.14141 
             -0.18183              -0.19605              -0.12502 
             -0.08850              -0.16946               0.04668 
              0.16087               0.06738               0.07565 
              0.05938               0.01542              -0.13582 
              0.11172               0.02328               0.23020 
              0.16601              -0.04061              -0.23609 
              0.07427              -0.14571               0.08884 
             -0.07600              -0.02420               0.03726 
             -0.14098              -0.07487              -0.18526 
             -0.00662               0.04641               0.11005 
              0.10164               0.20998              -0.15590 
             -0.01304               0.21350               0.02252 
              0.00921               0.17087               0.12478 
              0.07355               0.02037               0.00331 
             -0.11203              -0.02303               0.22225 
             -0.14544               0.07821              -0.10021 
             -0.10939              -0.04991               0.10399 
             -0.00637              -0.02782               0.01133 
              0.09163              -0.00593              -0.04996 
              0.11333              -0.07417               0.21803 
              0.04400              -0.09100               0.03337 
             -0.13702              -0.20682               0.20546 
             -0.06210              -0.00667               0.13462 
              0.08667               0.13169              -0.07895 
              0.06168               0.11678               0.17123 
              0.08473               0.10938              -0.05457 
              0.10602              -0.02973               0.08699 
             -0.00934               0.09669               0.06655 
             -0.15789               0.08442              -0.06101 
             -0.10399               0.02185               0.26460 
              0.03160               0.27292              -0.12034 
              0.01709               0.29285               0.12308 
              0.09872               0.17114               0.01455 
              0.10197               0.18216              -0.09314 
             -0.05288              -0.01917               0.15057 
             -0.12226              -0.08758              -0.10232 
             -0.10418              -0.12350               0.13190 
             -0.01331              -0.14531              -0.09130 
             -0.01658              -0.00531              -0.10026 
              0.13011              -0.02893               0.11994 
              0.10902              -0.03242              -0.12680 
             -0.07322               0.08247               0.21294 
             -0.04395              -0.05963              -0.04669 
              0.02170              -0.00047              -0.06317 
              0.01484              -0.00473               0.00445 
             -0.01298              -0.05269              -0.27438 
             -0.03523               0.03358               0.05032 
              0.10662               0.01461              -0.11148 
              0.08471               0.11407               0.05365 
             -0.15698               0.15610               0.12139 
             -0.01597               0.00518              -0.19688 
              0.08872               0.12292              -0.01278 
             -0.01478               0.12552              -0.24669 
             -0.09187              -0.00458              -0.00436 
             -0.02160              -0.00398               0.09774 
              0.10782              -0.02336               0.02029 
             -0.01451              -0.06043               0.22558 
             -0.16190              -0.07767              -0.16591 
              0.03752              -0.12240              -0.08586 
              0.13283               0.03213              -0.16471 
             -0.04816               0.02482              -0.14458 
             -0.06239              -0.17069               0.15195 
              0.07020              -0.09744              -0.03052 
              0.09127              -0.02478               0.10323 
              0.00990              -0.02966              -0.17445 
             -0.11063               0.00763              -0.23608 
              0.01504               0.01929              -0.08797 
              0.13037               0.15282              -0.07930 
             -0.08413               0.24932               0.15818 
             -0.01842               0.05415               0.12280 
              0.09127               0.03127               0.05214 
             -0.03657               0.02121              -0.11802 
             -0.04477              -0.00815              -0.14379 
             -0.04637               0.05600              -0.19866 
             -0.01892               0.07493               0.15077 
              0.00631               0.11882               0.03964 
             -0.08762               0.01252               0.03870 
              0.10669              -0.15721               0.01384 
              0.06219              -0.06706              -0.31393 
             -0.02431              -0.14854               0.06635 
             -0.00149              -0.07698              -0.15768 
             -0.05999               0.21760               0.18750 
             -0.01331               0.24313               0.30242 
             -0.00242               0.12595              -0.09700 
              0.00766               0.08058               0.18172 
              0.12243               0.04674              -0.32210 
              0.01484               0.12401               0.04446 
              0.00805               0.12300               0.05516 
              0.02237               0.34247               0.13467 
             -0.14580               0.45572               0.31157 
              0.01518               0.12356              -0.21153 
              0.08229               0.01325               0.06116 
              0.06742              -0.00808              -0.17257 
              0.01670               0.14368               0.19928 
             -0.16303               0.11320               0.31310 
             -0.00376              -0.13472               0.14054 
             -0.12015              -0.01235               0.20311 
             -0.08719               0.03040              -0.18250 
              0.09125              -0.04716              -0.05050 
              0.04418               0.08782              -0.00177 
              0.01477               0.29706               0.14841 
              0.05365               0.31649               0.30061 
              0.02801               0.04487              -0.08832 
             -0.00173              -0.06732               0.02938 
              0.03016               0.01596              -0.19095 
              0.07806               0.09165               0.02595 
             -0.06754               0.01957               0.18758 
             -0.13757              -0.07852               0.25167 
             -0.04607              -0.06628               0.32936 
             -0.07827              -0.14153              -0.05603 
             -0.05429              -0.08425              -0.13695 
              0.00645               0.00018              -0.12662 
              0.05058               0.02721              -0.12805 
              0.07655               0.13356               0.21094 
              0.01199               0.09443               0.02522 
              0.06442              -0.04671               0.11673 
              0.01468              -0.11673              -0.16532 
             -0.05124              -0.16498              -0.23340 
              0.02004              -0.16830              -0.15990 
              0.11124              -0.12912               0.00881 
              0.02338              -0.10385               0.30523 
             -0.06520               0.14975               0.11421 
             -0.00938               0.13343               0.10416 
             -0.01020              -0.02091              -0.22653 
             -0.07974              -0.00556              -0.14374 
             -0.07330              -0.08619              -0.24949 
              0.00495              -0.02528               0.00609 
              0.08621               0.07677               0.16772 
              0.01835              -0.03685              -0.10001 
             -0.05049               0.05510               0.17919 
              0.01106               0.06044              -0.34881 
              0.02150               0.00167              -0.03340 
             -0.08518              -0.06063              -0.08469 
             -0.06825              -0.13005               0.03093 
              0.04808              -0.02307               0.29758 
              0.07002              -0.04767              -0.13613 
              0.05484              -0.20991               0.00658 
              0.00309              -0.04896              -0.22918 
              0.01226              -0.04032              -0.11746 
             -0.02113              -0.00607              -0.07210 
             -0.06309               0.11172               0.03919 
             -0.00478               0.04093               0.06749 
             -0.01798               0.08063              -0.10298 
              0.03065               0.07916              -0.06534 
              0.07726              -0.10596              -0.20251 
              0.00727              -0.05982               0.04961 
             -0.08106              -0.01879              -0.00159 
             -0.01652               0.02809               0.19178 
              0.07733               0.09423               0.14412 
              0.01951              -0.14827              -0.14795 
             -0.09144              -0.08989              -0.03310 
             -0.04446              -0.02401              -0.22885 
              0.09057              -0.17992              -0.04017 
             -0.00951              -0.11903              -0.00592 
             -0.06374              -0.02660              -0.03074 
              0.01301               0.02733               0.07732 
              0.04212               0.06841              -0.03883 
              0.03985              -0.19170               0.04468 
             -0.05492              -0.33846               0.19993 
             -0.04180              -0.28791              -0.13926 
              0.09717              -0.34949               0.33032 
              0.04260              -0.08557              -0.18101 
             -0.10396              -0.03722               0.15557 
             -0.04879               0.16458               0.08169 
              0.02884               0.17825               0.02092 
              0.03365              -0.22103               0.18544 
             -0.02546              -0.14544              -0.13535 
             -0.03823              -0.09080               0.00547 
              0.04079              -0.19471               0.00377 
              0.00594              -0.07411              -0.02381 
             -0.08589              -0.03560               0.22442 
             -0.01431              -0.00605              -0.00909 
              0.04437              -0.05754               0.10386 
              0.06098              -0.18704              -0.11595 
              0.04525              -0.07120              -0.13459 
             -0.00600              -0.10154               0.17869 
             -0.06237              -0.27358               0.07229 
              0.02171              -0.30690               0.16708 
              0.05063              -0.18851               0.17344 
             -0.15589              -0.02067              -0.14758 
             -0.01032              -0.06251               0.07003 
              0.14885               0.03553              -0.17665 
             -0.00265               0.24934               0.16395 
             -0.14720               0.07689               0.06320 
             -0.06208              -0.05795              -0.02784 
              0.12597              -0.01486               0.04590 
             -0.00306               0.00879              -0.14381 
             -0.21356               0.09314               0.06252 
              0.12325               0.05287               0.00504 
              0.26349               0.08239              -0.05848 
              0.03404               0.18419               0.03286 
             -0.07644              -0.04987              -0.12375 
              0.01204              -0.18806              -0.06797 
              0.04593              -0.16976              -0.04622 
             -0.11790              -0.17890              -0.07775 
             -0.19903              -0.10352               0.09081 
              0.09743              -0.04037              -0.07289 
              0.14388               0.03917               0.06753 
              0.00212               0.11081               0.05000 
             -0.00293              -0.04913              -0.02414 
             -0.06096              -0.10686               0.06869 
             -0.07563              -0.05941              -0.07877 
             -0.10763              -0.00567              -0.08531 
             -0.02130               0.08375              -0.11428 
              0.11409               0.14841              -0.13139 
              0.02746               0.18083              -0.01806 
              0.03395               0.15538              -0.06278 
              0.11251               0.04793              -0.10219 
             -0.02474              -0.02161              -0.04328 
             -0.07896              -0.08372               0.03936 
             -0.05672              -0.14617              -0.08398 
             -0.00448              -0.06729               0.08579 
              0.07765              -0.00062              -0.11398 
              0.00655               0.09191               0.13109 
              0.06846               0.07096              -0.13389 
              0.15386              -0.09712              -0.01379 
             -0.12854              -0.17970               0.05766 
             -0.16316              -0.13694              -0.05464 
              0.01706              -0.18052               0.06516 
             -0.00393              -0.01420              -0.09831 
             -0.07896               0.14679              -0.00969 
             -0.00741               0.16052              -0.03363 
              0.18044               0.11127              -0.15146 
              0.15504               0.09755               0.01798 
             -0.16724               0.08386              -0.04597 
             -0.13259              -0.01115              -0.01109 
              0.04423              -0.08461               0.07428 
             -0.04282               0.09455              -0.03831 
             -0.05843               0.15892               0.01068 
              0.03188               0.03417              -0.02139 
              0.19856               0.07858              -0.09705 
              0.11548               0.12235               0.22990 
             -0.18741              -0.07636               0.06231 
             -0.04706              -0.16486               0.19022 
             -0.02155              -0.01164               0.12679 
              0.00664               0.09281              -0.08587 
              0.04543               0.04923               0.02805 
             -0.02479               0.09864              -0.06763 
              0.02673               0.11157               0.06004 
              0.01651              -0.11168              -0.01976 
             -0.12021              -0.04273               0.09503 
             -0.01677               0.14282              -0.08429 
              0.06946               0.17776               0.02698 
              0.06301               0.21306              -0.07322 
              0.08871               0.23663               0.20773 
             -0.11840               0.19735              -0.03573 
             -0.08924               0.03101               0.22940 
              0.15598              -0.03492              -0.01696 
              0.05373               0.17373               0.05451 
             -0.05554               0.12252              -0.01823 
              0.00773               0.11368               0.08675 
              0.02377               0.09799               0.02831 
             -0.10968              -0.11291               0.07106 
             -0.10878              -0.06736               0.02586 
              0.08037              -0.01636              -0.02692 
              0.11247               0.01873              -0.05897 
              0.02256               0.08595               0.03468 
             -0.06270               0.02108              -0.05250 
             -0.01807               0.09593               0.06482 
