             -0.06681              -0.10059              -0.14416 
              0.00646              -0.06547               0.05486 
              0.07912              -0.08704               0.17516 
             -0.01892              -0.08092               0.23172 
             -0.06200              -0.02610               0.02605 
              0.01162               0.01627              -0.11525 
              0.05149               0.11802              -0.22060 
             -0.01540               0.10727              -0.13777 
             -0.07501               0.03692               0.03089 
              0.04201               0.08966               0.14630 
              0.06502              -0.00380               0.25096 
             -0.04381              -0.08718               0.04108 
             -0.03191              -0.09660              -0.07062 
              0.03168              -0.10856              -0.21173 
              0.04193              -0.03427              -0.17010 
             -0.04873              -0.01377               0.00009 
             -0.06123              -0.01815               0.11044 
              0.07404               0.15485               0.27188 
              0.01801               0.09519               0.07066 
             -0.05565               0.05766              -0.06971 
             -0.00931               0.04986              -0.18828 
              0.04200              -0.03518              -0.19952 
              0.03807              -0.05357              -0.01157 
             -0.05468              -0.10450               0.10831 
             -0.02382              -0.13703               0.26143 
              0.07933               0.01229               0.10575 
             -0.01026              -0.01425              -0.05179 
             -0.06557               0.03121              -0.17632 
             -0.00644               0.11071              -0.20933 
              0.05322               0.10397              -0.02868 
              0.00729               0.08522               0.07595 
             -0.08006               0.00254               0.25268 
              0.02161              -0.06019               0.12477 
              0.08030              -0.02958              -0.02783 
             -0.01491              -0.11668              -0.16065 
             -0.05432              -0.11552              -0.20965 
              0.01856              -0.00575              -0.07035 
              0.06221               0.00747               0.05394 
             -0.04388               0.05280               0.26191 
             -0.07853               0.08462               0.12534 
              0.03721               0.08207               0.03925 
              0.05373               0.09353              -0.18158 
             -0.02728              -0.00377              -0.19826 
             -0.04946              -0.08358              -0.11325 
              0.06159              -0.04080               0.02602 
              0.08773              -0.10842               0.26254 
             -0.05985              -0.07942               0.12531 
             -0.05370              -0.02965               0.05854 
              0.03989               0.01721              -0.15565 
              0.03487               0.11076              -0.20917 
             -0.06120               0.09100              -0.13343 
             -0.06983               0.04672              -0.00920 
              0.08218               0.11053               0.21018 
              0.05293              -0.00486               0.13957 
             -0.05771              -0.07218               0.07849 
             -0.00760              -0.08108              -0.12126 
              0.05565              -0.09388              -0.22745 
              0.04869              -0.03990              -0.17112 
             -0.05444              -0.03196              -0.06318 
             -0.06826              -0.01060               0.11776 
              0.06703               0.12544               0.16057 
              0.01510               0.07942               0.10740 
             -0.06695               0.01053              -0.06942 
             -0.01614              -0.03713              -0.10884 
              0.03923              -0.14068              -0.17028 
              0.02254              -0.22874               0.04456 
             -0.05840              -0.21843               0.12527 
             -0.00475              -0.02897               0.18099 
              0.09067               0.23859               0.13515 
              0.05528               0.25631              -0.08325 
              0.00696               0.25245              -0.11497 
              0.00478               0.17975              -0.18212 
              0.03020              -0.05304              -0.03116 
             -0.02258              -0.31070               0.05196 
             -0.10801              -0.31287               0.09444 
             -0.02815              -0.31232               0.03635 
              0.03318              -0.21432              -0.17196 
              0.02973               0.04585              -0.15046 
              0.03938               0.32653               0.01723 
              0.02748               0.47325               0.12383 
              0.05159               0.30488               0.23777 
             -0.02079               0.01723               0.09648 
             -0.09625              -0.05287              -0.06514 
             -0.04093              -0.29861              -0.09211 
             -0.01165              -0.39665              -0.11771 
              0.02573              -0.12082              -0.03464 
              0.07152               0.18564               0.11452 
              0.02039               0.13491               0.01747 
              0.04255               0.18275               0.15078 
              0.02535               0.14727               0.00107 
             -0.04923              -0.00691               0.01830 
             -0.06680              -0.27875              -0.04168 
             -0.04144              -0.37292              -0.17857 
              0.01382              -0.35087              -0.01340 
              0.03730              -0.14851              -0.08035 
             -0.00698              -0.11847              -0.03744 
              0.05837              -0.03857               0.28923 
              0.02711              -0.01602               0.14759 
             -0.07117              -0.10996               0.24621 
             -0.04254              -0.14734               0.12003 
             -0.05715              -0.31246              -0.14454 
             -0.04839              -0.36022              -0.15902 
             -0.01714              -0.19767              -0.26059 
              0.01705              -0.05197               0.07001 
              0.07391               0.21728               0.16132 
              0.04982               0.31326               0.35757 
              0.07290               0.11773               0.35782 
              0.02766               0.04713              -0.11618 
             -0.04654              -0.11617              -0.08043 
              0.03078              -0.15809              -0.22105 
              0.08527              -0.01081               0.07557 
              0.03203               0.27589               0.25946 
             -0.02324               0.20065               0.05604 
             -0.08417               0.00634               0.24670 
             -0.00694              -0.10534              -0.22837 
             -0.04628              -0.20788              -0.05998 
             -0.10196              -0.30349              -0.13864 
             -0.04693              -0.42254              -0.02510 
              0.03191              -0.40952               0.16990 
              0.00893              -0.09083              -0.09114 
             -0.02948               0.16896               0.15349 
             -0.01124               0.16249              -0.14459 
              0.04543               0.14861               0.07638 
              0.01885               0.12205              -0.04918 
             -0.05082               0.04624              -0.09954 
              0.00520              -0.20327               0.13971 
              0.09462              -0.12672              -0.12347 
              0.05397               0.17323               0.33068 
             -0.00611               0.25241              -0.04456 
              0.04206               0.21632              -0.02551 
              0.06255               0.21940              -0.03697 
              0.01335               0.17009              -0.30365 
             -0.05577               0.13852              -0.07586 
             -0.04050              -0.08937              -0.01854 
              0.04007              -0.26470               0.13762 
             -0.01643              -0.12949               0.08972 
             -0.05669              -0.11467               0.04865 
              0.01892              -0.09402              -0.17052 
              0.03046              -0.03758               0.01310 
             -0.05336              -0.00930              -0.02228 
             -0.16419              -0.12689               0.18776 
             -0.04184              -0.32736               0.19762 
              0.04563              -0.15637              -0.12120 
             -0.01587               0.03798               0.00839 
              0.02235               0.04189              -0.33532 
              0.11748               0.10020              -0.00066 
              0.08812               0.26311               0.07074 
             -0.00184               0.26230              -0.02064 
             -0.06870               0.20461               0.28049 
              0.00247              -0.03032              -0.19725 
              0.05788              -0.07121               0.00267 
              0.00565               0.06910              -0.07620 
              0.02943               0.05698              -0.03942 
              0.09095               0.07746               0.20257 
              0.03956               0.14085              -0.06455 
             -0.00112               0.14766               0.02447 
             -0.08950               0.00940              -0.04643 
             -0.05941              -0.24729              -0.06214 
             -0.04700              -0.38143               0.07924 
             -0.09612              -0.26735              -0.02034 
             -0.06403              -0.22482               0.13815 
             -0.01397              -0.11650              -0.05126 
              0.00122              -0.01799              -0.03181 
              0.03014               0.10574              -0.00634 
             -0.00283               0.15326              -0.06491 
              0.03487               0.01004               0.11860 
              0.02390              -0.05831              -0.09433 
             -0.03613               0.08865               0.05275 
             -0.00149               0.10431              -0.05673 
              0.02465               0.05436              -0.01278 
              0.05463               0.11507              -0.00870 
              0.07683               0.20379              -0.03154 
              0.06956               0.22903               0.00119 
              0.11029               0.12858              -0.00653 
              0.04140               0.04825               0.02733 
             -0.05059               0.04325              -0.09298 
             -0.00697              -0.03168               0.14147 
             -0.06051              -0.17898              -0.04583 
             -0.12064              -0.27800               0.05453 
             -0.07226              -0.27529               0.03110 
             -0.01921              -0.18119              -0.09624 
              0.00167              -0.18931               0.13074 
             -0.05215              -0.04198              -0.11277 
             -0.07919               0.10191               0.14983 
              0.03776               0.08084              -0.07363 
             -0.02401               0.08840              -0.04821 
             -0.05928               0.02472              -0.02949 
              0.03312              -0.05034              -0.24588 
              0.07865              -0.01587               0.18626 
              0.04170              -0.03889              -0.24063 
              0.05935              -0.03736               0.22349 
              0.05774               0.20477               0.05967 
              0.07373               0.26607              -0.07196 
              0.02163               0.36848               0.22783 
             -0.00198               0.18916              -0.29817 
              0.10368               0.14985               0.11023 
              0.05054              -0.03162              -0.12003 
             -0.04806              -0.26640               0.17140 
             -0.08840              -0.36415               0.28646 
             -0.06276              -0.08903              -0.13335 
             -0.07766              -0.08490               0.10416 
             -0.08716              -0.08929              -0.33006 
             -0.09155              -0.03763              -0.00861 
             -0.00825              -0.01021               0.12579 
              0.01711              -0.05742               0.02330 
              0.02530              -0.17991               0.30382 
             -0.00229              -0.10539              -0.26271 
              0.05828               0.04391              -0.13641 
              0.07141               0.08074              -0.24947 
             -0.03980              -0.00009              -0.14112 
             -0.10585               0.13924               0.25011 
              0.02802               0.24172               0.15442 
              0.03081               0.13576               0.26687 
              0.07401               0.11546               0.03953 
              0.08832               0.12145              -0.19660 
              0.12042               0.11856              -0.08127 
              0.07201               0.07026              -0.05194 
             -0.10710              -0.05047               0.15894 
             -0.02483              -0.08201               0.16252 
             -0.03657              -0.15810               0.04992 
             -0.12439              -0.24197              -0.13040 
             -0.04820              -0.13751              -0.26125 
              0.04286              -0.00862              -0.27743 
              0.08793              -0.05671               0.07385 
              0.02388              -0.07048               0.07680 
             -0.07037              -0.02459               0.29141 
              0.07186               0.00916               0.14504 
              0.01156              -0.00070              -0.22084 
             -0.15323              -0.11379              -0.12726 
             -0.05281              -0.09342              -0.36225 
              0.06544              -0.00898               0.19890 
             -0.02748               0.04462               0.23428 
             -0.02838               0.18984               0.21085 
              0.04773               0.29522               0.32871 
              0.08148               0.12825              -0.32382 
              0.05115               0.20995              -0.12400 
             -0.03374               0.10138              -0.29515 
              0.05278              -0.10321               0.08457 
              0.04793              -0.10664               0.33984 
             -0.08045              -0.01852               0.04912 
             -0.01666              -0.09750               0.19257 
              0.00071              -0.06943              -0.37899 
              0.04671              -0.04610              -0.26354 
              0.08062               0.02757              -0.10394 
             -0.00728              -0.04448               0.13565 
              0.01985              -0.28864               0.33938 
             -0.06499              -0.11475               0.15936 
             -0.13727              -0.01277              -0.05505 
             -0.04257              -0.05696              -0.24527 
             -0.03268              -0.01606              -0.26945 
             -0.00201               0.17410               0.03542 
              0.13361               0.22387               0.22055 
              0.02806               0.02634               0.35115 
             -0.01160               0.09807               0.10517 
             -0.03041               0.06832              -0.19745 
             -0.06111              -0.02842              -0.29153 
             -0.03476              -0.00043              -0.14736 
             -0.06999               0.11126              -0.09263 
              0.04810               0.19573               0.32666 
              0.19361               0.00628               0.09414 
              0.03073              -0.07874               0.02404 
              0.01833              -0.00025              -0.15891 
              0.02542              -0.08256              -0.29481 
             -0.05462              -0.35818               0.05465 
             -0.07531              -0.22818              -0.05739 
             -0.07871              -0.07009               0.43150 
              0.06329              -0.07664               0.18111 
              0.07009              -0.01374              -0.07038 
             -0.02073               0.11514               0.02208 
              0.00184               0.09230              -0.39478 
             -0.06697               0.04316               0.17125 
             -0.15307              -0.03594              -0.08867 
             -0.05166               0.14033               0.22805 
              0.02520               0.15232               0.10893 
              0.02750              -0.01920              -0.11989 
              0.12292               0.04560              -0.09703 
              0.08616               0.11963              -0.24574 
              0.06318               0.11579               0.04983 
              0.03216               0.12499              -0.05538 
             -0.07795               0.14462               0.28353 
              0.00680               0.02636              -0.00524 
              0.01013              -0.06859               0.00388 
             -0.04395              -0.19852              -0.10560 
              0.07805              -0.23250              -0.04193 
              0.12454              -0.26580               0.14583 
             -0.06074              -0.15987               0.04147 
             -0.19508              -0.02174               0.19267 
             -0.07551              -0.00601              -0.07550 
              0.01892               0.00993              -0.04997 
             -0.05883               0.08807              -0.14243 
             -0.09019               0.04662              -0.19265 
              0.13090              -0.04207               0.10538 
              0.19328              -0.01433              -0.09856 
              0.01424               0.03435               0.23640 
             -0.07434               0.10060              -0.06571 
             -0.02829               0.08488              -0.03202 
             -0.00950               0.14300               0.06349 
             -0.05898               0.26369              -0.13741 
             -0.07504               0.28701               0.10036 
              0.13118               0.06246               0.04897 
              0.18458              -0.09327               0.02009 
             -0.00193              -0.15201               0.10406 
             -0.05446              -0.18153              -0.10749 
             -0.04265              -0.27774               0.05089 
             -0.06981              -0.14605              -0.10648 
             -0.09097               0.01192               0.02093 
             -0.05876               0.01808               0.01593 
              0.09527              -0.05378               0.04625 
              0.12717              -0.04898               0.08802 
             -0.00282               0.01529              -0.04606 
              0.02037              -0.02749              -0.05988 
              0.01677              -0.10626              -0.12468 
             -0.07957              -0.09334              -0.12125 
             -0.09831               0.03411               0.05813 
             -0.06735               0.16778               0.11240 
              0.01530               0.20429               0.21481 
              0.04129               0.18766               0.06713 
              0.01430               0.19921              -0.03114 
              0.10380               0.08693              -0.08036 
              0.01657              -0.02718              -0.07008 
             -0.09435              -0.04490               0.05246 
              0.04041              -0.06821               0.11468 
              0.00289              -0.07887              -0.05140 
             -0.03125              -0.05892               0.01911 
             -0.00021              -0.01742              -0.19356 
              0.03736              -0.03597              -0.09969 
              0.12210              -0.11755               0.00727 
              0.00703              -0.10943              -0.07173 
             -0.08028              -0.07405               0.29324 
              0.05857              -0.11709              -0.09482 
             -0.04220              -0.15053               0.05930 
             -0.12160              -0.00655              -0.06915 
             -0.01156               0.04846              -0.14230 
              0.05406               0.06572               0.20954 
             -0.01667               0.10310              -0.01502 
             -0.09992               0.27972               0.27852 
              0.00370               0.19153              -0.00579 
              0.10030               0.03969              -0.13970 
             -0.01781              -0.00873              -0.04418 
             -0.06720               0.03564              -0.21042 
              0.07788               0.00963               0.12111 
              0.05597              -0.04441               0.02220 
             -0.03305               0.00344               0.03384 
             -0.01993               0.04929               0.03174 
              0.00997               0.01025              -0.16879 
              0.08380              -0.12796              -0.06968 
              0.05150              -0.19081              -0.00473 
             -0.02844              -0.15812               0.14662 
              0.00665              -0.20527               0.11735 
             -0.00751              -0.13831               0.06489 
             -0.05821              -0.00819              -0.01880 
             -0.08184               0.06494              -0.05848 
             -0.05175               0.16600              -0.05368 
              0.02178               0.18327               0.03682 
              0.02678               0.07810               0.06559 
             -0.02103               0.03542              -0.02674 
             -0.01367               0.05019               0.09480 
              0.01920               0.04085              -0.10553 
              0.00488               0.02998              -0.08722 
             -0.06662               0.02762               0.02559 
             -0.03818               0.13223              -0.08610 
              0.07636               0.23588               0.10175 
              0.06700               0.04025              -0.07445 
              0.03127              -0.06084               0.02166 
              0.03801              -0.06290               0.03870 
              0.06439              -0.17888              -0.03761 
              0.07195              -0.33368               0.18546 
             -0.07181              -0.18552              -0.01242 
             -0.10182              -0.01597               0.08877 
              0.04232               0.00013               0.00939 
              0.01198              -0.07429              -0.07024 
             -0.00995               0.02748               0.04779 
             -0.01285               0.09156              -0.13084 
             -0.01285              -0.02621               0.02076 
              0.00346              -0.05200              -0.08313 
             -0.11378               0.04640              -0.03390 
             -0.13843               0.14225               0.01484 
              0.02356               0.14209              -0.01084 
              0.02242               0.09757               0.07982 
             -0.02051               0.18780              -0.03084 
              0.01753               0.23202               0.02138 
              0.05392               0.07494              -0.01635 
              0.07533              -0.01918               0.05284 
              0.02623              -0.07984               0.04489 
              0.03521              -0.10059               0.07863 
              0.08058              -0.18563               0.06766 
              0.04461              -0.20131              -0.00944 
             -0.02104              -0.12102              -0.06913 
             -0.00508              -0.07988              -0.09137 
             -0.01055              -0.06400              -0.01222 
             -0.00220              -0.05214               0.03844 
             -0.01831              -0.06026               0.04413 
             -0.04185               0.01387              -0.05799 
             -0.03738               0.03805              -0.04621 
             -0.04139              -0.00559              -0.11554 
             -0.07637               0.05727              -0.05925 
             -0.10571               0.12310               0.10578 
             -0.08416               0.10286               0.04259 
             -0.01041               0.15807               0.17674 
              0.00310               0.11581               0.03061 
              0.00704               0.14007              -0.03933 
              0.08998               0.12990              -0.00614 
              0.09630              -0.06815              -0.13404 
              0.10063              -0.11235               0.12200 
              0.04514              -0.04415              -0.02698 
              0.03296              -0.12698               0.03076 
              0.02175              -0.14167              -0.00449 
             -0.01529              -0.10065              -0.16291 
             -0.04619              -0.04031               0.03866 
              0.01526               0.01790              -0.16353 
              0.08881              -0.12380               0.12114 
              0.02695              -0.09425              -0.00856 
             -0.05099               0.01977               0.02462 
             -0.01951              -0.05741               0.06530 
             -0.05160              -0.05520              -0.16824 
             -0.16536               0.04477               0.09021 
             -0.10669               0.15596              -0.07067 
             -0.06948               0.25836               0.17763 
             -0.00716               0.14926               0.07659 
              0.06995               0.14136              -0.02217 
              0.06323               0.08778               0.02359 
              0.03950              -0.07338              -0.15785 
              0.03575              -0.14522               0.04068 
             -0.01248              -0.05661              -0.15415 
              0.02077               0.00320               0.15300 
              0.01206               0.02117              -0.09045 
             -0.02237              -0.01844               0.06114 
              0.09992               0.02006              -0.02212 
              0.10474              -0.01298              -0.11968 
              0.04679              -0.19979               0.10738 
              0.01418              -0.20300              -0.14054 
              0.00964              -0.21502               0.20162 
             -0.00639              -0.06525              -0.02831 
             -0.13101               0.08058               0.03440 
             -0.17605               0.15640               0.06995 
             -0.00956               0.14967              -0.07857 
              0.03681               0.14785               0.09581 
             -0.05881               0.04249              -0.14932 
             -0.04695               0.00547               0.08900 
              0.03421              -0.00964              -0.00783 
              0.05023              -0.00718               0.05575 
             -0.07582               0.08535              -0.00703 
             -0.10334               0.09228              -0.09669 
              0.07771               0.11516              -0.04720 
              0.08887               0.09584              -0.15064 
              0.00820              -0.02784               0.06844 
              0.07065              -0.10643               0.00020 
              0.14738              -0.18904               0.19137 
              0.09444              -0.16692               0.04625 
             -0.03122              -0.13291              -0.01088 
             -0.11465              -0.08798              -0.02030 
              0.03407               0.01292              -0.07433 
              0.00347               0.01635               0.08920 
             -0.13633              -0.05098               0.06783 
              0.03258              -0.00525               0.03177 
              0.03323               0.08181               0.00134 
             -0.04308               0.04541              -0.13701 
             -0.06296               0.01258              -0.10274 
             -0.13036               0.08405              -0.07493 
             -0.02279               0.17621               0.00871 
             -0.00476               0.13081               0.07162 
             -0.15736               0.03878               0.06723 
              0.05593               0.06795              -0.04385 
              0.18869               0.07914               0.03004 
              0.05219              -0.00738              -0.10166 
              0.07122              -0.09593               0.10381 
              0.03820              -0.06654               0.06511 
              0.05416              -0.05609               0.10212 
              0.06344              -0.17240               0.12218 
             -0.04441              -0.16584              -0.10843 
              0.01895              -0.08781              -0.04316 
              0.03085              -0.04539              -0.12608 
             -0.01659              -0.03536              -0.10611 
              0.02572              -0.01959               0.07999 
             -0.07223               0.01463              -0.01246 
             -0.06662               0.12349               0.05585 
              0.01976               0.05969              -0.03604 
             -0.11047              -0.00860              -0.13267 
             -0.12875               0.06974               0.04765 
             -0.05362               0.13090              -0.00887 
             -0.06771               0.16377               0.15389 
             -0.00691               0.06502               0.10960 
              0.01401               0.06166               0.01247 
              0.11281               0.10067               0.00602 
              0.14587              -0.04977              -0.12774 
              0.02422              -0.19902              -0.00173 
              0.05098              -0.10915              -0.00446 
              0.08752              -0.01844              -0.00241 
             -0.04782              -0.07669               0.08935 
             -0.00106              -0.13100              -0.11414 
              0.02878              -0.00173               0.03106 
              0.03434               0.09622              -0.10978 
              0.08331              -0.04865              -0.00650 
             -0.02114              -0.18146              -0.03365 
             -0.00960              -0.07940               0.05673 
              0.02486               0.03517               0.02455 
             -0.16042              -0.01995               0.04595 
             -0.16182               0.00485               0.03592 
             -0.06277               0.23021               0.02670 
             -0.02954               0.27844              -0.02212 
             -0.00766               0.09437               0.03943 
             -0.03590               0.01737               0.00199 
              0.07226               0.05080              -0.02093 
              0.07201              -0.04358               0.00608 
             -0.06171              -0.11728              -0.02394 
              0.02407              -0.09719              -0.12423 
              0.06884               0.01318               0.04979 
              0.03116               0.06103              -0.16440 
              0.08959              -0.00817               0.08299 
              0.06909              -0.05268               0.02748 
              0.05788              -0.03952              -0.04387 
              0.06651              -0.16218               0.23220 
             -0.02271              -0.16062              -0.17027 
              0.00866              -0.14423               0.11655 
             -0.01921              -0.05286              -0.06564 
             -0.08760               0.04918              -0.00591 
             -0.01610               0.16261               0.20336 
             -0.08726               0.13765              -0.08815 
             -0.11482               0.14227               0.17088 
             -0.04447               0.04964              -0.17804 
             -0.08289               0.02092              -0.06218 
             -0.00456               0.00950              -0.06122 
              0.02479              -0.02862              -0.05634 
             -0.00795               0.06660               0.13316 
              0.05775               0.08494              -0.02999 
              0.01317               0.03550               0.05599 
              0.01523               0.04350              -0.11301 
              0.08715               0.00273              -0.04755 
              0.04013              -0.09970              -0.02986 
              0.11950              -0.18756               0.11716 
              0.15236              -0.18057               0.08442 
              0.04102              -0.06271               0.08423 
             -0.00946              -0.08240              -0.03443 
             -0.09861              -0.00821              -0.08960 
             -0.12170               0.10177              -0.01566 
             -0.02489              -0.00713              -0.09926 
             -0.08729              -0.02887               0.11406 
              0.00663               0.03077              -0.00040 
              0.07401               0.01529              -0.01160 
             -0.07890               0.03709               0.01132 
             -0.04644               0.05606              -0.13212 
             -0.03167               0.16553               0.07713 
             -0.10771               0.16525              -0.13140 
             -0.09974               0.09435               0.13643 
             -0.02802               0.05042              -0.00431 
              0.08689               0.04977               0.00573 
              0.13941              -0.12787               0.11206 
              0.03539              -0.13841              -0.07139 
              0.17161              -0.06306               0.11761 
              0.11294              -0.06159              -0.09168 
             -0.07638              -0.03685               0.07215 
             -0.00289              -0.10713               0.02778 
              0.01558              -0.09631              -0.04376 
             -0.02585              -0.00084               0.06649 
              0.00832              -0.06097              -0.16408 
             -0.01979              -0.07916               0.02230 
              0.05869               0.02651              -0.15337 
              0.04823               0.02906               0.05912 
             -0.17411               0.07584              -0.02256 
             -0.07713               0.12547               0.05703 
             -0.03633               0.08521               0.09270 
             -0.16009               0.15598              -0.01136 
             -0.04589               0.12616               0.02875 
              0.01871               0.02379              -0.04739 
              0.08446               0.02694               0.08828 
              0.05261              -0.00329              -0.01526 
             -0.02093              -0.04411               0.08820 
              0.10110              -0.10809              -0.05398 
              0.07675              -0.11471              -0.06770 
             -0.03389               0.00919              -0.05457 
              0.03170              -0.04388              -0.10134 
              0.06004              -0.17502               0.00108 
              0.07543              -0.05651               0.05432 
              0.10128               0.01456               0.00996 
             -0.00362              -0.06375               0.05855 
              0.00586              -0.09860              -0.09500 
             -0.02994              -0.03468               0.00906 
             -0.11465               0.10695              -0.03292 
             -0.07851               0.06996               0.06163 
             -0.11836               0.05640               0.14966 
             -0.10218               0.21344               0.06293 
              0.02889               0.16204               0.00164 
             -0.00378               0.03234              -0.04250 
             -0.03015               0.00573              -0.11816 
             -0.04404               0.02133              -0.03956 
              0.01459               0.03752              -0.02770 
              0.09006              -0.10288               0.08526 
             -0.06545              -0.11369              -0.00627 
             -0.03068               0.04531              -0.03547 
              0.16227               0.00992              -0.05749 
              0.09165              -0.10136              -0.10616 
              0.06121              -0.11063               0.05139 
              0.11014              -0.10490               0.10146 
              0.10343              -0.10074               0.04807 
              0.07867              -0.13802               0.10088 
             -0.13614              -0.01968              -0.08742 
             -0.14951               0.15149              -0.03653 
              0.00697               0.07576              -0.03895 
             -0.11136               0.04988              -0.00197 
             -0.13759               0.18192               0.10537 
