             -0.06765              -0.10190              -0.18652 
              0.00781              -0.06559               0.03039 
              0.08045              -0.09003               0.16777 
             -0.02207              -0.07964               0.22863 
             -0.06123              -0.02467              -0.00355 
              0.01477               0.02002              -0.16602 
              0.05099               0.12124              -0.27494 
             -0.01990               0.10400              -0.18708 
             -0.07495               0.03820               0.01605 
              0.05183               0.09186               0.13805 
              0.05921              -0.01728               0.24292 
             -0.04697              -0.08874               0.01520 
             -0.02531              -0.09934              -0.13315 
              0.03399              -0.10938              -0.26108 
              0.03854              -0.02685              -0.22116 
             -0.05777              -0.01650              -0.01282 
             -0.05178              -0.00826               0.10390 
              0.08309               0.16482               0.25681 
              0.00421               0.08213               0.04694 
             -0.05160               0.05687              -0.14568 
              0.00001               0.03932              -0.24437 
              0.04248              -0.04879              -0.27412 
              0.03260              -0.06368              -0.05981 
             -0.05936              -0.12529               0.04804 
             -0.01815              -0.14905               0.19637 
              0.08209               0.01238               0.07285 
             -0.01714               0.01328              -0.03803 
             -0.07296               0.18160              -0.06105 
              0.01264               0.36432              -0.08040 
              0.03286               0.41915               0.00283 
             -0.07780               0.40679               0.01699 
             -0.13315               0.25942              -0.01457 
             -0.03664              -0.20407               0.12931 
             -0.00445              -0.56399               0.14405 
             -0.03487              -0.57024               0.08591 
              0.02614              -0.38084               0.11742 
              0.09063              -0.11264              -0.21114 
              0.07596              -0.11881               0.05456 
              0.04911              -0.00390               0.03592 
              0.04154               0.20366               0.16492 
             -0.00269               0.10730               0.06240 
              0.00456               0.01225              -0.22063 
             -0.03125               0.11597              -0.10412 
             -0.04192               0.25822              -0.15573 
              0.00735               0.47381               0.25753 
              0.01292               0.39236               0.30905 
             -0.00759               0.39343               0.20044 
             -0.08629               0.32609               0.01345 
             -0.10899              -0.02683              -0.18732 
             -0.07246              -0.52565               0.13386 
              0.03001              -0.66367               0.12296 
              0.11208              -0.56748               0.25099 
              0.04405              -0.37582               0.29653 
              0.01990              -0.18361              -0.11902 
              0.04661              -0.10609               0.07805 
             -0.03047              -0.06534               0.02514 
              0.01127               0.01733               0.03400 
              0.00987               0.27513               0.27911 
              0.03201               0.31361              -0.04405 
              0.07759               0.39039               0.18140 
             -0.05903               0.32477              -0.15500 
             -0.10224               0.33510              -0.11216 
             -0.05835               0.08270              -0.07844 
             -0.03890              -0.21582              -0.03245 
              0.01278              -0.26566               0.18931 
             -0.01823              -0.25597               0.04602 
              0.04417              -0.41987               0.09857 
              0.10685              -0.39162               0.03428 
             -0.09446              -0.38616               0.03628 
             -0.11798              -0.38849               0.09797 
              0.05040              -0.24213              -0.15886 
              0.05516              -0.12553               0.00238 
             -0.01489               0.01593              -0.15422 
              0.01105               0.17647              -0.08025 
              0.11641               0.31641              -0.00888 
              0.10873               0.24317              -0.18674 
             -0.04449               0.15256               0.02716 
             -0.07063               0.01435              -0.15723 
              0.08338               0.09345               0.11588 
              0.01167               0.16709               0.20893 
             -0.05147               0.09312               0.03627 
              0.03024               0.21771               0.18280 
              0.03053               0.26151              -0.24155 
             -0.00206               0.18033              -0.24646 
             -0.11963              -0.05211              -0.21773 
             -0.07720              -0.23802              -0.12569 
              0.02595              -0.23137               0.17188 
             -0.08600              -0.23653               0.11972 
             -0.03132              -0.35481               0.04394 
              0.05696              -0.20073              -0.08396 
              0.01283              -0.09647              -0.14854 
              0.04565              -0.11176              -0.10862 
              0.00211              -0.11101               0.05175 
             -0.08255              -0.13897               0.10993 
              0.03121              -0.04499               0.05971 
             -0.02599               0.09792              -0.10138 
             -0.03818               0.05683              -0.22985 
              0.06498               0.07766              -0.18887 
              0.05594               0.20093               0.00628 
              0.06233               0.29895               0.20264 
              0.00785               0.41991               0.21817 
             -0.05302               0.16683              -0.03870 
              0.06598               0.03009              -0.11213 
              0.02279               0.06234              -0.32048 
             -0.06382               0.01971              -0.09608 
              0.03383              -0.11037              -0.05157 
              0.08158              -0.08464               0.02673 
              0.08012               0.04540               0.21023 
              0.01177               0.05317              -0.22466 
             -0.08292              -0.01918              -0.07164 
              0.01128              -0.16135              -0.17654 
             -0.01650              -0.29369               0.01822 
             -0.16002              -0.42954               0.34326 
             -0.03542              -0.46502               0.09090 
             -0.06146              -0.36111              -0.00149 
             -0.07124               0.01972              -0.22048 
              0.01840               0.23595              -0.23484 
             -0.01918               0.26670              -0.03704 
             -0.02785               0.16902               0.00990 
              0.01858               0.24745               0.28054 
             -0.01806               0.21294               0.01212 
              0.10052               0.04415              -0.04422 
              0.06888              -0.03761               0.02306 
              0.07556               0.15227               0.06412 
              0.21138               0.45306               0.11560 
              0.13369               0.27242               0.02692 
              0.01700              -0.18683               0.04061 
             -0.09556              -0.23892              -0.06608 
             -0.10647              -0.37193               0.04886 
              0.03132              -0.64849               0.19889 
             -0.06667              -0.46896              -0.13885 
             -0.15440              -0.43095               0.18122 
              0.01510              -0.10262              -0.06551 
             -0.08885              -0.05458               0.22800 
             -0.13590              -0.27069               0.23111 
             -0.15509              -0.18074              -0.04788 
             -0.04582               0.02284               0.19705 
              0.02073               0.09681              -0.24724 
              0.02708               0.26524               0.13600 
              0.21441               0.39049               0.06261 
              0.07934               0.45856               0.06529 
             -0.00331               0.46428               0.25080 
              0.18489               0.16454              -0.18760 
              0.10478              -0.03893              -0.00830 
             -0.00387              -0.09041              -0.06140 
              0.00260              -0.17476               0.09171 
              0.03795              -0.03977               0.20893 
              0.09712               0.02448              -0.00744 
             -0.13984              -0.30321               0.08414 
             -0.12151              -0.34847              -0.02892 
              0.02462              -0.28376              -0.08230 
             -0.14446              -0.31859               0.07227 
             -0.11481              -0.20730              -0.19871 
             -0.02564              -0.17138               0.00349 
              0.01789               0.12482              -0.14679 
              0.06737               0.40002               0.02568 
             -0.03935               0.25044              -0.07692 
             -0.09532               0.13170              -0.08875 
              0.07303               0.12693              -0.09080 
             -0.01642               0.02991              -0.09241 
             -0.18035               0.00503               0.16806 
              0.07367               0.02438               0.06715 
              0.17019               0.15283               0.33283 
              0.01977               0.25677              -0.13649 
              0.01985               0.19686              -0.15138 
              0.08877              -0.03718              -0.28663 
              0.13419              -0.14975              -0.21431 
              0.00200              -0.20614               0.05393 
             -0.08934              -0.27251               0.12281 
              0.07224              -0.27259               0.12180 
              0.00150              -0.13376              -0.08991 
             -0.10251              -0.05796              -0.15739 
             -0.04810               0.07146              -0.19458 
             -0.04883               0.00561               0.00516 
             -0.05612              -0.20775               0.17024 
             -0.12900              -0.10281               0.05946 
             -0.02092               0.01402               0.01752 
              0.07883               0.03386              -0.15474 
             -0.02130               0.11438              -0.13903 
             -0.06450               0.23229              -0.01102 
              0.06017               0.30238              -0.00102 
              0.08857               0.25391               0.08108 
              0.04020               0.08410               0.01138 
             -0.00822               0.12462              -0.06011 
             -0.01150              -0.01094              -0.20006 
              0.10265              -0.09351              -0.05669 
              0.05790              -0.07249              -0.03139 
             -0.07158              -0.09044              -0.01478 
             -0.00367               0.04802              -0.00175 
              0.11268               0.01473               0.04157 
              0.04844              -0.18298              -0.10396 
             -0.06056              -0.13273               0.04029 
             -0.07373              -0.15363               0.08344 
              0.01616              -0.30600              -0.02428 
             -0.02973              -0.15389               0.06810 
             -0.14611              -0.06752              -0.05943 
             -0.07986               0.05541              -0.04607 
              0.04466               0.12634              -0.13391 
              0.02971               0.04840              -0.05327 
              0.04205               0.14037               0.00103 
              0.04864               0.14590               0.06318 
              0.04571               0.19547               0.10884 
              0.02691               0.24809              -0.11145 
             -0.06648               0.14170               0.03245 
             -0.03669               0.13747              -0.09898 
              0.04446               0.32655              -0.00238 
              0.07160               0.17724               0.19193 
              0.11978              -0.01138              -0.10455 
              0.11262              -0.06384               0.14314 
             -0.05651               0.01047              -0.10465 
             -0.15015               0.09098               0.11698 
             -0.11306              -0.08571               0.01471 
             -0.02248               0.02926               0.15537 
             -0.02310               0.31621               0.08977 
             -0.03411               0.11797               0.02010 
              0.10513               0.02464               0.08850 
             -0.05562               0.08544              -0.13069 
             -0.13038               0.23925               0.21391 
             -0.01119               0.28704              -0.01905 
              0.02599               0.21191               0.17438 
              0.18707               0.19962               0.07988 
              0.13100               0.19084              -0.20038 
              0.06141               0.17493               0.01290 
              0.03899               0.08045              -0.19227 
             -0.06381               0.07412               0.08289 
             -0.14582               0.17824               0.21536 
             -0.02139               0.30868               0.08013 
             -0.03421               0.11893               0.19916 
              0.07835               0.04624              -0.17631 
              0.12367               0.10494               0.00567 
             -0.11232               0.00921               0.03176 
             -0.21219              -0.15725               0.15331 
             -0.01350              -0.10327               0.28928 
              0.11350               0.06726               0.10471 
             -0.00666              -0.00050              -0.06901 
              0.02914              -0.02186              -0.17346 
              0.16782               0.01552              -0.31631 
              0.09647              -0.00398              -0.06581 
             -0.13828               0.00296              -0.02557 
             -0.13546               0.05407               0.09866 
             -0.01969              -0.01005               0.09662 
              0.01909               0.06111              -0.05981 
             -0.05861               0.20312              -0.07957 
             -0.01792               0.21897              -0.18720 
              0.22364               0.16351               0.03280 
              0.14469               0.01791               0.00421 
             -0.08879               0.03343               0.22916 
             -0.07129              -0.10694               0.06791 
             -0.05456              -0.28310              -0.04304 
             -0.07567              -0.16827              -0.11219 
             -0.06552              -0.02531              -0.20588 
              0.02707               0.01455              -0.05621 
              0.13316              -0.01548              -0.04925 
              0.07320               0.00599               0.16944 
             -0.05268               0.08441              -0.01315 
             -0.03984               0.03793              -0.02289 
             -0.06870              -0.10866              -0.15941 
             -0.06666              -0.14327              -0.24086 
             -0.08712              -0.13590               0.05059 
             -0.03819              -0.04999              -0.05021 
              0.00001               0.04931               0.28150 
              0.06261               0.16469               0.07045 
              0.14881               0.20645              -0.00132 
              0.11634               0.14965              -0.06444 
             -0.03480               0.00399              -0.20181 
             -0.07042              -0.13663               0.08178 
              0.09993              -0.06955               0.00584 
              0.01845              -0.03046               0.16523 
             -0.08183              -0.05481              -0.05795 
              0.04316              -0.04263              -0.13562 
              0.08804               0.02341              -0.15963 
              0.02628              -0.02365              -0.08299 
             -0.11825              -0.24275               0.22944 
             -0.12390              -0.26896               0.09034 
              0.00280              -0.15232               0.11945 
             -0.06026              -0.12440              -0.10315 
             -0.10332              -0.13830              -0.19651 
              0.03168              -0.08820              -0.01046 
              0.15355               0.01463               0.02589 
              0.08384              -0.02137               0.21268 
             -0.08733              -0.08931               0.23284 
              0.04589              -0.05734              -0.04850 
              0.07491              -0.04777               0.03269 
              0.01481              -0.01713              -0.13828 
              0.00455              -0.12895               0.07730 
              0.05812              -0.33179               0.16118 
              0.00610              -0.21816               0.11071 
             -0.11867              -0.11208               0.11224 
             -0.01952              -0.27326               0.05495 
             -0.09961              -0.19179               0.01527 
             -0.07139              -0.25499              -0.02376 
              0.03382              -0.38799               0.03083 
              0.08419              -0.24366               0.01941 
             -0.06429              -0.20795              -0.08690 
             -0.01918              -0.06383              -0.02718 
              0.10300               0.15130              -0.02871 
              0.02507              -0.05925               0.12848 
             -0.10763              -0.12053              -0.11070 
             -0.02068               0.02403               0.18878 
              0.24910              -0.08267              -0.08729 
              0.09454              -0.10337               0.05820 
             -0.15779               0.07290               0.04263 
              0.04466               0.23448              -0.06972 
              0.07563               0.11176               0.24451 
             -0.13062              -0.25246              -0.04174 
             -0.14947              -0.09216               0.07027 
              0.08569              -0.12270              -0.01629 
              0.11619              -0.23250              -0.19021 
             -0.07493              -0.09736               0.00084 
             -0.07380               0.08699              -0.08843 
              0.07808               0.13080               0.09104 
             -0.08699              -0.06767              -0.04893 
             -0.14449              -0.12962              -0.04301 
             -0.02704               0.02689              -0.10221 
              0.01324               0.00491              -0.18168 
              0.05815              -0.24826              -0.05487 
              0.09166              -0.08744              -0.05178 
              0.10196               0.14627               0.08779 
              0.08546               0.09732               0.02630 
             -0.13452               0.09114               0.08816 
             -0.03621               0.16266               0.00068 
              0.11295               0.04768              -0.11319 
             -0.07407              -0.07428               0.10034 
             -0.01520              -0.03665              -0.16596 
              0.18888               0.07922               0.05073 
              0.03106               0.07645              -0.01943 
             -0.10323              -0.04540              -0.09197 
             -0.17405               0.04519              -0.04741 
             -0.06492               0.11679              -0.20527 
              0.00934              -0.09290              -0.05896 
             -0.13186              -0.19934              -0.08994 
             -0.04072              -0.07149              -0.06557 
              0.22039              -0.08674               0.12635 
              0.08915              -0.09688              -0.03103 
             -0.00239              -0.08992               0.02930 
             -0.03062              -0.00010               0.05271 
             -0.01675               0.10583              -0.15102 
              0.06026              -0.01158               0.22183 
              0.02764              -0.02570              -0.09556 
              0.07467               0.17196              -0.00877 
              0.10351               0.09902              -0.05395 
             -0.02510               0.04162              -0.18408 
             -0.06346               0.10443              -0.02920 
             -0.03994               0.07668              -0.15565 
             -0.11516               0.00536              -0.07770 
             -0.04156              -0.03741               0.13692 
              0.00841              -0.00195              -0.14113 
             -0.02640               0.02365              -0.04871 
              0.00727              -0.03964              -0.05643 
              0.01961              -0.07327              -0.11244 
              0.06741              -0.07290               0.20226 
             -0.11624              -0.07697               0.02653 
             -0.14235              -0.15277               0.02665 
              0.16235              -0.14204               0.08304 
              0.15553              -0.01976              -0.19129 
              0.01019               0.09981               0.06939 
             -0.00117               0.02145              -0.15892 
              0.10920               0.04258               0.21992 
              0.03365               0.10357               0.14291 
             -0.18340              -0.02207               0.00132 
             -0.05650               0.13847               0.13549 
              0.12061               0.15679              -0.10205 
              0.02951               0.14313              -0.04361 
             -0.05387               0.10075              -0.03379 
             -0.06664               0.05084              -0.00254 
             -0.09326               0.01605               0.12447 
             -0.07110              -0.09666              -0.01204 
             -0.03367              -0.17517              -0.00231 
              0.07069               0.03574              -0.03645 
              0.11769               0.01511               0.07418 
              0.02559              -0.03597               0.21735 
              0.11155               0.04324               0.24917 
             -0.09120               0.00256               0.20667 
             -0.10779               0.03713               0.08577 
              0.15681              -0.01411              -0.11234 
              0.15838               0.11810              -0.08875 
             -0.02166               0.21518               0.02040 
             -0.13932               0.09606               0.07377 
             -0.04033               0.21884               0.05894 
             -0.01638               0.14545               0.01755 
             -0.24164              -0.01184              -0.01861 
             -0.05266               0.05103              -0.15242 
              0.19139               0.05465              -0.08317 
              0.07167               0.05684              -0.03565 
             -0.04788               0.07092               0.04032 
              0.03143              -0.06597               0.03289 
             -0.01866               0.05541               0.01985 
             -0.10944              -0.00580               0.02848 
             -0.10314              -0.26571               0.00697 
              0.16880              -0.07657               0.12274 
              0.20423              -0.00339               0.02811 
             -0.06134              -0.05739               0.12713 
             -0.01500               0.00292              -0.07387 
             -0.02453               0.03815              -0.03338 
             -0.11376               0.14344              -0.19481 
             -0.07637               0.14926              -0.15270 
             -0.03970              -0.03879              -0.05020 
              0.06765               0.00884              -0.07833 
              0.13166               0.05303               0.02691 
              0.03295              -0.08321              -0.07811 
              0.08669              -0.06661              -0.03980 
              0.00461              -0.01613              -0.07844 
             -0.15927               0.05298              -0.04386 
             -0.10324               0.25509              -0.01832 
             -0.03864               0.25596               0.01057 
             -0.00868               0.09767               0.09688 
              0.02665               0.00636               0.03482 
              0.11496              -0.24773               0.01405 
              0.13096              -0.29694               0.02314 
             -0.06776              -0.18404              -0.11235 
             -0.14457              -0.08808              -0.07234 
              0.01621               0.09493              -0.11315 
             -0.01715               0.12503              -0.01848 
             -0.07754               0.08103               0.01554 
              0.09561               0.06374               0.06638 
              0.07954               0.01356              -0.20124 
              0.12612              -0.07735              -0.11974 
              0.09020              -0.18049              -0.17957 
             -0.04777              -0.14838              -0.12629 
             -0.04522               0.03617               0.07892 
             -0.01579               0.04672               0.13833 
             -0.12973               0.12374               0.18469 
              0.03056               0.25129               0.00750 
             -0.01992               0.21094              -0.05859 
             -0.00417               0.03584              -0.11045 
              0.03491              -0.16793              -0.02033 
             -0.13392               0.01893               0.08264 
              0.05621               0.17808               0.00095 
              0.00341              -0.02596               0.11295 
             -0.11843              -0.02379              -0.23170 
              0.08655               0.10450              -0.07864 
              0.06673               0.09468              -0.31693 
              0.04295               0.08308               0.16676 
              0.13496              -0.10062               0.10933 
              0.00229               0.03938               0.09096 
              0.12793               0.24320               0.39805 
             -0.03133               0.00573              -0.19199 
             -0.17229               0.04443               0.16900 
              0.05764               0.13644              -0.05754 
             -0.00510               0.12996               0.00036 
             -0.08759               0.20084               0.47282 
              0.04586               0.11115              -0.03548 
             -0.13067               0.04005               0.27561 
             -0.08738               0.11990              -0.15680 
              0.00372               0.11408              -0.11401 
              0.12699              -0.14989               0.09496 
              0.14955              -0.17385              -0.16862 
              0.03459              -0.18333               0.49523 
              0.02469               0.00963              -0.04486 
             -0.01596              -0.02477               0.02252 
             -0.12523              -0.06125               0.04796 
             -0.00273               0.12593              -0.25268 
              0.06270               0.19452               0.23360 
              0.00507              -0.04006              -0.07574 
              0.11314               0.05724               0.34405 
              0.05217               0.12186               0.15595 
             -0.12217              -0.04009               0.02089 
             -0.16745              -0.09823               0.06397 
             -0.06392              -0.20840              -0.20097 
              0.13595              -0.31410               0.28276 
              0.03946              -0.15095               0.00633 
             -0.10781              -0.02804               0.06971 
              0.01966               0.10852               0.02282 
              0.05019              -0.01059              -0.19516 
             -0.05960               0.03257              -0.07234 
             -0.07450               0.08382              -0.21245 
              0.01743              -0.14825               0.15705 
              0.16850              -0.13967               0.01384 
              0.09774              -0.03644               0.01888 
             -0.03921              -0.01801               0.05420 
              0.03147               0.03365              -0.12826 
              0.08370              -0.03285               0.04917 
             -0.08683               0.01457              -0.02227 
             -0.06279               0.03610               0.03642 
              0.09560              -0.12408               0.04588 
              0.03046              -0.03269              -0.06912 
             -0.11965              -0.00213              -0.16226 
             -0.10267              -0.02187              -0.14258 
              0.02400               0.08618              -0.18869 
             -0.02531               0.08982               0.12617 
             -0.09794               0.00374              -0.07009 
              0.00818              -0.03785               0.07832 
              0.10219              -0.13348               0.04670 
              0.03226              -0.07537              -0.21106 
             -0.10826              -0.04637               0.06060 
             -0.01601              -0.05455              -0.11905 
              0.06671               0.11793               0.02887 
              0.07976               0.11520               0.13042 
              0.02477              -0.04765              -0.10327 
              0.09194              -0.03354              -0.02717 
              0.04403              -0.04421              -0.15763 
             -0.05752              -0.03243              -0.12868 
              0.06445              -0.00391              -0.02826 
             -0.04658              -0.01141              -0.10257 
             -0.12233               0.13148               0.14538 
              0.06664               0.08326              -0.04038 
              0.00403              -0.06655              -0.16831 
              0.00253              -0.05785               0.06819 
             -0.02232              -0.10517              -0.16379 
             -0.17557              -0.13414               0.18522 
             -0.01658              -0.00745              -0.01979 
             -0.07533              -0.02382              -0.04736 
             -0.14350               0.04047               0.19029 
              0.15009               0.01963              -0.21139 
              0.18920              -0.02333               0.07195 
              0.00959              -0.04304              -0.11842 
              0.00319              -0.07807              -0.03929 
              0.02103               0.05950               0.11032 
              0.07847               0.05637              -0.14210 
             -0.04707              -0.08898               0.07889 
             -0.05020              -0.02541               0.01191 
              0.18203               0.00207              -0.04057 
              0.06739              -0.17695               0.29808 
             -0.08565              -0.18020              -0.10153 
             -0.03221              -0.13220               0.08432 
             -0.00208               0.01020               0.05850 
             -0.00724              -0.02163              -0.15771 
             -0.20170              -0.13214               0.29720 
              0.00696              -0.04074              -0.12203 
              0.06845              -0.19443               0.26409 
             -0.14590              -0.24773               0.01440 
              0.01591              -0.08545              -0.11441 
             -0.03567              -0.09708               0.27086 
             -0.04758              -0.05195              -0.26863 
              0.17579               0.15389               0.35911 
              0.03936               0.12494              -0.05470 
              0.00266              -0.05028              -0.05254 
              0.04495              -0.15507               0.29218 
              0.03823              -0.01996              -0.32349 
              0.09314               0.05055               0.41457 
             -0.11105              -0.03298              -0.07329 
              0.07687               0.02665               0.16491 
              0.18021               0.04942               0.28958 
             -0.09322              -0.08790              -0.23963 
             -0.11992              -0.24515               0.18976 
             -0.03026              -0.05884              -0.29648 
             -0.05531               0.04538               0.02132 
             -0.09107              -0.00539               0.00392 
             -0.06801              -0.03483              -0.17817 
              0.00414               0.09917               0.39020 
              0.03010               0.04771              -0.28665 
             -0.01362              -0.09134               0.12714 
             -0.06538              -0.07807              -0.12787 
             -0.03440              -0.01819              -0.12786 
              0.04398              -0.01406               0.14748 
              0.02943              -0.00669              -0.14229 
              0.07038               0.11269               0.21607 
              0.01646               0.09760              -0.12787 
              0.07826               0.03582              -0.05597 
              0.14089               0.01803              -0.13872 
              0.06198              -0.01033              -0.10651 
             -0.03880              -0.10557               0.10269 
             -0.05537              -0.03624              -0.06410 
             -0.10046               0.02575               0.08127 
             -0.01376               0.02772              -0.07728 
             -0.04865               0.04673              -0.15528 
             -0.03112               0.00682              -0.06360 
              0.15036              -0.01741              -0.06488 
             -0.02795              -0.11902               0.02521 
             -0.20189              -0.15995               0.02699 
             -0.07882              -0.04857               0.00178 
              0.03340               0.07621              -0.10743 
              0.07283               0.04957              -0.03621 
             -0.01443               0.08940              -0.23374 
              0.10613               0.10711               0.19659 
              0.20938              -0.02922              -0.12016 
             -0.02082              -0.00547               0.12433 
             -0.13430              -0.07988               0.03033 
              0.03343              -0.08004              -0.26216 
              0.02956               0.01305               0.18650 
             -0.03036               0.08853              -0.27617 
             -0.06495               0.17613               0.20618 
              0.05576               0.00277               0.06658 
              0.10456              -0.07967              -0.14662 
             -0.08142              -0.00273               0.18067 
             -0.10487              -0.03772              -0.28607 
             -0.05318              -0.13710               0.11486 
             -0.13565              -0.03505               0.01307 
             -0.08989               0.09218              -0.10825 
              0.09635               0.08587               0.22575 
              0.08455              -0.02542              -0.25716 
              0.11775              -0.06248               0.08172 
              0.02986              -0.01042              -0.01593 
              0.02301              -0.02344              -0.09242 
              0.01954              -0.07756               0.22883 
             -0.09819               0.18223              -0.00870 
              0.09450               0.30536               0.15807 
              0.23745               0.00724               0.02929 
             -0.00235               0.08725              -0.11017 
             -0.11440               0.14225               0.05002 
             -0.01395              -0.08444              -0.08706 
             -0.03104               0.00387               0.11816 
             -0.18411               0.07668               0.10414 
             -0.15885               0.06524              -0.13194 
              0.10360               0.14935               0.06580 
              0.16122               0.08512              -0.02547 
             -0.14996               0.18953               0.03692 
             -0.10957               0.20960               0.29035 
              0.08102               0.09275               0.13232 
              0.03502               0.24414               0.06580 
