             -0.02432              -0.13162              -0.14253 
             -0.02820              -0.14729              -0.09467 
             -0.05527              -0.12177               0.27645 
             -0.02468              -0.12892               0.12053 
              0.00147              -0.07978               0.09788 
              0.00637               0.08888              -0.06107 
              0.03465               0.15816              -0.28896 
              0.05738               0.18368              -0.10678 
              0.03523               0.10245              -0.09105 
              0.01996               0.09610               0.14195 
             -0.01170               0.04450               0.22401 
             -0.02284              -0.15605               0.07119 
             -0.04338              -0.22594               0.00037 
             -0.05034              -0.12997              -0.23423 
             -0.02315              -0.06759              -0.20873 
              0.00540              -0.04265              -0.05656 
              0.01696               0.01914               0.05098 
              0.04220               0.19658               0.27965 
              0.03956               0.20238               0.12537 
              0.04335               0.08118              -0.04558 
              0.01856               0.02267              -0.15988 
             -0.02360              -0.01513              -0.30199 
             -0.03595              -0.10140              -0.01944 
             -0.03601              -0.19713               0.07114 
             -0.04865              -0.17875               0.19282 
             -0.02175              -0.03683               0.23735 
              0.01034               0.03589              -0.11119 
              0.04123               0.07007              -0.09941 
              0.04205               0.12757              -0.25514 
              0.03649               0.20361              -0.13449 
              0.04195               0.15907               0.13498 
              0.00965              -0.01858               0.10571 
             -0.03965              -0.10733               0.25177 
             -0.03760              -0.10354              -0.02533 
             -0.04336              -0.15729              -0.14862 
             -0.03675              -0.19585              -0.17256 
             -0.01485              -0.07498              -0.23985 
              0.00382               0.08947               0.10892 
              0.04380               0.11192               0.12937 
              0.05047               0.12306               0.21634 
              0.03391               0.16530               0.10107 
              0.02487               0.10820              -0.26165 
             -0.00036               0.00256              -0.15343 
             -0.02273              -0.11372              -0.27158 
             -0.04011              -0.14916              -0.08067 
             -0.04895              -0.11792               0.16114 
             -0.01318              -0.12261               0.03183 
             -0.01203              -0.09008               0.07795 
             -0.00389               0.05356              -0.17536 
              0.03751               0.12309              -0.13220 
              0.00417              -0.02076               0.11797 
             -0.06110              -0.20975               0.22943 
              0.03004              -0.04737               0.47382 
             -0.00162               0.09634               0.16426 
              0.04958               0.10467               0.03204 
              0.07530               0.17401              -0.15046 
              0.01781               0.15515              -0.27504 
             -0.00534               0.04429              -0.12777 
             -0.04089              -0.10422              -0.08648 
             -0.05337              -0.16263               0.01629 
             -0.02231              -0.11904               0.10933 
             -0.06612              -0.12583              -0.01350 
             -0.01886              -0.14670              -0.11343 
              0.05026              -0.00880              -0.14220 
              0.03074               0.14808              -0.25898 
              0.03975               0.17232              -0.03114 
              0.04157               0.04987               0.03600 
              0.01667              -0.09005               0.21598 
             -0.00167              -0.34297               0.35616 
             -0.06102              -0.50097               0.25297 
             -0.00230              -0.38120              -0.01933 
              0.04422              -0.08682              -0.15730 
             -0.01405               0.14368              -0.01163 
             -0.01100               0.18746               0.01163 
             -0.08104               0.18349               0.43724 
             -0.04370              -0.00724               0.19988 
              0.02378              -0.18062               0.10409 
             -0.01798              -0.20556              -0.11764 
              0.02885              -0.13403              -0.38620 
              0.05639              -0.10477              -0.19511 
              0.00640              -0.06088              -0.12989 
              0.01935              -0.07302               0.22498 
             -0.06463              -0.00013               0.25813 
             -0.02708               0.02123               0.17250 
              0.05939              -0.14104               0.10828 
             -0.00577              -0.25425              -0.11834 
              0.02100              -0.36012              -0.05462 
              0.04870              -0.30241               0.00001 
              0.00023              -0.11532               0.06228 
             -0.06302              -0.17594               0.23423 
             -0.04326              -0.10457               0.14035 
             -0.05494               0.04171               0.20062 
              0.01632              -0.06228              -0.18932 
              0.02535              -0.08972              -0.27159 
              0.01313              -0.07085              -0.29279 
              0.09312              -0.02254              -0.16361 
              0.09198               0.13279               0.15974 
              0.00745               0.10646               0.24205 
              0.00416               0.13205               0.30847 
             -0.08039               0.17364               0.00827 
             -0.04402               0.03285              -0.20006 
              0.00010              -0.14277              -0.03754 
             -0.00556              -0.19529              -0.05671 
             -0.01231              -0.16662               0.34085 
             -0.02397               0.00603               0.19868 
              0.01950              -0.01117              -0.03224 
              0.00111               0.04867              -0.13532 
             -0.04571               0.13809              -0.38387 
             -0.03588               0.12426              -0.24365 
              0.02048              -0.02175              -0.05390 
             -0.01768              -0.10521               0.13425 
             -0.00981              -0.10643               0.21414 
              0.02829              -0.12119               0.07102 
              0.03130              -0.12347              -0.23296 
              0.04993              -0.09873              -0.26752 
              0.00065               0.03556              -0.32847 
             -0.00259               0.08116               0.03090 
              0.12258              -0.11003               0.38721 
              0.00624              -0.00720               0.31417 
             -0.02477               0.14021               0.27676 
             -0.01163               0.00690              -0.17350 
             -0.01060               0.06142              -0.19299 
              0.01176               0.21267              -0.17224 
             -0.07569               0.27002              -0.01829 
             -0.11806               0.06279               0.32543 
              0.03354              -0.12929               0.06902 
             -0.03563              -0.00784               0.05069 
             -0.02194              -0.05579              -0.26661 
              0.03378              -0.18391              -0.33636 
              0.05788              -0.20614              -0.25930 
              0.09025              -0.03802              -0.04893 
             -0.01367               0.18547               0.11992 
             -0.09141               0.06667               0.25325 
              0.05727               0.02170               0.10810 
             -0.04189               0.09913               0.00870 
             -0.03384              -0.08828              -0.14376 
              0.08901              -0.28487              -0.06156 
              0.07831              -0.17251               0.12526 
              0.01486               0.12611               0.18589 
              0.00472               0.12959               0.21305 
             -0.03228               0.12089               0.01287 
             -0.08865               0.17692              -0.18022 
             -0.11913               0.12990              -0.24093 
             -0.01865              -0.07185              -0.26552 
              0.09185              -0.25768              -0.01509 
              0.01936              -0.14729               0.03076 
              0.01514              -0.02593               0.13284 
              0.10154              -0.03687               0.07909 
              0.03818               0.03603              -0.15278 
             -0.06218               0.18261              -0.12134 
             -0.08533               0.23664              -0.20903 
             -0.05327               0.19901               0.13652 
              0.03931              -0.03181               0.13483 
             -0.04909              -0.02549               0.30222 
              0.01869              -0.07574               0.17960 
              0.10837              -0.12919              -0.08940 
              0.02622              -0.02992              -0.13254 
             -0.08522               0.02774              -0.19534 
             -0.10264               0.01849               0.00468 
              0.03443              -0.03490               0.00333 
              0.03461              -0.12029               0.19515 
             -0.07298              -0.00749              -0.03905 
              0.01067               0.01170              -0.10257 
              0.10811              -0.07314              -0.22841 
              0.07930              -0.05623              -0.21644 
             -0.04424               0.00679               0.00971 
             -0.03215               0.00619              -0.02774 
              0.07113              -0.07475               0.34722 
             -0.01167              -0.09040               0.01631 
             -0.09196               0.02861              -0.00101 
              0.00592               0.15969              -0.00548 
              0.05084               0.11951              -0.10873 
              0.02633               0.17682               0.21418 
              0.00155               0.08045               0.05972 
             -0.03278              -0.05386               0.20692 
             -0.05792              -0.03758              -0.13537 
             -0.05479              -0.08146              -0.14928 
             -0.01653              -0.08635              -0.20686 
             -0.00965              -0.02027              -0.16170 
              0.03287               0.07611               0.01824 
              0.05925               0.09810              -0.00686 
              0.04410               0.05007               0.13325 
              0.03670              -0.01103              -0.14941 
             -0.01738              -0.03526              -0.00691 
             -0.02589              -0.14207              -0.11562 
              0.02156              -0.23598               0.09860 
             -0.00269              -0.16768               0.19188 
             -0.05775              -0.04924               0.08778 
             -0.01036               0.08334               0.17428 
              0.11441               0.07365              -0.15894 
              0.02358               0.05605               0.04416 
             -0.11122               0.07478              -0.19290 
             -0.03293               0.09120               0.04402 
              0.04580               0.03699              -0.02085 
             -0.03335               0.01369              -0.05058 
             -0.10225              -0.01055               0.01141 
             -0.03008               0.01580              -0.19757 
              0.13898               0.02919               0.06283 
              0.10487              -0.01074              -0.18312 
             -0.00864               0.02431               0.11040 
              0.06492               0.07756               0.03082 
              0.05579               0.06038              -0.01459 
             -0.09020               0.05148               0.13305 
             -0.14119               0.03435              -0.16263 
             -0.15958               0.10081               0.11260 
              0.07248               0.04838              -0.01171 
              0.08096              -0.16584               0.14975 
             -0.04121              -0.15041               0.08494 
              0.07849              -0.09609              -0.05696 
              0.06981              -0.18212              -0.08508 
             -0.03873              -0.15558              -0.20329 
             -0.11060               0.01181              -0.11881 
             -0.14578               0.16565               0.00462 
              0.01863               0.14257               0.07877 
              0.07037               0.03739               0.09021 
             -0.05016               0.06224              -0.02423 
              0.07990               0.06274              -0.16739 
              0.17308              -0.09607              -0.10487 
              0.08902              -0.19461              -0.21847 
              0.04611              -0.14994               0.06112 
             -0.00598              -0.06229               0.15469 
              0.04640              -0.01711               0.07107 
              0.00491               0.10490               0.23689 
             -0.08763               0.16921              -0.07479 
             -0.00485               0.22749              -0.06856 
              0.01525               0.06810              -0.04082 
             -0.03662              -0.07559              -0.16464 
             -0.12061              -0.06207               0.19601 
             -0.10271              -0.13605              -0.00062 
             -0.03075              -0.14886               0.04561 
             -0.03509              -0.01074              -0.03769 
             -0.04020               0.05738              -0.26180 
              0.06812               0.16528              -0.03229 
              0.08007               0.15394              -0.21094 
              0.02252               0.16263               0.12781 
             -0.00195               0.13886              -0.00712 
             -0.03974               0.04595               0.14314 
             -0.07662              -0.08504               0.15289 
              0.02448               0.00300              -0.01696 
              0.20684               0.03509               0.19007 
              0.11275               0.01935              -0.11147 
             -0.01559              -0.02858               0.11833 
              0.00906              -0.02311              -0.05592 
             -0.00424              -0.02469               0.08741 
             -0.18762              -0.11105               0.11789 
             -0.12751               0.03874              -0.07677 
              0.08401               0.19548               0.09369 
              0.12875               0.14011              -0.09094 
              0.00185               0.14197               0.11831 
             -0.13494              -0.02408               0.20169 
             -0.00044              -0.17339               0.19918 
             -0.03971              -0.18401               0.22177 
             -0.06551              -0.13542               0.00939 
              0.07381              -0.04921              -0.04011 
              0.14851               0.02681              -0.01711 
              0.06832               0.07875              -0.03091 
             -0.07368               0.12506               0.18440 
             -0.02059              -0.02045               0.14230 
              0.01669              -0.13087               0.09302 
              0.00843              -0.09642               0.02914 
              0.10042              -0.13354              -0.05505 
              0.07044              -0.24784               0.08612 
             -0.09355              -0.17409              -0.02667 
             -0.00663              -0.07433               0.19536 
             -0.04514              -0.01477               0.05008 
             -0.23910              -0.01110              -0.06175 
             -0.12659               0.00421              -0.04243 
              0.07223               0.05143              -0.21988 
              0.13674               0.09094              -0.03773 
              0.05310              -0.02375               0.09987 
             -0.02463              -0.06888               0.05584 
              0.12505               0.01925               0.24032 
             -0.01462              -0.01316              -0.06059 
             -0.14561              -0.15419               0.00591 
              0.02214              -0.13199              -0.03780 
              0.14028               0.02962              -0.06298 
              0.15914              -0.00008               0.14228 
              0.00753              -0.03119              -0.06155 
             -0.03631               0.03764               0.05571 
              0.05215               0.03723              -0.18132 
             -0.06175               0.01516              -0.16515 
             -0.23165              -0.05038              -0.04589 
             -0.11105              -0.08600              -0.19665 
              0.00649              -0.01249               0.17458 
              0.03956               0.02905              -0.07341 
              0.00892              -0.00223               0.05863 
             -0.01750               0.09074               0.02880 
              0.06081               0.14585              -0.08963 
             -0.04561               0.11287               0.09411 
             -0.14269               0.02606              -0.04155 
              0.06387              -0.12697               0.16667 
              0.11901              -0.10422               0.01993 
              0.11567              -0.02480               0.01750 
              0.12646              -0.03624              -0.04932 
              0.06041               0.00088              -0.14320 
              0.02170               0.03833              -0.10809 
             -0.10267               0.03211              -0.00945 
             -0.17626               0.02777              -0.04273 
             -0.01890              -0.08911               0.01789 
             -0.02127              -0.11420              -0.04328 
             -0.02574              -0.01677              -0.14216 
              0.09394              -0.03043               0.00107 
              0.05322              -0.03400              -0.10805 
             -0.00108               0.01052               0.10031 
             -0.06456               0.08799               0.15223 
             -0.09626               0.04762               0.06633 
             -0.00934               0.00403               0.13092 
             -0.04974               0.02025              -0.07337 
              0.05715               0.04806              -0.01289 
              0.19436               0.10214               0.00728 
              0.02619               0.04187              -0.07543 
             -0.05163              -0.03666               0.07528 
              0.00795               0.04724              -0.13421 
             -0.01391              -0.02320              -0.02568 
             -0.03509              -0.11814              -0.11681 
             -0.07899              -0.02643              -0.12161 
             -0.03438               0.02617               0.06025 
              0.10830              -0.00835              -0.03945 
             -0.00991               0.00674               0.09801 
             -0.05372              -0.06513               0.01031 
              0.09273              -0.04806              -0.03498 
              0.01448              -0.09446               0.10589 
             -0.04444              -0.10090              -0.00594 
             -0.07060               0.06563               0.09875 
              0.02749               0.06191              -0.00767 
              0.06627               0.07839               0.04331 
             -0.09235               0.13649              -0.11819 
              0.03157               0.06231              -0.05775 
              0.14898              -0.08535              -0.11463 
             -0.02193              -0.08306               0.01602 
             -0.04610              -0.05804              -0.04629 
              0.00990               0.00630               0.05932 
             -0.00285               0.03391              -0.07440 
             -0.01600               0.05096              -0.00905 
             -0.12910               0.15047              -0.10510 
             -0.12836               0.18037              -0.03610 
              0.04764              -0.02384               0.12052 
             -0.05923              -0.10967               0.02931 
              0.00913              -0.08399               0.21172 
              0.08527              -0.09317              -0.00482 
             -0.00345              -0.06906               0.02105 
              0.00738              -0.02507              -0.10634 
              0.02349               0.09307              -0.00094 
              0.02578               0.10241              -0.01266 
              0.07195              -0.08300              -0.00223 
             -0.00311              -0.12182               0.01826 
              0.02899              -0.07619              -0.10825 
              0.07629              -0.07375              -0.14190 
             -0.02383              -0.02117              -0.09454 
              0.00678               0.02821              -0.11225 
              0.04862               0.10793               0.09037 
             -0.06229               0.21930               0.03857 
             -0.00609               0.10682               0.07918 
             -0.00884              -0.01749               0.06209 
             -0.01290              -0.02287              -0.07477 
             -0.02574              -0.03060               0.14376 
             -0.09010               0.03596              -0.03027 
             -0.04302               0.04455               0.13069 
             -0.07710               0.00238               0.02855 
             -0.05946               0.00594              -0.14230 
              0.06913              -0.07928              -0.05738 
              0.03604              -0.14517              -0.19593 
              0.04299              -0.11530              -0.05329 
              0.09390              -0.07893              -0.05046 
              0.02918              -0.04207              -0.01489 
              0.00950               0.06033               0.00288 
             -0.02628               0.05610              -0.02464 
             -0.08942               0.05806               0.01898 
              0.06908               0.06626              -0.01997 
              0.07448              -0.06499               0.08378 
              0.00336              -0.04883               0.08756 
              0.10570               0.06980               0.07880 
             -0.05551               0.08722               0.08158 
             -0.09773               0.11161              -0.04185 
             -0.10871               0.10833              -0.03124 
             -0.11092               0.03532              -0.10263 
              0.08573              -0.05396              -0.06525 
              0.06690              -0.13933              -0.06843 
             -0.03256              -0.10048              -0.01104 
              0.13102              -0.02069              -0.03582 
              0.06519              -0.01690              -0.11130 
             -0.05246              -0.00237              -0.00465 
             -0.08602               0.07064              -0.09759 
             -0.18922               0.03464               0.08691 
              0.05063              -0.11404               0.07888 
              0.05024              -0.14755               0.10329 
             -0.01392              -0.06236               0.03690 
              0.17239              -0.01557               0.01471 
              0.03290               0.05144               0.02428 
             -0.06698               0.20963              -0.05003 
             -0.05873               0.14206               0.03515 
             -0.08086              -0.01427              -0.07968 
              0.02802               0.03280              -0.04321 
              0.02175              -0.00784              -0.11292 
             -0.00806              -0.14464              -0.04502 
              0.13966              -0.08917              -0.05118 
              0.07533               0.00912              -0.04009 
             -0.03977               0.10724              -0.03621 
             -0.00885               0.09066              -0.02443 
             -0.09450               0.00828              -0.00800 
             -0.03557               0.07707              -0.02246 
             -0.01062               0.00102               0.09960 
             -0.04669              -0.20621               0.03490 
              0.12443              -0.11385               0.10700 
             -0.04757               0.01071               0.02495 
             -0.06136              -0.03926              -0.03465 
              0.03655               0.01181              -0.09902 
             -0.06913               0.04520              -0.08529 
             -0.00032               0.07655              -0.02132 
              0.01651               0.03947              -0.13135 
             -0.01162              -0.08764               0.07781 
              0.12323              -0.01958              -0.15031 
              0.02565               0.05309              -0.02858 
             -0.05277              -0.07069              -0.01554 
              0.05783              -0.06031              -0.09944 
             -0.04332               0.07044               0.13343 
             -0.01133               0.09377              -0.02545 
              0.04977               0.15647               0.06381 
             -0.05530               0.15335               0.07231 
              0.08067               0.06903              -0.09248 
             -0.05268               0.04603               0.08390 
             -0.12705              -0.03364               0.03583 
              0.06391              -0.05621               0.06259 
             -0.06492               0.04231               0.12745 
             -0.02078               0.06052              -0.10401 
              0.07688               0.16617               0.00054 
             -0.01177               0.14235              -0.07551 
              0.03889               0.00195              -0.10659 
             -0.04661              -0.02164               0.05692 
             -0.10726              -0.03400              -0.00575 
              0.12257               0.01024               0.11772 
              0.00986               0.16691               0.21226 
             -0.01335               0.20912              -0.09014 
              0.02406               0.42032               0.22072 
             -0.03638               0.25770              -0.10668 
              0.08690               0.11406               0.10631 
             -0.00004               0.11466               0.30490 
              0.02825               0.01029              -0.05284 
              0.03734              -0.13447               0.40117 
             -0.04764               0.03057              -0.14577 
              0.00181              -0.01428               0.02196 
             -0.13552              -0.06006               0.03450 
             -0.09490              -0.03816              -0.13299 
              0.09494              -0.07490               0.39835 
              0.01361               0.05369              -0.05229 
             -0.05437               0.01536               0.13313 
             -0.05622               0.05768              -0.06647 
              0.04764               0.16771              -0.18626 
              0.15102               0.09205               0.04988 
             -0.02650               0.09429               0.00325 
              0.08074               0.12423               0.23872 
              0.17385               0.00546               0.04366 
             -0.03412              -0.00235               0.05683 
             -0.04528              -0.13603              -0.08745 
             -0.01821              -0.10582              -0.12856 
              0.01918              -0.03061               0.07752 
             -0.10057              -0.14842               0.10194 
             -0.23486              -0.02993               0.19624 
              0.07494              -0.02774              -0.01247 
              0.03784              -0.05654              -0.08681 
             -0.07680              -0.02292              -0.27310 
              0.00600              -0.09248              -0.08799 
              0.01859              -0.07127              -0.14428 
              0.05967               0.00089               0.03085 
              0.02500              -0.04213               0.17179 
             -0.10118               0.07794              -0.12022 
              0.04838               0.18589               0.02181 
              0.04899               0.08172              -0.26171 
             -0.07104               0.12363               0.00669 
              0.08166               0.00525               0.04454 
              0.14394              -0.00165               0.15212 
              0.02656               0.05725               0.34636 
              0.01353              -0.07905              -0.10408 
             -0.05384               0.04721               0.01367 
             -0.04109               0.05739              -0.29779 
             -0.10346              -0.08374               0.01996 
             -0.10853              -0.16803              -0.05733 
              0.09977              -0.22111               0.07734 
              0.09251              -0.02886               0.02941 
             -0.00301               0.02265              -0.14453 
              0.05617              -0.07000              -0.11688 
              0.00904               0.07668              -0.16211 
             -0.03923               0.24503               0.02590 
             -0.08040               0.01643              -0.06224 
             -0.16271              -0.11072               0.18972 
              0.03033              -0.03014              -0.06940 
              0.02799              -0.07559              -0.00405 
             -0.04539              -0.12657              -0.09529 
              0.08888              -0.10827              -0.09360 
              0.13372               0.10013               0.16304 
             -0.04352               0.19159               0.01449 
             -0.16113               0.09483               0.26830 
             -0.00632               0.07820              -0.13323 
              0.15367               0.10784              -0.09248 
              0.07719              -0.03360              -0.18939 
             -0.01728              -0.14030              -0.20467 
              0.10140              -0.13630               0.19203 
              0.05957               0.01798              -0.14103 
             -0.13668              -0.00457               0.30493 
             -0.11001              -0.05684              -0.21884 
             -0.06315               0.09155              -0.04702 
              0.03716               0.23256              -0.08658 
              0.04433               0.02936              -0.16145 
             -0.03257              -0.20656               0.26722 
              0.02919              -0.08336              -0.02109 
              0.00089              -0.09265               0.15850 
             -0.06339              -0.17367               0.03601 
             -0.02409              -0.01373              -0.19093 
             -0.02237               0.25275               0.06404 
              0.02866               0.17286              -0.15831 
              0.12492              -0.01209               0.02693 
              0.09354              -0.03797               0.09655 
              0.00647              -0.02347              -0.10618 
             -0.01509              -0.07263               0.05220 
             -0.02821              -0.15534              -0.15776 
             -0.03620              -0.11893              -0.18748 
             -0.10339               0.14754               0.03950 
             -0.05708               0.19661              -0.01704 
              0.17539               0.04075               0.10737 
              0.10325               0.10072               0.15303 
             -0.06848              -0.03496              -0.11239 
             -0.02496              -0.17592               0.07300 
             -0.04273              -0.11262              -0.11911 
             -0.10872              -0.15322              -0.04774 
             -0.11626               0.05896               0.25636 
              0.05678               0.14202              -0.13533 
              0.15464              -0.01663               0.28126 
              0.01235               0.08998              -0.17286 
             -0.02040              -0.08052              -0.05269 
              0.02212              -0.27952               0.04135 
             -0.02132              -0.05363              -0.24966 
             -0.13190              -0.16856               0.37494 
              0.01098              -0.01161              -0.11039 
              0.10084               0.13143               0.19750 
              0.00325              -0.03434               0.12297 
             -0.01342               0.02297              -0.26551 
              0.03822              -0.13169               0.27419 
              0.02163              -0.04525              -0.28125 
             -0.06234               0.15848               0.23248 
             -0.06037              -0.01883               0.06087 
              0.05114               0.12887              -0.03706 
              0.04711               0.17121               0.31979 
             -0.05120              -0.07857              -0.25669 
              0.00914              -0.07168               0.19894 
              0.05298              -0.16941               0.01132 
             -0.09871              -0.05285              -0.01835 
              0.01101               0.15853               0.23299 
              0.07213              -0.03502              -0.21248 
             -0.01398               0.07599               0.04467 
             -0.01732               0.01005              -0.16696 
             -0.02894              -0.20930              -0.06620 
              0.03438              -0.13235               0.08183 
              0.04400              -0.12189              -0.06928 
             -0.11559               0.02163               0.20878 
              0.09275               0.19128              -0.06553 
              0.14599               0.01411               0.10036 
             -0.09464               0.08791              -0.05695 
             -0.02093               0.02769              -0.00901 
              0.03643              -0.13620               0.00587 
             -0.05777               0.05473               0.02653 
             -0.02184               0.10747               0.00763 
             -0.03547               0.09439              -0.03991 
              0.06913               0.12504              -0.08438 
              0.10276               0.01573              -0.19417 
             -0.07911               0.02127               0.09158 
             -0.03524              -0.06531              -0.24212 
              0.00807              -0.31555               0.25631 
             -0.09874               0.04714              -0.08570 
             -0.00812               0.08170               0.07235 
              0.04501              -0.04730               0.02110 
              0.03372               0.01075              -0.15124 
              0.11405              -0.07858               0.24275 
             -0.04552              -0.09977              -0.12741 
             -0.07355              -0.24587               0.26914 
             -0.02268              -0.11095              -0.12145 
             -0.04655               0.19485              -0.10871 
              0.03264               0.21596              -0.02108 
              0.05304               0.05292              -0.23954 
              0.08889               0.24357               0.15302 
              0.10909               0.10648              -0.14951 
              0.02422              -0.11676               0.13848 
             -0.08843              -0.14615              -0.00475 
             -0.07753              -0.14080              -0.14528 
             -0.08732               0.10062               0.08562 
             -0.02936               0.12722              -0.11144 
              0.01002               0.07669               0.07917 
              0.08471               0.26273               0.04353 
              0.15162              -0.03027              -0.00519 
             -0.04674              -0.31944               0.06594 
             -0.13045              -0.16208              -0.09436 
             -0.02660              -0.21464              -0.13093 
             -0.02864              -0.13227               0.02510 
             -0.04379               0.06845              -0.15370 
              0.01442               0.10530               0.14464 
              0.10837               0.19360               0.03227 
              0.11223               0.06832              -0.11055 
             -0.04096              -0.04834               0.09480 
             -0.06299              -0.00850              -0.29527 
              0.03792              -0.17860               0.00261 
              0.01511              -0.10097               0.05019 
