             -0.05233              -0.11260              -0.25481 
             -0.00618              -0.13306               0.04621 
             -0.07790              -0.06966               0.12803 
             -0.02710              -0.12577               0.21942 
              0.02089              -0.05839               0.00210 
             -0.01618               0.09662              -0.21913 
              0.06589               0.16349              -0.25825 
              0.05473               0.11183              -0.26800 
              0.02225               0.06717               0.01077 
              0.04818               0.09016               0.13165 
             -0.06637               0.01432               0.19875 
             -0.00958              -0.16745               0.07262 
             -0.03042              -0.16394              -0.21752 
             -0.08788              -0.08587              -0.25347 
             -0.00655              -0.04225              -0.26917 
              0.01254              -0.04722              -0.07289 
              0.02274               0.04338               0.15764 
              0.06270               0.18381               0.17829 
             -0.00212               0.15407               0.09795 
              0.06485               0.02395              -0.19645 
              0.02688              -0.01178              -0.32665 
             -0.06333              -0.01493              -0.29789 
             -0.02879              -0.09511              -0.09299 
             -0.05612              -0.11518               0.31185 
             -0.01049               0.16918               0.37531 
              0.00003               0.35098               0.26856 
             -0.03837               0.30354              -0.13218 
              0.06082               0.31103              -0.34077 
              0.06305               0.29960              -0.40424 
              0.00069              -0.03837              -0.02456 
              0.04535              -0.67489               0.37946 
              0.08338              -0.49696               0.54001 
             -0.05170              -0.23770               0.39681 
             -0.04752              -0.01012              -0.27829 
              0.00850               0.30294              -0.24145 
              0.01277               0.36558              -0.20138 
             -0.04524               0.04745               0.00762 
             -0.01606               0.00815               0.52409 
             -0.03085               0.34802               0.17970 
             -0.06478               0.17860               0.35362 
              0.00223               0.22750              -0.11835 
              0.01186               0.41736              -0.29108 
              0.03495               0.42495              -0.16406 
              0.05435               0.33397              -0.08245 
              0.03843               0.00940               0.15856 
              0.01331              -0.42064               0.30738 
              0.02158              -0.56793               0.39320 
              0.04411              -0.36586              -0.16625 
             -0.00205              -0.16530              -0.23970 
             -0.05814              -0.06230              -0.28717 
             -0.00414              -0.18095               0.12099 
             -0.04283              -0.07946               0.31189 
             -0.07709               0.18204               0.48184 
              0.02329               0.41505               0.32054 
             -0.01292               0.35533               0.06591 
              0.01640               0.23616              -0.33740 
              0.00311               0.25316              -0.40937 
             -0.02590              -0.04479               0.08421 
              0.04607              -0.42854               0.32560 
              0.10800              -0.27709               0.69347 
              0.02645              -0.22963               0.14219 
             -0.04812              -0.09055              -0.05613 
             -0.01959              -0.21669              -0.37308 
              0.01561              -0.35105              -0.33098 
             -0.03380              -0.36021              -0.05768 
             -0.04330              -0.30170               0.19939 
              0.05858              -0.11367               0.20170 
              0.01409               0.16265              -0.10276 
             -0.01535               0.27712              -0.14225 
             -0.00193               0.26782              -0.36953 
             -0.02643               0.13518               0.04642 
             -0.09448              -0.23703               0.07071 
             -0.04568               0.05274               0.26650 
              0.06013               0.05534               0.35522 
              0.02572              -0.02540              -0.09049 
              0.04029               0.24122              -0.20079 
              0.07705               0.30274              -0.37191 
              0.07698               0.14363              -0.17879 
             -0.00907              -0.42467               0.18781 
             -0.06049              -0.41259               0.00153 
              0.00864              -0.17532               0.32870 
              0.01463              -0.11927              -0.25317 
             -0.05284              -0.21993              -0.48652 
             -0.03589              -0.09818              -0.29962 
              0.07714               0.25074              -0.05827 
              0.09980               0.14878               0.33327 
              0.01617              -0.12620               0.08667 
             -0.06979               0.05025               0.21038 
              0.00402              -0.01620              -0.30270 
              0.07272              -0.04558              -0.26414 
             -0.12918               0.04571              -0.13619 
             -0.16908               0.20969              -0.02991 
              0.14520               0.21105               0.50022 
              0.02506               0.09135              -0.12600 
             -0.08149               0.18311               0.03654 
              0.00236               0.00559              -0.46263 
              0.03433              -0.12454              -0.19336 
              0.03936              -0.18054              -0.19341 
             -0.13720              -0.05541               0.08588 
             -0.03413               0.20221               0.45581 
              0.10805              -0.12349              -0.18390 
              0.01181              -0.17413               0.02674 
              0.06423               0.09439              -0.34569 
              0.12722              -0.07255              -0.09354 
              0.02985              -0.49013               0.00284 
              0.02250              -0.30763               0.00624 
             -0.11186               0.10713               0.34361 
             -0.02057               0.15249              -0.17536 
              0.06727               0.11421              -0.11709 
             -0.04964               0.17536              -0.04670 
             -0.00848               0.21036              -0.29220 
             -0.07483              -0.05625               0.48684 
             -0.08874              -0.19997               0.03447 
             -0.03518              -0.08680               0.27423 
             -0.09784              -0.04588               0.10013 
             -0.00425               0.00457              -0.36746 
              0.06061               0.01139               0.17114 
              0.02563              -0.16971              -0.29755 
              0.06446              -0.45682               0.41390 
             -0.07659              -0.29280               0.16071 
              0.03604              -0.39021               0.08425 
              0.15706              -0.41114               0.17897 
              0.03307              -0.12098              -0.29756 
              0.01107               0.01481               0.28982 
              0.06172               0.04971              -0.13716 
             -0.04966               0.08108               0.23692 
             -0.16404               0.18617               0.38892 
             -0.02016               0.05259              -0.21233 
              0.11505               0.18975               0.41527 
             -0.00317               0.03783              -0.27279 
             -0.15026              -0.05786               0.27651 
             -0.13344               0.12576               0.12954 
             -0.10585               0.02458              -0.07376 
              0.15527              -0.35106               0.45417 
              0.09094              -0.19938              -0.32971 
              0.00440              -0.20124               0.09177 
              0.00490              -0.17553              -0.13269 
             -0.06190              -0.22759              -0.02005 
             -0.06476              -0.21228               0.36117 
              0.03081              -0.04265              -0.15315 
              0.04623               0.15227               0.19605 
              0.07327               0.03994              -0.37445 
              0.09085              -0.04430              -0.20296 
              0.01732               0.15092              -0.09950 
             -0.02081               0.21450              -0.15958 
             -0.15367               0.10215               0.39151 
             -0.05622               0.01901              -0.01901 
              0.04547               0.10399               0.08273 
             -0.06084               0.23756              -0.01042 
             -0.00746               0.11617              -0.26408 
              0.12604              -0.07153               0.10174 
             -0.07987              -0.01356              -0.05007 
             -0.10619              -0.10432               0.14647 
             -0.07993              -0.17526              -0.00870 
              0.04359              -0.11920              -0.19686 
              0.10143              -0.20086              -0.15760 
             -0.02896              -0.13033              -0.25377 
              0.04329               0.07121              -0.05370 
              0.22146              -0.00440              -0.09615 
              0.01082              -0.11173               0.17365 
             -0.05410              -0.00387               0.09603 
             -0.01387              -0.00620              -0.13204 
             -0.06103               0.01356              -0.08337 
             -0.00384              -0.07467              -0.19845 
             -0.13022              -0.02244               0.14734 
              0.05713               0.26440               0.13364 
              0.12765               0.20734               0.18454 
             -0.19068               0.25164               0.02982 
              0.01549               0.14657              -0.28527 
              0.02631              -0.02922              -0.25288 
             -0.13505              -0.04318              -0.32144 
             -0.01717              -0.10917               0.20290 
              0.01550              -0.13069              -0.03381 
              0.08178              -0.05259               0.15174 
              0.11147              -0.06960              -0.08217 
             -0.09329               0.01830              -0.26728 
              0.04556               0.12141              -0.09448 
              0.08415              -0.10756              -0.16948 
             -0.20213              -0.20466               0.27745 
              0.17239              -0.11053               0.22338 
              0.03875              -0.13793               0.01177 
             -0.09909               0.09337               0.03112 
              0.01136               0.20970              -0.30520 
             -0.06105               0.32306              -0.01803 
             -0.03147               0.25974              -0.08049 
             -0.11589               0.04527               0.14960 
             -0.03072               0.13439               0.11753 
              0.18630               0.08942               0.14756 
             -0.05098              -0.05751               0.00886 
              0.07479               0.30001              -0.00091 
              0.09051               0.33478              -0.16230 
             -0.09897               0.28305               0.00691 
              0.02769               0.37839               0.08161 
              0.01024               0.13931               0.03751 
             -0.01009              -0.03938               0.42032 
              0.08517               0.01919               0.02230 
             -0.09409               0.06623               0.12945 
              0.02211               0.02599              -0.10005 
             -0.12354              -0.13339              -0.07732 
             -0.13162               0.08226               0.10153 
              0.15287               0.30330              -0.02205 
             -0.01088               0.09488               0.45155 
             -0.06047               0.22356              -0.03632 
             -0.01547               0.36444               0.06588 
              0.02543               0.25627              -0.05605 
              0.06119               0.27548              -0.10111 
              0.03697               0.30989               0.04655 
              0.02344               0.20971               0.02320 
              0.03306               0.35397               0.31779 
              0.00973               0.26132              -0.00797 
              0.02156               0.04599              -0.19068 
             -0.03861              -0.03899              -0.06301 
             -0.06258               0.08900              -0.27357 
             -0.02190               0.19501               0.00285 
             -0.01041              -0.03840               0.08223 
             -0.09839              -0.14670               0.08803 
              0.01928               0.23797               0.15450 
              0.03582               0.10116              -0.09639 
             -0.01404              -0.25404               0.03105 
             -0.04161              -0.02181              -0.07860 
             -0.02571               0.17117              -0.02269 
              0.05475              -0.07743               0.14306 
              0.06767              -0.10786              -0.18106 
              0.02761               0.02318               0.02658 
              0.00305               0.13273              -0.28174 
              0.07359               0.08736              -0.21968 
              0.12406              -0.07961              -0.14578 
             -0.01528               0.08641               0.02351 
             -0.06087               0.20169               0.04535 
              0.02221               0.03123               0.09453 
             -0.01054              -0.00574              -0.02022 
              0.00696              -0.00217              -0.18305 
              0.02610               0.03287               0.02239 
             -0.01249               0.18532              -0.11566 
             -0.00784               0.05255               0.13124 
             -0.07844              -0.11374               0.12968 
             -0.16322              -0.13459              -0.02617 
             -0.08389              -0.20338              -0.05680 
              0.03436              -0.09490              -0.27229 
              0.10368              -0.11022              -0.12744 
              0.04103              -0.06377              -0.09627 
              0.03205               0.15357              -0.06149 
              0.09135               0.09827               0.14780 
              0.03224               0.02581              -0.07860 
             -0.09898               0.10811              -0.06852 
             -0.05298               0.00642              -0.24786 
              0.05677               0.07693               0.00335 
              0.13662               0.12274               0.03137 
             -0.01802               0.13724               0.16409 
             -0.05073               0.20952               0.10002 
              0.04898               0.07881               0.00754 
             -0.07864              -0.10169              -0.06508 
             -0.14307              -0.29278              -0.06663 
             -0.07407              -0.26438              -0.06416 
             -0.01729               0.07589               0.20091 
              0.07130              -0.07061               0.13376 
              0.05734              -0.09964               0.25371 
             -0.04898               0.09167              -0.02700 
             -0.05731               0.02695              -0.12116 
              0.06490              -0.09356              -0.00184 
              0.06309              -0.15462              -0.07242 
              0.00117               0.01942               0.27260 
              0.06161               0.07181               0.10588 
              0.12611              -0.12112               0.09372 
              0.03762              -0.16620               0.02563 
             -0.21046              -0.25687              -0.07232 
             -0.12554              -0.29453               0.07580 
              0.11886              -0.09063               0.01539 
              0.01798              -0.25094               0.23799 
             -0.15005              -0.24466               0.13980 
             -0.06484              -0.02876               0.25707 
              0.08095              -0.14259               0.09560 
             -0.02619              -0.29506              -0.11783 
              0.02194              -0.29512               0.13182 
              0.07996               0.01617              -0.05440 
             -0.03184              -0.07829               0.25596 
              0.11832              -0.13651              -0.01939 
              0.01578              -0.04970               0.06853 
             -0.06138              -0.11115              -0.03141 
              0.08730              -0.17422              -0.05088 
             -0.03742              -0.27338              -0.06841 
             -0.05357              -0.44431               0.01499 
             -0.05277              -0.27482               0.06566 
             -0.15662               0.00383               0.03703 
              0.00617              -0.26306               0.08145 
             -0.03664              -0.13010              -0.08197 
             -0.06828               0.00315              -0.03298 
              0.02191               0.04359              -0.13318 
             -0.02866               0.03667              -0.01248 
              0.07137              -0.07671              -0.06597 
              0.05324               0.15309              -0.08331 
             -0.08105               0.24765              -0.00511 
              0.12947              -0.01816              -0.06919 
              0.13024               0.07795               0.05067 
             -0.06400               0.10589              -0.14825 
              0.04325              -0.16834              -0.06115 
              0.10173              -0.08433              -0.05787 
              0.07364              -0.01137              -0.21101 
             -0.08132              -0.04519               0.14177 
             -0.13481               0.01954              -0.17803 
              0.08463              -0.12372              -0.00192 
              0.02183              -0.02956              -0.05112 
             -0.22245               0.00421              -0.19563 
             -0.07107              -0.27351               0.00090 
              0.07723              -0.14414              -0.14153 
              0.00739               0.06561               0.05585 
             -0.09104              -0.00372               0.09595 
             -0.07590               0.10975              -0.12766 
              0.10157               0.17665               0.09673 
              0.00460               0.09728              -0.15346 
             -0.13937               0.13747              -0.05315 
              0.11875              -0.06777               0.11086 
              0.12479               0.08694              -0.18175 
              0.02727               0.17533               0.15595 
              0.07439              -0.09428              -0.15951 
              0.02925               0.03866              -0.12200 
              0.00042               0.08989              -0.00024 
             -0.01745              -0.03446              -0.33225 
             -0.13677               0.00088               0.22951 
              0.04970              -0.16422              -0.15155 
              0.07934              -0.22527               0.11365 
             -0.05727              -0.02161               0.07071 
              0.03211              -0.17555              -0.23015 
             -0.07686              -0.09703               0.22832 
             -0.13830              -0.00435              -0.24043 
             -0.10044              -0.10515               0.18841 
             -0.05334               0.15438               0.00839 
              0.05056               0.01739              -0.12538 
              0.02117              -0.01102               0.07062 
              0.03116               0.16999              -0.20750 
              0.25304               0.04943               0.12085 
             -0.05256               0.08644               0.05401 
             -0.09299               0.07138               0.05416 
              0.30234              -0.10682               0.24633 
              0.03974               0.03706              -0.05481 
             -0.03002              -0.26404               0.10127 
              0.04091              -0.26250              -0.04170 
              0.02874              -0.10846              -0.03591 
             -0.08786              -0.14166               0.30684 
             -0.23303              -0.05343               0.06719 
              0.01033              -0.24374               0.14449 
              0.00856              -0.04994               0.03065 
             -0.14086               0.12057              -0.09776 
             -0.02477              -0.05010               0.09523 
             -0.08875               0.07516              -0.08004 
              0.02666               0.11685               0.15518 
              0.15742               0.17437               0.15967 
              0.11012               0.17726              -0.03735 
              0.03100              -0.09828               0.12749 
              0.06085               0.05465              -0.10639 
              0.17807               0.07013               0.12518 
             -0.06618              -0.01961               0.07755 
             -0.08024              -0.08340               0.01583 
              0.10626              -0.27534               0.15881 
              0.08837               0.03544              -0.00592 
             -0.07591               0.03521              -0.01167 
             -0.12908              -0.20479               0.04218 
              0.01311              -0.02447              -0.03272 
             -0.01461               0.03699               0.11536 
             -0.17255               0.00123              -0.12059 
             -0.06901              -0.05810              -0.03160 
              0.04307              -0.09936              -0.18238 
              0.07985               0.21896              -0.13193 
              0.02827               0.29064              -0.03535 
             -0.02507              -0.03277              -0.08385 
              0.09182               0.12680               0.13997 
              0.05907               0.12067              -0.13470 
             -0.08867              -0.04068               0.07998 
              0.01040              -0.04448              -0.09242 
              0.05349              -0.06137              -0.13504 
              0.07323               0.11019               0.14954 
              0.06622               0.06301              -0.19455 
             -0.03156              -0.17172               0.20536 
             -0.09121              -0.00740              -0.09598 
             -0.01128              -0.10415              -0.14276 
              0.03380              -0.22532               0.03778 
             -0.09572              -0.07444              -0.25062 
             -0.12534              -0.13410               0.04187 
              0.04423              -0.01098              -0.09488 
              0.08704               0.08541              -0.03431 
             -0.03558              -0.03612               0.15529 
             -0.03816               0.06189              -0.27160 
             -0.00967               0.16880               0.08511 
             -0.00715              -0.02632              -0.19331 
             -0.03493               0.09070              -0.00094 
             -0.00322               0.19678               0.11791 
              0.07264               0.10560              -0.05761 
              0.00133               0.01588               0.04770 
              0.03510              -0.04560              -0.08634 
              0.08893               0.03873              -0.24742 
              0.02756              -0.01022              -0.03256 
             -0.03953              -0.10555              -0.16405 
              0.00436              -0.03110               0.01394 
             -0.01847              -0.02991               0.07885 
             -0.08276              -0.09260              -0.17275 
             -0.00879              -0.13445               0.15626 
              0.08801              -0.06292              -0.27805 
              0.01031              -0.06255               0.12007 
             -0.10425              -0.05197               0.03414 
             -0.02474               0.04691              -0.00274 
              0.02990               0.20739               0.26978 
             -0.11194               0.12143              -0.16075 
             -0.13681               0.21202               0.11180 
              0.09976               0.18061              -0.16215 
              0.11689               0.24856               0.01721 
             -0.06805               0.38029               0.19611 
             -0.01006               0.30003              -0.07299 
              0.09239               0.33309               0.37635 
              0.04408               0.22831              -0.18905 
             -0.03064               0.27121              -0.01165 
             -0.01308               0.12210               0.06553 
              0.07688               0.16624              -0.07600 
              0.06778               0.28743               0.25945 
              0.03352               0.04378               0.08337 
             -0.06130               0.10531               0.10419 
             -0.17993               0.02754               0.13397 
             -0.00108               0.09976              -0.04617 
              0.05422               0.16123              -0.04283 
             -0.15121               0.11564               0.08554 
             -0.02216               0.21973               0.13781 
              0.17011               0.19337               0.01974 
              0.03012               0.27058               0.20888 
             -0.16424               0.36708               0.00914 
             -0.08345               0.37735              -0.00947 
              0.20066               0.26447               0.04110 
              0.08864               0.35875              -0.02867 
              0.00895               0.33456               0.14566 
              0.06988              -0.11536               0.09987 
              0.08330              -0.02480               0.03601 
             -0.07355               0.01267               0.11209 
             -0.18223              -0.00925              -0.06515 
             -0.05857               0.03935              -0.10004 
              0.06068              -0.04733              -0.08294 
              0.07452              -0.03229              -0.08126 
              0.00747              -0.05966               0.08061 
             -0.18126              -0.18854               0.07752 
             -0.05336               0.00494              -0.08167 
             -0.01216               0.07359              -0.08717 
             -0.11165               0.14098              -0.05116 
             -0.04129               0.24551              -0.20109 
              0.07360               0.22317               0.23614 
              0.19831               0.09088              -0.23292 
              0.21206               0.04345               0.26438 
             -0.09933              -0.04796              -0.11468 
             -0.02394               0.06578              -0.13634 
              0.01358              -0.01270               0.07329 
             -0.05865              -0.01663              -0.25185 
             -0.07865               0.14633               0.29655 
              0.00407              -0.02871              -0.22612 
              0.20210              -0.14966               0.14711 
              0.09864              -0.23246              -0.08869 
             -0.08587              -0.19391              -0.26754 
             -0.11139              -0.07109               0.08158 
             -0.02490              -0.15320              -0.21919 
             -0.19619              -0.16660               0.10581 
             -0.05008               0.18291               0.00647 
             -0.01389               0.15100              -0.04987 
              0.03617               0.02076               0.12856 
              0.15096               0.01343              -0.18419 
              0.02544               0.16767               0.08660 
             -0.07859               0.07136              -0.15390 
             -0.02216              -0.06736               0.13765 
              0.04824               0.11595               0.08945 
              0.18018               0.18570              -0.19180 
              0.04632              -0.05046              -0.03996 
             -0.06273              -0.15124              -0.15241 
              0.17167              -0.09784              -0.09485 
              0.05833              -0.16584               0.03568 
             -0.16033              -0.24143               0.01759 
             -0.11679              -0.22191              -0.02784 
             -0.07121              -0.08297               0.02230 
              0.12788              -0.12904               0.08912 
             -0.05095              -0.27278              -0.01239 
             -0.00432              -0.31495               0.23108 
              0.11995              -0.24136              -0.01076 
             -0.21721              -0.15424               0.02719 
             -0.09756               0.08263               0.01880 
              0.11878               0.10192               0.08773 
              0.09518              -0.03187               0.18552 
              0.19806              -0.14390               0.10107 
              0.07668              -0.14245               0.19678 
             -0.04155              -0.30477              -0.06504 
             -0.12947              -0.29996              -0.02358 
             -0.12203              -0.19632               0.14347 
              0.10361              -0.39143               0.04717 
             -0.01723              -0.43787               0.11586 
              0.06568              -0.29136               0.01615 
              0.10149              -0.17983              -0.01931 
             -0.14319              -0.10423              -0.00193 
             -0.25090              -0.28438               0.08275 
             -0.15304              -0.36292               0.10358 
              0.11355              -0.08837               0.05036 
              0.11864              -0.19064               0.01006 
              0.02579              -0.22293              -0.05273 
              0.14490              -0.02666              -0.04590 
              0.07034              -0.07511               0.21279 
             -0.06910              -0.05167               0.00415 
             -0.08318              -0.17687               0.22803 
              0.01118              -0.13105               0.10352 
              0.18562               0.00339              -0.01729 
              0.12050              -0.02203               0.12699 
             -0.08964               0.09739              -0.16430 
             -0.11450              -0.04651               0.02486 
             -0.08735              -0.11601              -0.06248 
             -0.09560               0.08890              -0.07924 
             -0.04853               0.01793              -0.10568 
             -0.00865              -0.08347              -0.09738 
              0.09082              -0.03268              -0.26298 
              0.17149               0.04045               0.05626 
              0.01477               0.12006              -0.06606 
             -0.08312              -0.10627               0.06005 
             -0.11169              -0.19377               0.13332 
             -0.03423               0.09968              -0.17039 
             -0.00833              -0.07981               0.15733 
              0.01193              -0.10372              -0.04603 
              0.15291               0.12744               0.01202 
              0.08290               0.10347               0.14821 
              0.02711               0.02510              -0.25616 
              0.00600              -0.07598               0.15318 
             -0.12664              -0.00955              -0.34132 
             -0.13627               0.11934              -0.08427 
             -0.00614              -0.05601              -0.00313 
             -0.01054              -0.06871              -0.21861 
              0.03267               0.20105               0.16707 
              0.07161               0.03085              -0.29435 
              0.13148               0.00730               0.04212 
              0.10435               0.08306              -0.13594 
             -0.10863              -0.00995               0.09058 
             -0.17042              -0.04344               0.23094 
             -0.00281              -0.05506              -0.10559 
             -0.00339              -0.01164               0.20528 
             -0.05810              -0.01291              -0.18587 
              0.08690              -0.15038              -0.07601 
              0.15200              -0.00386              -0.07053 
             -0.01205               0.05546              -0.16581 
             -0.11726              -0.13128               0.10338 
             -0.11718              -0.00617              -0.16337 
             -0.06177               0.02870              -0.12300 
             -0.01861               0.04056              -0.10806 
             -0.05402               0.05384              -0.15631 
              0.08964              -0.11525               0.11875 
              0.12014               0.05187              -0.02111 
              0.06776               0.07089               0.25413 
              0.05388              -0.14019               0.02373 
             -0.01532               0.11695              -0.06579 
              0.00589               0.19526               0.00977 
              0.07499              -0.02122              -0.12277 
             -0.06394              -0.18149               0.22664 
             -0.09392              -0.03837              -0.10047 
              0.01120               0.04748               0.33353 
              0.08709              -0.18021              -0.03956 
             -0.01489              -0.04015               0.13274 
             -0.19701               0.15313               0.07723 
             -0.09701              -0.12184              -0.12466 
             -0.02343              -0.08676               0.14354 
              0.06787               0.11669              -0.07486 
              0.02971              -0.03815               0.14648 
             -0.04052               0.14798               0.12245 
              0.09993               0.24430               0.02956 
              0.14194               0.10297               0.19221 
              0.09675              -0.14890              -0.04112 
              0.02542               0.08244               0.12437 
              0.06128               0.18694               0.02393 
              0.04984              -0.20474               0.08960 
             -0.15656               0.07414               0.12030 
             -0.05605               0.18964              -0.08113 
              0.06252               0.00833               0.30704 
             -0.11225               0.02381              -0.17096 
             -0.08283              -0.00492               0.31155 
             -0.03193               0.06139              -0.00397 
             -0.11141              -0.01508              -0.08049 
             -0.07846              -0.01518               0.01137 
              0.04347               0.12314              -0.25092 
              0.28415              -0.10574               0.01864 
              0.08242              -0.10871              -0.21585 
             -0.11133               0.18959               0.08186 
              0.08322               0.06358               0.03482 
              0.05005               0.00415              -0.01109 
             -0.07608               0.13675               0.22661 
              0.02900               0.07851              -0.14524 
              0.12228               0.01428               0.03318 
              0.01103              -0.15956              -0.01344 
             -0.06129              -0.05792              -0.17067 
             -0.01574               0.27634               0.05883 
              0.00691               0.00094              -0.21129 
             -0.21512              -0.24767               0.03304 
             -0.20378               0.00710              -0.22455 
              0.03543               0.06856              -0.02619 
              0.13653              -0.10060              -0.12273 
              0.00140              -0.25685              -0.06314 
             -0.08558              -0.07337              -0.00890 
              0.01661               0.27109              -0.05472 
              0.11845              -0.03670               0.15879 
             -0.06945              -0.21026              -0.01877 
             -0.01461               0.14343               0.01727 
              0.19928               0.17704              -0.07017 
              0.12275              -0.02135              -0.05972 
              0.01838              -0.11376              -0.06051 
             -0.02270               0.08149              -0.01405 
              0.01473               0.27592              -0.15884 
