             -0.06054              -0.09244              -0.20423 
             -0.08496              -0.10024              -0.04146 
             -0.01385              -0.13407               0.14877 
             -0.06501              -0.10448               0.23845 
             -0.06463              -0.01744               0.04626 
              0.06715               0.04342              -0.09896 
              0.07675               0.12172              -0.28295 
              0.04918               0.14301              -0.18862 
              0.02851               0.09687              -0.05170 
              0.04362               0.07727               0.08636 
              0.04965              -0.01765               0.27043 
             -0.08984              -0.10120               0.05508 
             -0.10876              -0.13157              -0.04919 
             -0.02192              -0.14543              -0.23278 
             -0.01551              -0.07229              -0.25822 
             -0.03876               0.00257              -0.04305 
              0.00603               0.04044               0.02640 
              0.10833               0.15627               0.30954 
              0.09402               0.12236               0.10572 
             -0.00169               0.09328              -0.07988 
              0.00746               0.04647              -0.18280 
              0.02624              -0.05679              -0.32018 
             -0.05661              -0.12135              -0.03266 
             -0.10861              -0.12600               0.00641 
             -0.05969              -0.15131               0.24011 
              0.01350              -0.04518               0.14588 
              0.02118               0.01155              -0.12539 
              0.00040               0.09058              -0.16527 
              0.04913               0.11908              -0.35386 
              0.12291               0.11097              -0.15187 
              0.05184               0.12032               0.02164 
             -0.02944               0.21177               0.30234 
             -0.02442               0.23406               0.32215 
             -0.00981               0.21490               0.06677 
              0.08955               0.20079              -0.01907 
              0.08313               0.09463              -0.17865 
              0.09047              -0.27067               0.00673 
              0.05358              -0.60502               0.21354 
             -0.13598              -0.53843               0.24927 
             -0.18628              -0.35674               0.06455 
             -0.13061              -0.12832              -0.28188 
             -0.08415               0.05099              -0.38247 
             -0.00471               0.27100              -0.13786 
              0.06148               0.36557              -0.03881 
              0.15396               0.24534               0.30921 
              0.15142               0.01611               0.15332 
             -0.00174               0.01350              -0.01042 
             -0.03876               0.08134               0.03664 
             -0.08002               0.24674              -0.01425 
             -0.06417               0.42270               0.26751 
              0.11388               0.40678               0.24350 
              0.12624               0.02719               0.07660 
             -0.03446              -0.55314               0.22236 
             -0.07523              -0.51804              -0.14474 
             -0.12038              -0.34733              -0.00638 
             -0.10067               0.09515               0.04221 
              0.03180               0.09641               0.00354 
              0.21548              -0.15672               0.36582 
              0.12471              -0.03122               0.13969 
              0.00495               0.02545              -0.06269 
              0.00536              -0.25556              -0.11361 
             -0.02104              -0.23708              -0.48643 
             -0.21256              -0.18680               0.01622 
             -0.13299               0.19473              -0.10533 
              0.11248               0.40680               0.53081 
              0.10116               0.16922               0.51383 
             -0.00877               0.19225              -0.12580 
              0.02115              -0.08071               0.14043 
             -0.00016              -0.27221              -0.39970 
             -0.10184              -0.39050               0.11880 
              0.09463              -0.19538               0.23360 
              0.14716              -0.21567               0.09905 
             -0.00370              -0.13216               0.45946 
             -0.00045              -0.01357              -0.25889 
             -0.00306              -0.04454              -0.13859 
             -0.02871               0.01804              -0.40443 
             -0.11792               0.02952              -0.17254 
             -0.15021               0.01737              -0.15314 
             -0.00589               0.00351               0.20140 
              0.05738              -0.05818               0.27363 
             -0.03540               0.02156              -0.11631 
              0.08290               0.03458              -0.07370 
              0.11204              -0.00745              -0.48820 
              0.11270              -0.01381              -0.07484 
             -0.02614              -0.14775              -0.19200 
             -0.08172              -0.24997               0.20939 
             -0.05942              -0.20919               0.51923 
             -0.07710              -0.21165               0.00287 
             -0.13080              -0.06863               0.04586 
              0.06393               0.14356              -0.26990 
              0.19257               0.22834              -0.10274 
              0.09378               0.23045               0.10936 
             -0.13507               0.23561               0.13134 
             -0.07675               0.30639               0.18438 
              0.06557               0.12039              -0.13985 
             -0.06139              -0.13407              -0.24421 
             -0.14181              -0.19360              -0.31130 
             -0.03630              -0.15368              -0.15679 
              0.16484              -0.15605              -0.04848 
              0.11501              -0.15951               0.12686 
             -0.08640              -0.01474               0.16294 
              0.00365               0.13714              -0.10371 
              0.13564               0.24232              -0.18947 
              0.02685               0.19554              -0.30188 
             -0.17620               0.13259              -0.07562 
              0.01479               0.10033              -0.07408 
              0.36084              -0.08373               0.34292 
              0.10493              -0.30106               0.30643 
             -0.04331              -0.17581               0.08702 
             -0.05975              -0.05795               0.04354 
             -0.16231              -0.00746              -0.25266 
             -0.26353              -0.02617              -0.07564 
             -0.10352              -0.00232              -0.02025 
              0.07276              -0.02510               0.04564 
              0.03723              -0.12875               0.15446 
              0.01041              -0.04068              -0.23376 
              0.16050               0.00141              -0.01763 
              0.15185               0.00098              -0.34864 
              0.10692               0.04182              -0.12598 
             -0.10082               0.05827              -0.01237 
             -0.14039               0.12513              -0.02201 
             -0.11288               0.14226               0.15808 
             -0.22203              -0.02051              -0.06486 
             -0.26625              -0.00950              -0.03737 
             -0.12671               0.02966               0.08440 
             -0.02305              -0.04532               0.04985 
              0.04937               0.12175               0.28123 
              0.18510              -0.12086               0.25227 
              0.24993              -0.22250               0.00713 
              0.16225              -0.09803               0.04103 
              0.01214              -0.08641              -0.36041 
              0.14406              -0.09511              -0.02728 
              0.13616              -0.03847              -0.14015 
             -0.03456              -0.01248               0.13933 
              0.00612               0.18677               0.29346 
              0.09812              -0.04494              -0.07513 
              0.17350              -0.20077               0.04890 
              0.04054              -0.06969              -0.16278 
             -0.04128              -0.22389              -0.07428 
             -0.06630              -0.20605               0.10483 
             -0.35919               0.14563               0.14588 
             -0.32504               0.28831               0.28333 
             -0.08813               0.19680              -0.08785 
             -0.12003               0.02198               0.08325 
             -0.06676              -0.10146              -0.04038 
              0.00892               0.00033               0.12314 
             -0.05648               0.11338               0.25529 
              0.03803               0.07836               0.15381 
              0.08646              -0.07677               0.18421 
              0.20868              -0.04599              -0.15132 
              0.33324               0.00111              -0.17317 
              0.10728              -0.14348              -0.21118 
             -0.02023              -0.20025              -0.18176 
              0.09364              -0.02404               0.00649 
             -0.05383               0.10437               0.16250 
             -0.08753               0.03170               0.09591 
             -0.01804              -0.01856               0.13624 
              0.02285               0.06371              -0.08358 
              0.22627               0.01069              -0.15714 
              0.06493              -0.18087               0.07958 
             -0.21554              -0.02944              -0.03083 
             -0.22125               0.12542               0.21586 
             -0.28685               0.10603               0.13185 
             -0.13089               0.14652              -0.17180 
             -0.04992               0.10026              -0.18319 
              0.03067              -0.00076              -0.34127 
              0.29564               0.00994               0.09361 
              0.15152              -0.09830              -0.02144 
             -0.12571              -0.12185               0.24690 
             -0.00988              -0.05351               0.08748 
             -0.06332              -0.02940              -0.22896 
             -0.08016               0.11839              -0.07539 
              0.03332               0.03986              -0.19122 
              0.24692              -0.09996               0.11870 
              0.42658              -0.03115               0.12206 
              0.08780              -0.09689               0.04192 
             -0.12427              -0.04895              -0.00826 
             -0.02660              -0.00088              -0.20150 
             -0.22259               0.00244              -0.10477 
             -0.32953               0.20920              -0.05231 
             -0.16594               0.14248               0.01950 
              0.04516              -0.10194               0.09503 
              0.12034               0.06598               0.00467 
              0.02620              -0.01768              -0.08243 
             -0.00837              -0.10884               0.01130 
              0.01517              -0.03418              -0.18060 
             -0.10768               0.04384               0.07119 
             -0.21729               0.20688              -0.03492 
             -0.12687               0.03269              -0.11383 
              0.06917              -0.14141               0.11213 
              0.16997               0.05705              -0.14700 
              0.26960              -0.08781               0.05727 
              0.26159              -0.17210              -0.05891 
              0.14361              -0.01016              -0.15019 
             -0.01331              -0.06217               0.14212 
             -0.02276               0.04994              -0.18410 
             -0.16403               0.12377               0.15367 
             -0.07828               0.00692               0.06942 
              0.06269               0.07693              -0.17185 
              0.03210              -0.09478               0.11002 
              0.03149              -0.11113              -0.26747 
             -0.01388               0.05283               0.02017 
             -0.10377               0.03640               0.00834 
             -0.15472               0.09153               0.00599 
             -0.30854               0.13283               0.17560 
             -0.16103               0.03781              -0.25076 
              0.02319               0.15724              -0.04420 
             -0.00132               0.07805              -0.09226 
              0.10161              -0.02262               0.01860 
              0.27571               0.14735               0.16272 
              0.12838              -0.00646               0.08549 
              0.03194              -0.00854               0.02714 
              0.01210               0.07555              -0.04377 
              0.03408               0.02499              -0.15674 
              0.16650               0.02430               0.12850 
              0.10411               0.01346               0.02946 
              0.09302               0.14554               0.15355 
              0.13463               0.17098               0.15697 
             -0.14217               0.06910              -0.05669 
             -0.29381               0.23462               0.16316 
             -0.15089               0.27060              -0.17118 
             -0.14693               0.20227              -0.02031 
             -0.09956               0.04205              -0.01185 
             -0.01698               0.00992              -0.07859 
              0.11729               0.21930               0.30449 
              0.11646               0.20653               0.01566 
             -0.09273               0.21389               0.26657 
             -0.07508               0.25572              -0.03632 
              0.15565               0.29916              -0.07406 
              0.16418               0.15118               0.15737 
              0.09533              -0.12424              -0.08500 
              0.27333              -0.19069               0.38263 
              0.09905               0.04638               0.02430 
             -0.20111              -0.12486               0.11814 
             -0.19714               0.00185              -0.06604 
             -0.03439               0.28775              -0.13268 
              0.02134               0.21708               0.03847 
             -0.06993               0.01445              -0.12860 
             -0.04615               0.08663               0.18763 
              0.08895               0.05761               0.05342 
             -0.09527              -0.00414              -0.01224 
             -0.15345              -0.03567               0.00220 
             -0.06846               0.02801              -0.16540 
             -0.07707               0.21007              -0.03633 
              0.03583               0.12500               0.06237 
              0.13119               0.03290               0.02161 
              0.26849               0.06320               0.30031 
              0.16871              -0.16313              -0.14005 
              0.07356              -0.20436               0.02337 
              0.02624              -0.06480              -0.13401 
             -0.12049              -0.03386              -0.11412 
             -0.16550               0.04699               0.08964 
              0.05164               0.00353              -0.08919 
              0.06300               0.03692               0.24297 
             -0.03169               0.05699              -0.23281 
              0.02126              -0.04865              -0.12677 
              0.09013              -0.10128              -0.23329 
              0.02415              -0.05878              -0.02797 
             -0.31054              -0.05560               0.14372 
             -0.30265               0.01934               0.11225 
              0.00274               0.07314               0.15285 
             -0.02475               0.00758              -0.12611 
             -0.03778               0.09082              -0.01273 
              0.11050               0.01325              -0.11229 
              0.14016              -0.05971               0.08527 
              0.08992               0.05221               0.03193 
              0.01515              -0.01263               0.04799 
             -0.02340               0.02462              -0.07888 
              0.07628               0.05718              -0.21747 
              0.03340              -0.03858              -0.03462 
              0.01806               0.01227              -0.21356 
              0.18848              -0.06579               0.10502 
              0.11657              -0.15538              -0.01920 
              0.02871               0.00210               0.00029 
             -0.02611              -0.12403               0.02004 
             -0.11955              -0.12814              -0.11667 
             -0.17252              -0.08693               0.15208 
             -0.07519              -0.14348              -0.15938 
             -0.11030              -0.02712               0.28595 
             -0.01367              -0.00494              -0.05692 
             -0.14115              -0.03896              -0.02454 
             -0.08847               0.15564               0.01700 
              0.05680               0.10077              -0.23657 
             -0.06064               0.04746               0.16583 
             -0.06886              -0.05750              -0.15582 
              0.12561              -0.16729               0.29851 
              0.24699              -0.04734               0.04198 
              0.10293              -0.15859              -0.03037 
             -0.05632              -0.24329               0.09985 
              0.12317              -0.13406              -0.15824 
              0.20070              -0.30614               0.12129 
             -0.08669              -0.14551              -0.05367 
             -0.10804              -0.04756               0.14339 
              0.04770              -0.25783               0.07626 
              0.07741              -0.07207              -0.01352 
             -0.12481              -0.10330               0.15366 
             -0.18249              -0.26240              -0.09758 
              0.03421              -0.23212               0.06662 
             -0.04908              -0.08087              -0.01845 
             -0.30430               0.01250               0.02012 
             -0.04103               0.01721               0.09539 
              0.13719               0.00706               0.07657 
              0.08598               0.09792               0.11793 
              0.04244              -0.17407               0.04933 
              0.07848              -0.25144               0.12115 
              0.13979               0.00079              -0.02315 
              0.01475              -0.03596               0.17712 
              0.06924              -0.07812              -0.06390 
              0.08973               0.01909               0.01724 
             -0.03510               0.05029               0.02013 
              0.05487              -0.03601              -0.11649 
              0.03108              -0.18840               0.02839 
             -0.09669              -0.11130              -0.08765 
             -0.11168               0.00741               0.07342 
             -0.09416              -0.17798              -0.01093 
              0.05281              -0.22525               0.03879 
             -0.02356               0.06628              -0.00276 
             -0.21517               0.06854              -0.01975 
              0.05768              -0.03851              -0.03262 
              0.08529               0.02094               0.03773 
             -0.18962               0.09833              -0.02143 
             -0.05944               0.09428               0.00296 
              0.08818               0.02682               0.03569 
              0.18556               0.00683              -0.13622 
              0.14983               0.09545               0.00493 
             -0.10720               0.08330              -0.11923 
              0.06543               0.05851              -0.03588 
              0.18732               0.04687               0.01341 
             -0.12953               0.00522              -0.05840 
             -0.06446              -0.03247               0.03613 
              0.07051              -0.08549              -0.08142 
              0.09026              -0.15671              -0.01307 
              0.10949              -0.12412              -0.06852 
             -0.11871              -0.08258               0.02815 
             -0.06659              -0.05157               0.02442 
              0.06050              -0.06509               0.04999 
             -0.19454              -0.03894              -0.02961 
             -0.15103               0.03097              -0.05634 
             -0.00484               0.05408              -0.03288 
             -0.04885               0.06632              -0.13087 
              0.08419               0.06664               0.00079 
              0.00286               0.06443              -0.11079 
             -0.04461               0.05055               0.08742 
              0.13185               0.03662              -0.10611 
             -0.01344               0.04841              -0.08140 
             -0.03319               0.04205              -0.05024 
              0.08269               0.05561              -0.08564 
             -0.01379               0.03534               0.10983 
              0.12661              -0.03192              -0.08169 
              0.17587              -0.03386               0.13095 
             -0.04555              -0.10452              -0.10793 
              0.04426              -0.09808               0.00879 
             -0.04498              -0.03573              -0.03809 
             -0.09328              -0.07043              -0.06265 
             -0.00692              -0.05167               0.05676 
             -0.15484               0.00212              -0.03671 
             -0.02796              -0.05393               0.03072 
              0.09701               0.02548              -0.06764 
             -0.06928               0.04535              -0.01635 
             -0.03239               0.02209              -0.00879 
             -0.05166               0.03397              -0.07318 
             -0.16014              -0.02637               0.10831 
              0.00906               0.08517              -0.01142 
             -0.06937               0.17453               0.07238 
              0.11186               0.03765              -0.01112 
              0.25751               0.04897              -0.02728 
              0.03995               0.13627               0.04725 
              0.03966               0.03277              -0.02772 
              0.05114              -0.10060               0.10620 
              0.08953              -0.18095               0.03949 
              0.05328               0.03271               0.11207 
             -0.11933               0.09662               0.08726 
              0.12840              -0.01443              -0.07968 
              0.10740               0.01731               0.11725 
             -0.27123              -0.03310              -0.02527 
             -0.22326              -0.03748               0.04891 
              0.02060               0.03240               0.04833 
              0.00751               0.01576              -0.03924 
             -0.15831               0.18091               0.08001 
             -0.03784               0.26301               0.00664 
              0.18458               0.17821              -0.00187 
             -0.05399               0.14196               0.10147 
             -0.11014               0.09722              -0.05390 
              0.14843               0.11070               0.14327 
              0.10288               0.02252              -0.07261 
              0.06948              -0.04081               0.16150 
              0.05923               0.05989              -0.06136 
              0.07408               0.04281               0.01449 
              0.01399              -0.09876              -0.01409 
             -0.13594              -0.02960              -0.08409 
              0.00237              -0.06217               0.04867 
              0.08622              -0.11670              -0.06212 
             -0.15092               0.01135               0.06009 
              0.03659               0.03749              -0.05769 
              0.09065               0.04366               0.00586 
             -0.14342               0.06801               0.03194 
             -0.11540               0.12926              -0.13596 
             -0.09577               0.16503               0.08240 
              0.07267              -0.00801              -0.15135 
              0.06468              -0.06843              -0.01628 
             -0.06341               0.12265              -0.03771 
              0.18214               0.07032              -0.08285 
              0.07956              -0.11189               0.00166 
             -0.21232              -0.02882              -0.06965 
             -0.04196               0.12585               0.01491 
              0.10015               0.08311              -0.10976 
              0.06622              -0.06392               0.04055 
              0.06649              -0.12430              -0.03667 
              0.01122               0.01741               0.07959 
              0.09256              -0.00236              -0.11088 
              0.04833              -0.15024              -0.05810 
             -0.23216              -0.07616              -0.08505 
             -0.09380               0.09649              -0.06342 
              0.07467               0.09627               0.02242 
             -0.02678              -0.00437              -0.00526 
              0.02742               0.01077              -0.00465 
             -0.00541               0.02657              -0.05317 
             -0.00683               0.01350              -0.14190 
             -0.00089              -0.00564              -0.02202 
             -0.17552               0.03721              -0.07294 
              0.00896               0.11147               0.02987 
              0.13873               0.08582              -0.02414 
             -0.01555               0.06870               0.01815 
              0.07078              -0.02442              -0.10532 
              0.04121              -0.04489              -0.11609 
             -0.01061              -0.02108              -0.03114 
              0.03150              -0.02553              -0.02856 
             -0.08361              -0.04027               0.09428 
              0.08490              -0.02334               0.02315 
              0.10479              -0.02302              -0.07310 
             -0.06454               0.02432              -0.07670 
              0.06293              -0.02492              -0.13364 
             -0.01953              -0.09478               0.00657 
             -0.20226               0.05666               0.03134 
             -0.00753               0.13340               0.13187 
              0.03224               0.11380               0.00565 
              0.03401               0.08854              -0.06000 
             -0.01519               0.10800              -0.05748 
             -0.07136               0.15624              -0.07707 
              0.12044               0.05925               0.04735 
             -0.03786              -0.04589               0.01006 
             -0.14747               0.12431               0.08824 
              0.12788               0.05692              -0.04951 
              0.06681              -0.05505              -0.00492 
              0.00577              -0.03560              -0.00740 
              0.00012              -0.01167              -0.05700 
             -0.03445              -0.09490               0.18881 
             -0.06315              -0.13860               0.13934 
             -0.20128               0.06286               0.19084 
              0.12067               0.13080               0.09342 
              0.13594              -0.03744              -0.13151 
             -0.04340               0.05246               0.15197 
              0.07743               0.08357              -0.18490 
             -0.01530              -0.02097               0.16607 
             -0.13959              -0.00292               0.13256 
              0.04367               0.03018               0.07210 
              0.01259              -0.03784               0.17850 
              0.02469              -0.11532               0.05529 
             -0.10190              -0.10096              -0.02411 
             -0.06227              -0.16331               0.10429 
              0.05871              -0.19559              -0.09557 
             -0.15913              -0.12081               0.15467 
              0.04927               0.04392              -0.02461 
              0.17436              -0.05357               0.03224 
              0.03225              -0.14228               0.11566 
              0.02356              -0.09744               0.06275 
             -0.09429              -0.16183              -0.03548 
              0.01214              -0.12062               0.10124 
             -0.05858              -0.02172              -0.08355 
             -0.05975               0.06499               0.08488 
              0.14571               0.15118              -0.04158 
             -0.08719               0.02067              -0.02185 
             -0.01545              -0.04310               0.03732 
              0.06081              -0.01662              -0.16560 
             -0.17516              -0.14870               0.10935 
             -0.04420              -0.13994              -0.11125 
              0.01637              -0.05785               0.03326 
              0.07223               0.01333               0.10449 
              0.13629              -0.00694              -0.09403 
             -0.06368              -0.08445               0.03711 
              0.02534              -0.11028              -0.08348 
              0.08781              -0.05450              -0.02242 
             -0.12897              -0.06841              -0.04550 
             -0.00271              -0.04638              -0.07881 
              0.04015               0.07984              -0.09509 
             -0.00208               0.05616               0.00460 
              0.09215               0.04837              -0.09476 
             -0.02221               0.13910               0.03207 
              0.02335               0.06890               0.00883 
              0.08012              -0.05611              -0.11798 
             -0.17210              -0.00856               0.18684 
             -0.05550               0.06537              -0.16420 
              0.06126               0.05245               0.04341 
             -0.04460              -0.02062              -0.00312 
              0.05312              -0.00367              -0.12722 
             -0.05239               0.08453               0.14413 
             -0.07641              -0.07352              -0.10795 
              0.08015              -0.22710               0.00677 
             -0.11051              -0.12045              -0.00268 
             -0.01895               0.01446              -0.22248 
              0.16531              -0.03914               0.18298 
             -0.02960              -0.04788              -0.26806 
              0.04361               0.11503               0.20008 
             -0.01528               0.06740              -0.06051 
             -0.07160              -0.02743              -0.05249 
              0.08159              -0.07399               0.00131 
             -0.02006              -0.04088              -0.18257 
              0.07037               0.05711               0.06750 
              0.16217               0.03073              -0.03385 
             -0.10897               0.06743               0.09626 
              0.00446               0.17680               0.01966 
              0.01864               0.05317               0.05205 
             -0.15385              -0.05551              -0.19775 
             -0.03997               0.04709              -0.00717 
              0.01245              -0.03406              -0.00324 
              0.06703              -0.09887              -0.09738 
              0.07514              -0.03761               0.24292 
             -0.14364              -0.04624              -0.25704 
             -0.03599              -0.09831               0.19856 
              0.03089              -0.06398              -0.26144 
             -0.20611              -0.09132               0.12229 
              0.02339              -0.07970               0.12589 
              0.10639              -0.13563              -0.08595 
              0.18382              -0.09294               0.39131 
              0.03853               0.02177              -0.18834 
             -0.12682              -0.09899               0.07965 
              0.07027              -0.06514               0.01762 
             -0.05049               0.07731              -0.12427 
             -0.10810               0.13751               0.29013 
              0.18943               0.00391              -0.07093 
              0.06545              -0.00396               0.11968 
             -0.01794              -0.01341               0.01190 
             -0.07941              -0.02765              -0.12624 
             -0.15165               0.07353               0.20529 
             -0.03570              -0.01867              -0.11727 
             -0.04136              -0.15503               0.15407 
              0.07658              -0.01807               0.10776 
              0.09044               0.00151              -0.09551 
             -0.06275              -0.19563               0.17767 
             -0.05384              -0.16119              -0.17441 
             -0.13272              -0.01796               0.27722 
             -0.04905               0.00734               0.01323 
              0.10543              -0.07757               0.00017 
              0.15551               0.01384               0.17089 
              0.07128               0.09242              -0.18790 
             -0.00083               0.03987               0.08321 
             -0.01498              -0.03019              -0.12746 
             -0.02606               0.01201               0.03749 
             -0.15991               0.06255               0.00710 
             -0.02374               0.06501               0.05324 
              0.12865               0.07314               0.02763 
              0.04838               0.06203              -0.10562 
              0.08805               0.05236              -0.02053 
              0.03327              -0.02812              -0.16256 
             -0.09473              -0.12343               0.11023 
             -0.11500              -0.08432              -0.02284 
             -0.18233              -0.07750               0.09297 
              0.01842              -0.03843               0.06960 
              0.10949              -0.01235              -0.20794 
              0.02688               0.01033               0.06327 
              0.06359               0.02752              -0.15779 
              0.04971               0.01715               0.11860 
             -0.05949              -0.03759              -0.04774 
             -0.09965               0.00879              -0.00054 
             -0.16126               0.02409              -0.00623 
              0.03401              -0.00580              -0.18292 
              0.16549               0.04678              -0.03310 
              0.01707               0.09171              -0.05620 
              0.10860               0.12262               0.00071 
              0.16218               0.05036               0.08098 
             -0.03878              -0.07296              -0.04129 
             -0.14162              -0.01687              -0.02206 
             -0.18738              -0.01850              -0.05678 
              0.00622              -0.06443              -0.02455 
              0.06689              -0.01610              -0.06070 
             -0.00753               0.00030               0.00609 
              0.21260               0.00591               0.04083 
              0.14409              -0.06062              -0.05681 
             -0.11388              -0.08953              -0.01334 
             -0.09045               0.00538              -0.19418 
             -0.20235              -0.02014               0.07390 
             -0.09882              -0.08232              -0.10209 
             -0.05781               0.07079               0.04695 
             -0.02857               0.18833               0.09610 
              0.22889               0.03574              -0.13646 
              0.23394              -0.02404               0.09985 
             -0.06225               0.03296              -0.20035 
             -0.02615               0.07404               0.06074 
             -0.08102              -0.02175              -0.03977 
             -0.07466              -0.10210               0.08010 
             -0.02851               0.08157              -0.04405 
             -0.03818               0.10365              -0.08114 
              0.27951              -0.08904              -0.03428 
              0.19869              -0.06917              -0.20997 
             -0.09233              -0.00333               0.13356 
             -0.02585               0.00174              -0.07580 
             -0.05153              -0.04397               0.15089 
             -0.15670               0.02944               0.07301 
             -0.12554               0.10973              -0.19796 
             -0.00856               0.10444               0.13136 
