              0.01216              -0.07404              -0.16614 
              0.03160              -0.11474               0.05149 
             -0.02390              -0.21410               0.21050 
              0.01947              -0.10785               0.17214 
              0.03702               0.01216               0.07699 
             -0.03313               0.02744              -0.17956 
             -0.01845               0.13081              -0.17845 
             -0.00095               0.16409              -0.16192 
             -0.00943               0.14375              -0.02177 
             -0.00031               0.09652               0.23418 
             -0.02503              -0.07412               0.11641 
              0.02784              -0.10283               0.13387 
              0.04168              -0.12076              -0.11408 
             -0.01535              -0.17417              -0.20681 
             -0.00092              -0.11515              -0.13392 
              0.02184               0.00089              -0.08563 
             -0.01371               0.08146               0.22888 
             -0.01179               0.13267               0.14682 
             -0.05191               0.13331               0.14850 
              0.00180               0.13411              -0.07553 
              0.03157               0.07274              -0.24821 
             -0.02168              -0.08136              -0.13104 
              0.00389              -0.12645              -0.11265 
              0.05380              -0.12536               0.21753 
              0.01081              -0.15100               0.18466 
              0.00050              -0.06815               0.10412 
             -0.04027               0.00809              -0.02278 
             -0.00470               0.09201              -0.23877 
              0.01411               0.18787              -0.17134 
             -0.05011               0.13279              -0.07062 
             -0.01561               0.09589               0.11854 
              0.04355               0.05964               0.20628 
              0.00812              -0.10328               0.13368 
              0.00834              -0.15636              -0.01039 
              0.00146              -0.16007              -0.17978 
              0.02508              -0.11975              -0.21402 
              0.02147              -0.04236              -0.12161 
             -0.05604              -0.00540               0.07756 
             -0.01180               0.10457               0.17326 
              0.01333               0.20109               0.17951 
             -0.03166               0.12808              -0.00946 
             -0.01409               0.06252              -0.17317 
             -0.00144              -0.00021              -0.22792 
              0.02040              -0.07221              -0.20364 
              0.02914              -0.13442               0.07149 
             -0.02924              -0.17013               0.08437 
              0.01660              -0.13009               0.18992 
              0.01888               0.01529              -0.03131 
             -0.02812               0.04360              -0.18059 
              0.03626               0.06933              -0.11595 
              0.12539               0.06997              -0.13519 
              0.21761              -0.03271               0.15146 
              0.16527              -0.10934               0.10305 
             -0.02803              -0.10959               0.21630 
             -0.13806              -0.01072               0.01106 
             -0.22227               0.07109              -0.02187 
             -0.25808               0.07697               0.04189 
             -0.07477               0.05374              -0.05822 
              0.00712               0.04223               0.15536 
             -0.05209               0.05756              -0.06382 
             -0.08430               0.13728               0.08141 
             -0.04013               0.14123              -0.00947 
              0.03382               0.08278              -0.06995 
              0.03191               0.01841               0.03085 
              0.00961              -0.05165              -0.17690 
              0.12072              -0.12948               0.00712 
              0.13878              -0.13112              -0.13522 
              0.04162              -0.13262              -0.06860 
             -0.04586              -0.06834              -0.01067 
             -0.03960              -0.06098               0.04953 
             -0.01702              -0.17536               0.25359 
             -0.00992              -0.20439               0.06987 
              0.02851              -0.19057               0.14676 
              0.12620              -0.11646              -0.01975 
              0.16253              -0.04859              -0.15501 
              0.04909               0.07629               0.05099 
             -0.11804               0.18781              -0.01711 
             -0.12749               0.13966               0.12692 
             -0.13785              -0.03788               0.09909 
             -0.21995              -0.12548               0.00346 
             -0.17283              -0.15410               0.05634 
             -0.02085              -0.10879              -0.00537 
              0.07317              -0.10507               0.00373 
              0.05192              -0.16316               0.12377 
              0.06572              -0.02453               0.06762 
              0.16868              -0.06960               0.13713 
              0.06520              -0.31728               0.05897 
             -0.01845              -0.31872              -0.05699 
              0.04382              -0.23730               0.06091 
              0.09269              -0.13654              -0.00389 
              0.12737              -0.13609               0.15492 
              0.10431              -0.15924               0.08945 
              0.04693               0.02669               0.08206 
             -0.05479               0.17080              -0.02098 
             -0.14572               0.05137              -0.11212 
             -0.18126              -0.00147              -0.09182 
             -0.15503               0.11980              -0.08915 
             -0.13149               0.15016              -0.08428 
             -0.08106              -0.00120               0.11354 
              0.04781              -0.13968              -0.00418 
              0.08498              -0.03429               0.21146 
              0.01401               0.02416               0.04962 
             -0.03448              -0.14908               0.02161 
             -0.03987              -0.16095               0.03882 
              0.04261              -0.10427              -0.01126 
              0.14294              -0.18186               0.06062 
              0.17820              -0.20396               0.04777 
              0.16970              -0.11848              -0.05169 
              0.11427               0.05421              -0.06568 
             -0.02200               0.16981              -0.18591 
             -0.10928               0.14803              -0.11294 
             -0.10506               0.13721              -0.04778 
             -0.11783               0.18162               0.00656 
             -0.11326               0.06602               0.04480 
             -0.03331              -0.08585               0.02981 
              0.01456              -0.08947              -0.01716 
              0.06484              -0.05984              -0.02706 
             -0.00110               0.05618               0.01430 
             -0.08423               0.17364               0.04092 
             -0.04622               0.19055               0.08235 
             -0.02702               0.10514               0.00652 
              0.02039              -0.06035               0.01318 
              0.08457              -0.15741              -0.02754 
              0.03763              -0.22695              -0.00015 
              0.01944              -0.32182              -0.00869 
              0.05518              -0.20326              -0.06636 
              0.06020              -0.01077              -0.02369 
              0.02416               0.08417              -0.10884 
             -0.00702               0.18155               0.01799 
              0.05676               0.18053              -0.07169 
              0.09328               0.14477               0.00386 
             -0.04831               0.03100              -0.05078 
             -0.06831              -0.15590              -0.03075 
              0.01978              -0.17402               0.10208 
             -0.03763              -0.01661              -0.04086 
             -0.12544               0.05204               0.20382 
             -0.04440               0.17794               0.00702 
              0.01163               0.21112               0.01136 
              0.01542               0.14342               0.03533 
             -0.03774               0.01766              -0.15965 
             -0.06933              -0.12994               0.09470 
             -0.00446              -0.12161              -0.09826 
             -0.06546              -0.17338               0.07268 
             -0.05988              -0.19309               0.01009 
              0.05920              -0.05999              -0.10891 
              0.13711               0.02260               0.07052 
              0.13432               0.01920              -0.17461 
              0.13390               0.09638               0.07187 
              0.04655               0.08195              -0.06595 
             -0.04414               0.08530              -0.08090 
             -0.13871               0.11550               0.08867 
             -0.09464               0.02024              -0.11792 
             -0.06004              -0.00232               0.17444 
              0.02227              -0.03901               0.03568 
              0.12504              -0.02800               0.05195 
              0.00179               0.06857               0.08853 
             -0.09326               0.03546              -0.10265 
             -0.08189               0.06988              -0.01657 
             -0.10329               0.10312               0.01489 
             -0.06067              -0.09343               0.07275 
             -0.01434              -0.17659               0.08189 
              0.09726              -0.16834               0.01018 
              0.19825              -0.14397              -0.14369 
              0.08515              -0.08563              -0.13093 
             -0.00230              -0.06881              -0.15751 
              0.07742               0.04913              -0.02313 
             -0.00819               0.25710               0.19045 
             -0.10040               0.10671               0.07859 
             -0.09339               0.09812               0.16926 
              0.04617               0.05179              -0.17621 
              0.12033              -0.09229              -0.12152 
             -0.04384              -0.16037              -0.04791 
             -0.08202              -0.15895              -0.06567 
              0.06205               0.01658               0.30282 
             -0.09962               0.17143               0.07228 
             -0.15031               0.12491               0.05732 
             -0.04723               0.14099              -0.06199 
              0.02293               0.09923              -0.20202 
              0.08112              -0.03116               0.00637 
             -0.03339              -0.18571              -0.10695 
             -0.00612              -0.33647               0.18087 
              0.12357              -0.11530               0.03995 
              0.02266               0.00191              -0.06566 
              0.01067              -0.01601              -0.09312 
              0.04726               0.15861              -0.13963 
              0.03338               0.32723               0.08595 
              0.10694               0.13533               0.05735 
             -0.04813              -0.03661               0.17676 
             -0.03931              -0.13917               0.04830 
              0.04332              -0.11368              -0.08107 
             -0.01879              -0.10171              -0.00468 
              0.03226              -0.02239              -0.13104 
             -0.01775               0.20187               0.05475 
             -0.06219               0.18242               0.01952 
             -0.01511               0.07983               0.02035 
             -0.12113               0.04140               0.05546 
             -0.09019              -0.07461              -0.10585 
             -0.04056              -0.19243              -0.07853 
             -0.01738              -0.25273              -0.06664 
              0.11949              -0.17442              -0.03960 
              0.07247              -0.01933              -0.00814 
              0.01786               0.00069               0.11906 
              0.08265               0.10519              -0.01879 
             -0.05303               0.17913               0.10799 
             -0.06627               0.06020              -0.04310 
             -0.01174              -0.07306               0.02370 
              0.02610              -0.07154               0.00531 
              0.14927               0.05376              -0.04507 
              0.12241               0.10910               0.18573 
             -0.00184               0.06397              -0.05163 
             -0.01762               0.15096               0.04012 
             -0.13446               0.11183              -0.11048 
             -0.15988              -0.01618              -0.17737 
             -0.10461              -0.05102               0.00995 
             -0.05871              -0.06047              -0.12906 
              0.09299              -0.11007               0.15759 
              0.14942              -0.09550               0.01629 
              0.07231              -0.12599               0.09080 
              0.01511              -0.05306              -0.02493 
             -0.03766              -0.02121              -0.12026 
             -0.05690              -0.04849               0.02698 
             -0.06876               0.06396              -0.02257 
             -0.12002               0.07069               0.14747 
              0.12285               0.00635               0.12422 
              0.19192               0.02315               0.00653 
              0.00002              -0.03144              -0.05551 
              0.03012              -0.01051              -0.13646 
              0.05572               0.04855              -0.03088 
             -0.02298               0.10635              -0.03251 
             -0.10786               0.20720               0.08127 
             -0.17714               0.07940              -0.07070 
             -0.00149               0.04715              -0.04438 
              0.09057               0.04509              -0.16657 
             -0.06985              -0.10520              -0.07642 
              0.02085              -0.20153               0.14075 
              0.11092              -0.08518               0.07565 
             -0.03674              -0.07958               0.22721 
             -0.02873              -0.01160               0.03085 
             -0.05772              -0.01042              -0.06334 
              0.03571              -0.02083               0.02475 
              0.07913              -0.03706              -0.10485 
             -0.04703              -0.14534               0.16724 
              0.08857              -0.03447              -0.06421 
              0.06215               0.06920               0.00937 
             -0.04533               0.01992              -0.07099 
              0.02501               0.09015              -0.20686 
             -0.04833               0.17708               0.06170 
             -0.01657               0.09683              -0.17895 
              0.05300               0.14090               0.19100 
             -0.11402               0.01454              -0.11496 
             -0.02254              -0.04861               0.04908 
             -0.02877               0.01201               0.04323 
             -0.09545              -0.01807              -0.09057 
              0.04308               0.03675               0.21661 
             -0.01575               0.04330              -0.10570 
              0.03509              -0.09730               0.25389 
              0.00040              -0.17767              -0.06472 
             -0.02969              -0.23403               0.00875 
              0.13792              -0.14252              -0.01725 
              0.03233              -0.03612              -0.17235 
             -0.01700               0.00708               0.05018 
              0.09449               0.10568              -0.11010 
              0.02934               0.19592               0.04857 
              0.00793               0.10576              -0.09041 
             -0.01607               0.03336               0.03209 
             -0.11975              -0.04359              -0.13134 
              0.00336              -0.03591              -0.00992 
             -0.00920              -0.00633               0.04414 
             -0.08998               0.00885               0.00457 
              0.13921               0.12364               0.15986 
              0.08400               0.15540              -0.04623 
              0.00752               0.09183               0.10786 
             -0.04590              -0.07384              -0.09018 
             -0.16728              -0.13752               0.03739 
             -0.03547              -0.09900               0.00981 
             -0.04100              -0.14984              -0.03721 
             -0.09427              -0.14644               0.06050 
              0.15606              -0.00135              -0.13097 
              0.20791               0.05190              -0.00260 
              0.04150               0.03029              -0.10914 
              0.02942               0.00842              -0.05289 
             -0.02712               0.04873               0.04669 
             -0.07317               0.03421              -0.05225 
             -0.11234              -0.06751               0.13374 
             -0.13389              -0.06075              -0.03161 
              0.08699               0.04664               0.02803 
              0.16512               0.12227              -0.00343 
              0.02207               0.07791              -0.03639 
              0.05768               0.11659               0.08916 
             -0.00607               0.15709              -0.02440 
             -0.13785               0.03226               0.01839 
             -0.12918              -0.09467              -0.00854 
             -0.06098              -0.10177              -0.06399 
              0.07845              -0.12219              -0.01437 
              0.04627              -0.11463              -0.00612 
              0.02117              -0.10515              -0.00964 
              0.12589              -0.03675              -0.01266 
              0.04599               0.09086              -0.05051 
             -0.03778               0.07770              -0.10051 
             -0.04562               0.07142              -0.02839 
             -0.02365               0.01682               0.00165 
              0.03644              -0.09400               0.08640 
             -0.04912              -0.10073               0.10035 
             -0.02014              -0.08483               0.02304 
              0.10127               0.06985               0.07086 
              0.02858               0.15056              -0.08680 
             -0.02716               0.19748              -0.00090 
             -0.05809               0.18854              -0.04577 
             -0.05403               0.01399               0.03634 
              0.03445              -0.12480               0.02690 
             -0.04177              -0.13501              -0.04436 
             -0.07991              -0.20356              -0.02034 
              0.04333              -0.08897              -0.10352 
              0.10921              -0.01610              -0.04976 
              0.07185               0.05385              -0.01571 
             -0.03197               0.21305               0.05820 
             -0.01673               0.08647               0.01340 
              0.08849               0.00575               0.08625 
             -0.08533              -0.10885              -0.02033 
             -0.15005              -0.21642              -0.09899 
              0.01191              -0.09086               0.07537 
              0.05624              -0.01514              -0.03796 
              0.00408               0.05855               0.11318 
             -0.00438               0.21387               0.01067 
              0.09502               0.16617              -0.00163 
              0.10944               0.09999              -0.04921 
             -0.10276              -0.05052              -0.05520 
             -0.15822              -0.18258              -0.06923 
             -0.00478              -0.10958               0.01878 
             -0.02048              -0.09804              -0.01041 
             -0.03328              -0.03356               0.00700 
              0.06155               0.10085               0.03652 
              0.13900               0.09244              -0.07448 
              0.15083               0.15251               0.01176 
             -0.06413               0.05467              -0.00985 
             -0.16694              -0.11938               0.02571 
              0.00782              -0.07564               0.09546 
             -0.04550              -0.08515              -0.01184 
             -0.10049              -0.10405               0.05725 
              0.10707              -0.01124              -0.05844 
              0.13580               0.06433              -0.07501 
              0.04381               0.16287               0.08345 
             -0.04380               0.09676              -0.14341 
             -0.08442              -0.02918               0.14266 
             -0.00731              -0.02372              -0.07821 
             -0.08920              -0.01973              -0.04528 
             -0.14213              -0.14472               0.00666 
              0.06330              -0.11421              -0.18438 
              0.13303               0.01325               0.09269 
              0.03645               0.04802              -0.05430 
              0.04006               0.04171               0.06423 
              0.01637               0.04999               0.13973 
              0.01175               0.06463              -0.06661 
             -0.08074               0.03577               0.11256 
             -0.06951              -0.06455              -0.15923 
              0.04378              -0.07550              -0.03590 
              0.02423              -0.03520               0.02796 
             -0.05437              -0.00224               0.02516 
              0.05715               0.08667               0.08963 
              0.06552               0.09005              -0.06168 
             -0.03817               0.07081              -0.06007 
             -0.09757               0.05808              -0.09064 
             -0.04253              -0.04233              -0.08269 
              0.03241              -0.12360               0.06330 
             -0.09623              -0.09463               0.14102 
             -0.00533              -0.02414               0.16220 
              0.12850               0.06914               0.03610 
              0.03421               0.03296              -0.00080 
              0.00277               0.03496              -0.04530 
              0.00536               0.02239               0.05748 
             -0.00030              -0.04265               0.07936 
             -0.02264              -0.01509               0.07094 
              0.05006               0.04438               0.12196 
              0.12527               0.13093              -0.01336 
             -0.01204               0.21468              -0.00176 
             -0.09710               0.15373              -0.03193 
             -0.02025               0.07400               0.01805 
             -0.05761               0.08486               0.18396 
             -0.09145              -0.00096               0.08352 
              0.01915              -0.10378               0.08805 
              0.08406              -0.02115              -0.01951 
             -0.00726               0.05410              -0.07372 
             -0.10006               0.07239              -0.05437 
             -0.01608               0.01482               0.00255 
              0.00949              -0.05760               0.20768 
             -0.09414              -0.00966               0.11875 
              0.03003               0.06540               0.05487 
              0.16299               0.02314              -0.05740 
              0.11861              -0.03425              -0.11062 
              0.02573               0.04925               0.02832 
             -0.00379               0.08562              -0.06719 
              0.05498               0.07893               0.19714 
             -0.10752               0.01345              -0.08135 
             -0.17307               0.03435               0.03276 
              0.05750               0.08145              -0.17530 
              0.09243               0.03093              -0.17051 
              0.04749              -0.08742               0.00094 
              0.03826              -0.02308              -0.00654 
              0.01357               0.07738               0.22543 
              0.03058               0.04108               0.03756 
             -0.14717               0.02375               0.01062 
             -0.18117              -0.00985              -0.13103 
              0.00514              -0.02392              -0.13514 
              0.03050              -0.13867               0.04937 
             -0.01828              -0.18484               0.06891 
              0.09414              -0.05716               0.14588 
              0.09180               0.04408              -0.03686 
              0.03175               0.07732              -0.12943 
             -0.07076               0.09530              -0.18561 
             -0.10230               0.07207              -0.11976 
              0.01842               0.00532               0.00769 
             -0.02683              -0.08965               0.14371 
             -0.01607              -0.06685               0.10741 
              0.13111               0.00987               0.02802 
              0.06432               0.01511              -0.10585 
              0.02794               0.07314              -0.16918 
              0.01638               0.17178              -0.04976 
             -0.04953               0.15640               0.07141 
              0.00143              -0.00377               0.14468 
             -0.03085              -0.10524               0.08968 
             -0.08315              -0.08026              -0.00794 
              0.01003              -0.12283              -0.12456 
              0.01523              -0.13748              -0.14784 
              0.00691               0.04362              -0.07316 
              0.00443               0.11287               0.11000 
             -0.04900              -0.00223               0.04137 
              0.02127              -0.02690               0.09974 
             -0.00494              -0.05603              -0.08875 
             -0.06825              -0.06353              -0.14393 
             -0.01417              -0.14213              -0.06641 
              0.02058              -0.11317              -0.13885 
              0.04828               0.06582               0.20385 
              0.06900               0.13697               0.08749 
              0.00783               0.12912               0.06626 
              0.03330               0.06753               0.00288 
              0.00876               0.01426              -0.21506 
             -0.07474               0.01753               0.01597 
             -0.00409              -0.01428              -0.04771 
              0.02572              -0.03802               0.16460 
              0.02201              -0.00150               0.09565 
              0.05150               0.01602              -0.00490 
             -0.01819               0.04440              -0.11330 
             -0.02197              -0.01146              -0.19566 
             -0.04351              -0.06745              -0.04704 
             -0.15810              -0.03241               0.03555 
             -0.04234              -0.02945               0.10472 
              0.02455              -0.09754               0.05042 
             -0.00739              -0.08008              -0.03111 
              0.12309               0.01983              -0.12921 
              0.10242               0.03309              -0.05627 
             -0.00083              -0.05541               0.03785 
             -0.05393              -0.07960               0.09508 
             -0.07690               0.09218               0.23335 
              0.05090               0.13500              -0.01343 
              0.00957               0.03240              -0.05836 
             -0.02332               0.03919              -0.15373 
              0.11908               0.07711              -0.11611 
              0.13452              -0.00496               0.02799 
             -0.05116              -0.03373               0.04702 
             -0.12437              -0.00645               0.12554 
             -0.07820               0.02375              -0.08404 
             -0.05502               0.07476              -0.05867 
             -0.07084              -0.00135              -0.14381 
             -0.07591              -0.01339              -0.04710 
              0.08689              -0.01200               0.17681 
              0.07953              -0.12689               0.10336 
             -0.08199              -0.11555               0.17843 
             -0.02549              -0.05316              -0.08554 
              0.01603              -0.02149              -0.09989 
             -0.00783               0.04038              -0.05963 
             -0.00819               0.01923              -0.05753 
              0.08019               0.04142               0.18205 
              0.17474               0.03495               0.01219 
              0.08217              -0.05068               0.01866 
             -0.04022               0.01039              -0.08086 
             -0.00129               0.03172              -0.21645 
             -0.00625               0.01412              -0.03719 
             -0.08650               0.08311               0.05586 
             -0.04649               0.12777               0.10178 
              0.04291               0.07643               0.19089 
              0.05694              -0.03032              -0.10734 
             -0.00518              -0.07627               0.00542 
             -0.07656              -0.02566              -0.15925 
             -0.07735              -0.07020              -0.01213 
             -0.10963              -0.12451               0.19994 
             -0.08422               0.00620               0.01359 
              0.07569               0.06990               0.08018 
              0.10066               0.00047              -0.10285 
              0.07217              -0.04563              -0.26324 
              0.08618              -0.05594               0.03803 
              0.00002              -0.01387              -0.14404 
             -0.03575              -0.07366               0.18736 
             -0.07846              -0.04021               0.06568 
             -0.07398               0.05421              -0.04001 
              0.03900               0.10389               0.03453 
              0.06453               0.06550              -0.23497 
              0.13893               0.03403               0.04072 
              0.14412               0.00765               0.00924 
              0.00734               0.01671               0.09998 
             -0.12138               0.03141               0.18416 
             -0.10927               0.02253              -0.13013 
             -0.12922              -0.03409               0.03888 
             -0.05695              -0.01204              -0.20123 
              0.00311               0.03335              -0.09723 
              0.07066              -0.07032               0.15293 
              0.07756              -0.10547               0.02559 
             -0.03702              -0.04858               0.20306 
             -0.02707              -0.01615              -0.05943 
              0.01751              -0.06401              -0.11492 
             -0.08898              -0.17382              -0.00322 
             -0.09462              -0.16295              -0.09443 
              0.05509              -0.08228               0.19413 
              0.06315              -0.08447               0.07350 
              0.05202              -0.05059               0.13824 
              0.06617               0.11117               0.03366 
              0.07047               0.08568              -0.08067 
             -0.01769              -0.02627               0.09679 
             -0.08685              -0.11961               0.04554 
              0.03936              -0.09137               0.17117 
              0.02079               0.04723               0.14396 
             -0.01630              -0.02687               0.05496 
              0.05231              -0.02196               0.08241 
              0.02837               0.00568              -0.05907 
             -0.05948              -0.12067              -0.03534 
             -0.14741              -0.18953               0.09922 
             -0.05718              -0.19637               0.00390 
              0.02858              -0.12761               0.03899 
             -0.01577              -0.02283               0.04571 
              0.06263              -0.00350              -0.05631 
              0.12108              -0.04183               0.13726 
             -0.06188              -0.05127              -0.02448 
             -0.08560              -0.02783               0.10529 
             -0.02397               0.00995               0.06617 
              0.01957              -0.00890              -0.05681 
              0.06270               0.12498               0.13902 
              0.05446               0.20215              -0.18224 
              0.14864               0.12966               0.05243 
              0.04833              -0.00819              -0.05375 
             -0.11310              -0.01347              -0.10464 
             -0.07455               0.02474               0.18015 
             -0.03854              -0.04231              -0.12570 
             -0.09724              -0.17500               0.13278 
             -0.01468               0.01968              -0.09317 
              0.05270               0.11524              -0.08701 
              0.09060              -0.07921               0.08143 
              0.00967              -0.12025              -0.07319 
             -0.09107              -0.08506               0.17877 
             -0.04369              -0.03513               0.01233 
             -0.04323              -0.07330              -0.10531 
             -0.06712              -0.14746              -0.01180 
              0.05349               0.04256              -0.14945 
              0.08889               0.15077               0.07465 
              0.03035              -0.02757               0.02729 
              0.06203               0.07541               0.08510 
              0.03235               0.15986               0.01820 
             -0.00993               0.06119              -0.13125 
             -0.03377               0.02496              -0.03419 
             -0.01822              -0.00225              -0.06246 
              0.04711               0.06536               0.08724 
             -0.01243               0.02675               0.07711 
             -0.02753              -0.07050               0.05508 
              0.04982               0.04796              -0.08407 
             -0.00129               0.02823              -0.07010 
             -0.06136              -0.10514              -0.06873 
             -0.03867              -0.09835              -0.01775 
             -0.01744              -0.13220               0.13025 
              0.00155              -0.05895              -0.02280 
             -0.03236              -0.08189               0.12224 
             -0.01428              -0.06186              -0.18153 
              0.05729               0.09693              -0.02207 
              0.02174               0.09136              -0.07456 
             -0.02321               0.00967               0.02616 
              0.05784               0.05639               0.20625 
              0.02419               0.01465              -0.04774 
             -0.01460               0.03784               0.16564 
              0.00356               0.00200              -0.22317 
             -0.00414               0.00271               0.01056 
              0.03079               0.19516              -0.04119 
              0.00070               0.16609              -0.06654 
             -0.01728              -0.02961               0.24611 
              0.02798              -0.00786              -0.13244 
             -0.03630              -0.06100               0.10084 
             -0.06979              -0.11997              -0.16555 
             -0.03848              -0.18462              -0.01600 
             -0.00300              -0.14801              -0.01604 
             -0.02481               0.06517               0.05388 
             -0.00459               0.04933               0.14595 
              0.06098              -0.10060              -0.00963 
              0.06830               0.02942               0.02727 
             -0.00810               0.01310              -0.19781 
             -0.04400              -0.09036               0.03188 
              0.01280              -0.04877              -0.10520 
              0.01662               0.02622               0.15156 
              0.00180               0.22323               0.06899 
              0.03078               0.09691              -0.05095 
              0.07823               0.01343               0.07719 
              0.02505               0.12339              -0.26226 
             -0.02952               0.05763               0.09897 
             -0.05891              -0.05964              -0.10928 
             -0.03194              -0.02323               0.15645 
