             -0.03441              -0.08342              -0.23152 
              0.00184              -0.12276               0.10846 
             -0.02283              -0.07194               0.09282 
             -0.02488              -0.10904               0.25570 
              0.00262              -0.04797               0.04046 
             -0.01224               0.07249              -0.16367 
              0.03353               0.11544              -0.17193 
              0.02474               0.09759              -0.23845 
             -0.00906               0.08164               0.02822 
              0.03412               0.06239               0.14158 
             -0.00546               0.01321               0.18856 
             -0.01266              -0.12032               0.12548 
             -0.01088              -0.11232              -0.15796 
             -0.04754              -0.07384              -0.17009 
              0.00459              -0.05996              -0.20018 
              0.01093              -0.03548              -0.08865 
             -0.02044               0.03229               0.15310 
              0.04661               0.12450               0.20700 
              0.00519               0.11477               0.11497 
              0.01595               0.04916              -0.06973 
              0.02073               0.02602              -0.26861 
             -0.03296              -0.00036              -0.15384 
             -0.00430              -0.06134              -0.09288 
             -0.00435              -0.13349               0.10704 
             -0.04265              -0.10688               0.27503 
              0.01822              -0.00591               0.07042 
             -0.01273               0.00638              -0.00003 
              0.01021               0.01612              -0.24144 
              0.03882               0.09107              -0.22378 
             -0.01127               0.14824              -0.02670 
              0.01563               0.06582              -0.00390 
              0.01230              -0.01919               0.31400 
             -0.02493              -0.02862               0.05489 
              0.00626              -0.05625              -0.00268 
             -0.02666              -0.11158              -0.15851 
             -0.01273              -0.11256              -0.31368 
              0.02177              -0.04797              -0.04379 
             -0.02272               0.03263              -0.07245 
              0.01265               0.02636               0.21064 
              0.02744               0.04644               0.09678 
             -0.00061               0.08331              -0.08334 
              0.02817               0.07819              -0.18595 
              0.00308               0.04637              -0.26404 
             -0.05856               0.12275              -0.01036 
             -0.13268               0.28544               0.23952 
             -0.14139               0.15482               0.47235 
              0.07724              -0.16825               0.32118 
              0.00568              -0.24975               0.03813 
              0.07851              -0.34637              -0.10778 
              0.13134              -0.29587              -0.28561 
              0.06761              -0.17266              -0.13667 
             -0.03214               0.05738              -0.00868 
             -0.06170               0.18081               0.09926 
             -0.03161               0.21683               0.06663 
             -0.00380               0.24783              -0.00696 
             -0.11053               0.19027              -0.25139 
             -0.11412               0.06822              -0.19054 
              0.06634              -0.17003              -0.19106 
              0.10952              -0.31520              -0.09008 
              0.10493              -0.33574               0.26767 
              0.13360              -0.17574               0.10900 
              0.12228              -0.03063               0.17628 
             -0.02832               0.20459               0.10152 
             -0.17151               0.09712              -0.02807 
             -0.14300              -0.04303               0.16732 
             -0.02206              -0.01562               0.00407 
             -0.07399              -0.04644               0.26449 
             -0.03039              -0.14477               0.15915 
             -0.08481              -0.14528               0.14723 
             -0.12447              -0.05103               0.16124 
              0.07243              -0.26843              -0.05089 
              0.12535              -0.34034              -0.04415 
              0.13007              -0.12918              -0.07856 
              0.10276               0.02520              -0.09998 
              0.09533               0.08633               0.00941 
              0.07049              -0.02392               0.07136 
             -0.12252              -0.15098               0.26512 
             -0.13002              -0.17545               0.20535 
              0.01146              -0.39743               0.07958 
              0.02665              -0.47583              -0.07966 
              0.01484              -0.33464              -0.33376 
              0.03725              -0.20856              -0.10312 
              0.01536               0.07238              -0.05208 
             -0.11644               0.21417               0.38280 
             -0.23341               0.02553               0.41621 
             -0.08596              -0.01452               0.16054 
              0.04204              -0.08698              -0.00522 
              0.06804              -0.23217              -0.23654 
              0.08942              -0.24122              -0.20514 
              0.10832               0.04931               0.09120 
             -0.01994               0.30717               0.15628 
              0.00472               0.20928               0.22333 
              0.02308               0.06163              -0.01422 
             -0.06947               0.07638              -0.27082 
             -0.06089               0.02300              -0.28760 
              0.01564              -0.21174              -0.19227 
              0.11166              -0.36983              -0.05272 
              0.13559              -0.29841               0.17956 
             -0.01812              -0.08356               0.16378 
              0.08010               0.00541              -0.02500 
              0.10230               0.01078              -0.08407 
             -0.11006               0.03365              -0.04233 
             -0.10597              -0.02035               0.04541 
              0.02804              -0.12990               0.13848 
              0.01157              -0.08638               0.18268 
             -0.14927               0.16023               0.01787 
             -0.15052               0.23480              -0.04430 
              0.07562               0.25634              -0.15647 
              0.04559               0.29176              -0.19978 
             -0.18609               0.19596              -0.14209 
             -0.04533               0.02746              -0.07212 
              0.21495              -0.10354               0.03945 
              0.06876              -0.23404               0.08979 
             -0.04822              -0.18133              -0.00951 
             -0.05589              -0.11417              -0.05939 
              0.08082              -0.04254              -0.18847 
              0.09449               0.21472               0.02278 
             -0.14839               0.20698               0.06847 
              0.11974              -0.07813               0.25514 
              0.22944              -0.18439               0.13801 
             -0.10998              -0.25371              -0.02563 
             -0.08072              -0.21098              -0.10240 
              0.01562              -0.09536              -0.26148 
             -0.04788               0.12840              -0.02733 
             -0.13437               0.34302              -0.01087 
             -0.14559               0.26070               0.09418 
              0.15362               0.09750               0.03830 
              0.15637               0.07519              -0.15399 
             -0.08727              -0.08069              -0.16412 
             -0.03127              -0.25149              -0.09369 
              0.06007              -0.26342              -0.05569 
             -0.12797              -0.01869               0.21874 
             -0.14489               0.27086               0.08428 
             -0.06214               0.13159               0.06024 
              0.13354               0.07776              -0.04083 
              0.11723               0.04537              -0.14061 
              0.02116              -0.26266               0.12138 
              0.17072              -0.30060              -0.00556 
              0.05540              -0.13936               0.01483 
             -0.12359               0.10483               0.01174 
             -0.03988               0.19086              -0.15956 
             -0.04868               0.17748              -0.08014 
              0.03163               0.19372              -0.04726 
              0.06641               0.15626              -0.10114 
             -0.01200              -0.10436               0.12391 
              0.11178              -0.23853              -0.08700 
              0.03339              -0.17576              -0.01274 
             -0.15908              -0.10349               0.04415 
             -0.07273               0.04543              -0.13035 
             -0.11734               0.28178               0.20621 
             -0.11947               0.19478              -0.06202 
              0.00192               0.00112               0.15221 
              0.10282              -0.20184               0.02916 
              0.13134              -0.13810              -0.15057 
              0.01554              -0.18943               0.06691 
             -0.06320              -0.12268              -0.25909 
              0.05449               0.03447               0.09124 
             -0.02600               0.23752              -0.08019 
             -0.16226               0.33253              -0.02939 
             -0.01415               0.11619               0.03140 
              0.09803              -0.07623              -0.14973 
              0.10430              -0.03493              -0.04700 
              0.10753              -0.18701              -0.01724 
              0.06526              -0.26578               0.02025 
              0.12148              -0.06311               0.02497 
             -0.01850               0.08691               0.12196 
             -0.19899               0.20702              -0.00870 
             -0.06639               0.05408              -0.00156 
             -0.05192              -0.12043              -0.02116 
             -0.05066               0.00689              -0.03739 
              0.07985              -0.11218              -0.00553 
              0.01929              -0.11996              -0.10044 
              0.00050               0.04469               0.01869 
             -0.01919               0.08908              -0.12188 
             -0.09674               0.16545              -0.00527 
             -0.03818               0.07436              -0.06604 
             -0.06790              -0.03552              -0.08535 
             -0.06016               0.13802               0.01519 
              0.08742               0.06054              -0.11155 
              0.04822              -0.17136               0.10541 
              0.00573              -0.02547              -0.04678 
              0.15230               0.05381               0.06330 
              0.17319              -0.03996               0.08391 
              0.00255              -0.08539              -0.10238 
             -0.11497              -0.04770               0.21372 
              0.02573               0.04771              -0.16013 
              0.04987              -0.04851               0.06907 
             -0.12389              -0.08898              -0.07162 
             -0.07816               0.02042              -0.09155 
              0.12396              -0.02391               0.04581 
              0.09029              -0.05722              -0.15683 
             -0.07576              -0.01437               0.06169 
             -0.07945              -0.02601              -0.17848 
              0.01316               0.07632               0.01984 
             -0.00523               0.11875              -0.05045 
             -0.20536               0.10199              -0.00378 
             -0.20345               0.20995               0.01171 
              0.00977               0.17656               0.03168 
              0.03311               0.07174               0.05669 
             -0.01876               0.05203               0.04688 
              0.11510              -0.06477               0.09995 
              0.20298              -0.04721               0.01805 
              0.12027              -0.05780               0.04698 
             -0.02938              -0.06674              -0.02813 
              0.00410              -0.01421              -0.03022 
              0.11187              -0.04076              -0.05454 
              0.07439              -0.08688              -0.02252 
             -0.03822              -0.07338               0.02402 
              0.04478              -0.02794               0.00490 
              0.16176               0.16546               0.20000 
             -0.06004               0.30367               0.09066 
             -0.17191               0.42754               0.26364 
             -0.08531               0.43239               0.01474 
             -0.16095               0.33674              -0.05882 
             -0.16902               0.08802              -0.05947 
             -0.03911               0.04181              -0.02029 
              0.06644               0.13126               0.26492 
              0.01322               0.17261               0.10938 
              0.02591               0.10362               0.17370 
              0.07041               0.01114              -0.03161 
             -0.01250               0.16698              -0.20751 
             -0.02160               0.20498              -0.08073 
              0.11895              -0.04806              -0.08187 
              0.28319              -0.05360               0.27583 
              0.15404               0.15206               0.19826 
              0.09262               0.00871               0.17436 
              0.05946              -0.00491              -0.03379 
             -0.07358               0.19571              -0.02971 
             -0.17531               0.27848              -0.12364 
             -0.16785               0.17469               0.08945 
             -0.04240               0.01502               0.05786 
             -0.09808               0.05078               0.12255 
             -0.10959              -0.03901              -0.05808 
             -0.05190              -0.14363              -0.08845 
              0.05590              -0.15115              -0.21338 
              0.08605              -0.01036              -0.06201 
             -0.11072               0.21330               0.01608 
             -0.12893               0.12256              -0.07260 
              0.08930               0.08101               0.22930 
              0.03024               0.14606              -0.13011 
              0.00590              -0.01672               0.07038 
              0.24985              -0.17266               0.11093 
              0.30364              -0.04562              -0.17887 
              0.20369              -0.07288               0.30982 
             -0.01974               0.00888              -0.21367 
             -0.03331               0.06972               0.09208 
             -0.14786               0.05841              -0.08460 
             -0.18516               0.06899              -0.19283 
             -0.16659              -0.08416               0.08057 
             -0.02478              -0.10698              -0.28437 
              0.10828              -0.03663               0.03048 
              0.08388              -0.07196              -0.13448 
              0.00314              -0.09522               0.03511 
             -0.00084               0.05389               0.08661 
             -0.06039               0.08722              -0.03771 
             -0.21095               0.09931               0.00625 
             -0.21146               0.04169              -0.12703 
             -0.20447               0.01720              -0.02911 
              0.03566               0.06649               0.01278 
              0.23415              -0.00250               0.08868 
              0.22190              -0.05753               0.13806 
              0.19979               0.03118              -0.04884 
              0.14179               0.06914              -0.15085 
              0.03508               0.02971              -0.15585 
             -0.13354              -0.04194              -0.12245 
             -0.16424              -0.06117              -0.08956 
             -0.00336               0.01966               0.25961 
              0.08613              -0.02466              -0.03979 
              0.01568              -0.12607               0.01362 
              0.05560              -0.04412              -0.18296 
              0.15200               0.00663              -0.20586 
              0.11961              -0.01922               0.05412 
             -0.19006              -0.11512               0.02467 
             -0.32032              -0.23869               0.31599 
             -0.03398              -0.03266               0.06125 
             -0.07407              -0.00279              -0.04408 
             -0.06575              -0.06708              -0.15393 
              0.07398               0.02599              -0.17970 
              0.13560               0.16234               0.14288 
              0.03503               0.11491              -0.03195 
             -0.06717               0.00598               0.23416 
              0.00072              -0.03961              -0.10817 
              0.03925               0.03108              -0.17759 
             -0.07767              -0.03359              -0.01877 
              0.03510              -0.13957              -0.17028 
              0.31555              -0.14508               0.35260 
              0.08953              -0.12657               0.16394 
              0.00506              -0.27542               0.16172 
              0.07389              -0.29120               0.11570 
             -0.04533              -0.24544              -0.28490 
             -0.23067              -0.23673               0.06622 
             -0.13266              -0.09154              -0.14633 
              0.08544              -0.13716               0.05827 
             -0.04092               0.03067               0.33523 
             -0.12122               0.06061              -0.10279 
              0.07216              -0.02533               0.23000 
              0.04415              -0.08488              -0.12909 
             -0.11820              -0.18054              -0.13028 
             -0.21643              -0.15829               0.03487 
             -0.02482              -0.07755              -0.05255 
              0.18955              -0.11399               0.28595 
             -0.03627               0.03003               0.03006 
              0.18272               0.04195               0.23846 
              0.27390              -0.17854              -0.00024 
              0.01157              -0.28050              -0.05825 
             -0.08685              -0.21829               0.11080 
             -0.03120              -0.10927              -0.12022 
              0.01853               0.02326               0.07595 
             -0.03575               0.07643               0.01124 
             -0.04869               0.11805              -0.05770 
              0.10895               0.23220               0.06083 
              0.11400               0.04027              -0.12684 
             -0.05163              -0.15154              -0.02877 
             -0.21474              -0.09897               0.03366 
             -0.20081              -0.12747              -0.04939 
             -0.12000              -0.19983               0.05670 
             -0.12547              -0.12156              -0.10133 
             -0.11376               0.03409              -0.00737 
              0.10315               0.13835               0.00516 
              0.17941               0.07622               0.06520 
              0.01872              -0.01756               0.13528 
              0.04318               0.00067               0.04702 
              0.04608              -0.02492              -0.14688 
              0.06056              -0.15316              -0.05877 
              0.07343              -0.09836              -0.16456 
             -0.01304               0.11654               0.02726 
              0.09239               0.18508               0.07627 
              0.13945               0.06961              -0.04851 
              0.05628               0.02863               0.03023 
              0.03387               0.06638              -0.18047 
             -0.00321               0.11332              -0.10512 
             -0.05918              -0.07697              -0.10465 
             -0.03659              -0.14534               0.03876 
             -0.10569               0.07408               0.14455 
             -0.08529               0.00371               0.11113 
             -0.08744              -0.11579               0.09693 
             -0.13451               0.00400              -0.03011 
             -0.03458               0.05046              -0.06321 
             -0.07569              -0.03126              -0.06197 
             -0.09851              -0.14768              -0.05552 
              0.03866              -0.10755               0.07359 
              0.05640               0.06475              -0.02376 
              0.12726              -0.05835               0.01003 
              0.09468              -0.06126              -0.16110 
              0.04602               0.11610              -0.12700 
              0.11325               0.14205              -0.13078 
              0.07175               0.07604              -0.00161 
             -0.01512              -0.00186               0.12624 
              0.07211              -0.01740               0.04534 
              0.06750               0.07134               0.16610 
              0.04439              -0.06844              -0.03154 
              0.03705               0.02157              -0.04108 
             -0.00031               0.17641              -0.06209 
             -0.05700               0.04345              -0.05820 
             -0.20107              -0.08173               0.06557 
             -0.21480              -0.04918              -0.00219 
             -0.08129              -0.01401               0.03275 
             -0.02404              -0.09750              -0.06360 
             -0.04199              -0.18873              -0.16245 
              0.05976              -0.07707              -0.12250 
              0.11561               0.08250              -0.03952 
              0.05574              -0.04269               0.03530 
             -0.02610              -0.04382               0.04319 
             -0.06504               0.13934               0.08398 
              0.00429               0.09342              -0.15115 
              0.00993               0.00234               0.07303 
              0.06888              -0.12091              -0.09624 
              0.29692              -0.06582               0.18138 
              0.15732               0.11141              -0.00451 
              0.02542              -0.03070              -0.02412 
             -0.01849               0.03261               0.09698 
             -0.10060               0.19586              -0.19531 
             -0.15803               0.14951               0.02208 
             -0.16056              -0.02441              -0.15923 
             -0.07907              -0.16015               0.04837 
              0.13629              -0.11491              -0.08451 
              0.05766              -0.07863               0.03148 
             -0.09006              -0.15643              -0.00841 
              0.04502              -0.02892              -0.11625 
             -0.00763               0.27288               0.05529 
             -0.18832               0.09568              -0.13812 
             -0.22799              -0.03961              -0.01933 
              0.01161              -0.02826               0.02119 
              0.19281              -0.12151              -0.00751 
              0.06363              -0.14056               0.01300 
              0.06635              -0.15245               0.07384 
              0.22634               0.08847              -0.03169 
              0.11753               0.28649              -0.05539 
             -0.11097               0.11747              -0.06760 
             -0.11447               0.06766              -0.11412 
              0.03109               0.08745               0.08523 
              0.07993              -0.13735              -0.05822 
             -0.01849              -0.16048               0.06863 
             -0.00525              -0.15092              -0.04528 
              0.12680              -0.02420              -0.06609 
              0.03380               0.26118              -0.02534 
             -0.16001               0.23020              -0.09037 
             -0.15433               0.33697               0.09223 
             -0.03609               0.16357              -0.01731 
             -0.02092              -0.22066               0.14676 
             -0.08489              -0.03182               0.09291 
             -0.06819               0.00494               0.05283 
              0.09197               0.05283               0.05585 
              0.08210               0.17988              -0.06985 
             -0.06170               0.19648               0.04892 
              0.00696               0.26329              -0.03841 
              0.09139               0.07469               0.15347 
              0.05610              -0.16219               0.11815 
              0.13973               0.18473               0.02943 
              0.11455               0.09796               0.09731 
             -0.05607               0.03410              -0.02041 
             -0.02346               0.23569              -0.13868 
              0.02228               0.23015               0.01335 
             -0.05650               0.22947               0.04471 
             -0.17070               0.09620               0.23106 
             -0.00015               0.13722               0.09321 
              0.08439               0.38560               0.08129 
             -0.04425               0.17667               0.01079 
             -0.16872               0.06886              -0.12783 
             -0.02405               0.13528              -0.07317 
              0.14140              -0.09131              -0.07150 
             -0.06769              -0.13646               0.10705 
             -0.12200              -0.07520               0.07248 
              0.12246              -0.09327               0.12088 
              0.20717               0.14369              -0.00858 
              0.01781               0.09806              -0.14100 
             -0.08475               0.10232              -0.01262 
              0.10157               0.09648              -0.05904 
              0.12844              -0.14319               0.05712 
             -0.09342              -0.01693               0.11150 
             -0.10079               0.07890              -0.03852 
              0.02046              -0.08468              -0.03304 
              0.04940               0.07729              -0.17357 
             -0.05627               0.19081              -0.17451 
             -0.11949               0.17937              -0.00022 
              0.04014               0.14563               0.01060 
              0.02911              -0.04500               0.03330 
             -0.12810               0.03122               0.10767 
             -0.07458               0.02151              -0.14681 
             -0.02609              -0.24427               0.04717 
              0.05308              -0.01225              -0.16713 
              0.05596               0.12959               0.03489 
              0.04600              -0.07020               0.16005 
              0.07061              -0.05816              -0.10189 
             -0.00506              -0.14249               0.22517 
             -0.05724              -0.03011              -0.25849 
              0.03297              -0.01247              -0.08421 
              0.04465              -0.21594              -0.09261 
              0.02068              -0.03233              -0.19041 
              0.11644               0.23897               0.28234 
              0.07408              -0.00350              -0.15218 
              0.00415               0.10757               0.15514 
             -0.10410               0.07161              -0.09489 
             -0.10247              -0.00153              -0.13998 
             -0.02710               0.03376               0.16086 
             -0.04847               0.00444              -0.10021 
             -0.09898               0.15427               0.21023 
              0.11006               0.08143               0.05450 
              0.03182              -0.10462              -0.16410 
             -0.10731               0.09085              -0.00602 
             -0.04555               0.03360              -0.29445 
              0.00756              -0.26094               0.11628 
             -0.01038              -0.14939              -0.15704 
             -0.03567              -0.04994               0.14526 
             -0.02408              -0.02388               0.04155 
              0.16754              -0.01545              -0.12262 
              0.19053              -0.13682               0.02224 
             -0.01389              -0.03908              -0.10463 
              0.01748              -0.06968               0.11985 
              0.06397              -0.24203              -0.03985 
             -0.06080              -0.01527               0.21349 
             -0.16660               0.10163              -0.00353 
             -0.08310               0.07706              -0.02848 
              0.15890               0.13992              -0.02153 
              0.01600               0.04636              -0.09650 
             -0.15669              -0.02111               0.09580 
              0.02501              -0.20074               0.00597 
             -0.03723              -0.29393               0.17374 
             -0.07231              -0.03329              -0.01622 
             -0.04652              -0.14162              -0.02561 
              0.02724              -0.29986               0.07238 
              0.21904              -0.20105               0.08731 
              0.08900              -0.33265               0.19684 
             -0.01972              -0.23762              -0.06448 
              0.04047              -0.15216               0.01359 
             -0.10967              -0.13433              -0.13228 
             -0.08651              -0.06823               0.06875 
              0.04130              -0.17453               0.21555 
              0.00486              -0.11791               0.02792 
              0.08907              -0.04512               0.20340 
             -0.00245              -0.06101              -0.12861 
             -0.03302               0.00644              -0.02054 
             -0.14598               0.02168               0.00945 
             -0.22236               0.01838              -0.02466 
              0.09063               0.01447               0.41268 
              0.09146              -0.08652              -0.07751 
             -0.02925              -0.12820               0.20836 
              0.12344              -0.13727              -0.12431 
              0.12299              -0.18512              -0.12008 
              0.00230              -0.06572               0.01377 
             -0.11022              -0.03240              -0.11524 
             -0.17658              -0.05503               0.31095 
              0.12011               0.02391              -0.10838 
              0.09768              -0.08436               0.08131 
             -0.08401               0.01217              -0.18677 
              0.13164               0.04597              -0.13615 
              0.19285              -0.19219              -0.08283 
             -0.04260              -0.11331              -0.00466 
             -0.20935               0.15408               0.16731 
             -0.11225               0.00819               0.02545 
              0.02466               0.09885               0.14633 
             -0.06284               0.11312              -0.12097 
             -0.09605               0.10199              -0.09879 
              0.18055               0.08679               0.03377 
              0.13335              -0.15546               0.05991 
             -0.13505               0.00914               0.10594 
             -0.04166               0.06620              -0.06852 
             -0.01349              -0.12153              -0.01900 
             -0.03359               0.00181              -0.23184 
             -0.00618               0.10648               0.00228 
              0.03002               0.02883              -0.17343 
              0.15673               0.01253               0.03730 
              0.15541              -0.14207               0.10426 
             -0.00688              -0.09954              -0.12261 
              0.05508              -0.02179               0.17983 
             -0.00685              -0.12143              -0.27951 
             -0.21418              -0.09290               0.17793 
             -0.00584               0.03170              -0.03693 
              0.10656               0.08695               0.10263 
             -0.07398               0.14044               0.13896 
             -0.08443               0.01772              -0.19204 
              0.00356              -0.00135               0.10144 
              0.02638               0.05830              -0.23042 
             -0.16721              -0.04493               0.03480 
             -0.19977               0.01111              -0.05777 
              0.05154               0.09429              -0.05421 
              0.14786               0.02704               0.08315 
             -0.01491               0.10605              -0.15151 
              0.06690               0.03465               0.06850 
              0.15117              -0.07701              -0.08540 
              0.13684              -0.02264               0.09966 
             -0.09232              -0.06899               0.10760 
             -0.11609              -0.05850              -0.03868 
              0.23034              -0.07607               0.21205 
              0.09445              -0.04500              -0.17352 
             -0.12870               0.10510               0.05304 
             -0.00521              -0.03041              -0.05641 
              0.00540              -0.15538              -0.11106 
             -0.13374               0.08816               0.13690 
             -0.11824               0.03928              -0.15088 
             -0.16743              -0.05830              -0.03021 
              0.06480               0.03690              -0.01333 
              0.11564               0.06417              -0.11325 
             -0.11953               0.16231              -0.00100 
             -0.02591               0.06958               0.07653 
              0.07171              -0.13337              -0.10037 
             -0.02662               0.05916               0.09350 
              0.02538               0.06665              -0.03392 
              0.00681              -0.10295              -0.03406 
              0.11707              -0.01050               0.19466 
              0.12064              -0.01315              -0.14711 
              0.09503               0.01874               0.16777 
              0.04446              -0.04324              -0.15954 
             -0.05228              -0.13500              -0.00460 
             -0.13115               0.02211               0.05745 
              0.04317              -0.02029              -0.21222 
             -0.03673              -0.11619               0.11488 
             -0.11013               0.06609              -0.20824 
              0.03994               0.07348               0.02102 
              0.08104               0.03077              -0.00447 
             -0.02929               0.05068              -0.03335 
             -0.22018              -0.04896               0.10667 
             -0.10391               0.04676              -0.10676 
              0.13878               0.04285               0.09353 
             -0.02283              -0.03267              -0.04764 
             -0.14185               0.14027              -0.00915 
              0.17621               0.01259               0.13053 
              0.19897              -0.05854              -0.08452 
              0.03324               0.02377              -0.05548 
             -0.04070              -0.06262               0.00717 
              0.01314              -0.02258              -0.24642 
              0.11089              -0.04635               0.09197 
             -0.02801              -0.08199              -0.07160 
             -0.12510               0.11324              -0.01541 
              0.06714              -0.02162               0.14941 
              0.04131              -0.11028              -0.17641 
             -0.03745               0.10205               0.17608 
             -0.02741               0.01737              -0.07521 
             -0.08689              -0.06579               0.08822 
             -0.03983               0.08870               0.14440 
             -0.07320               0.14267              -0.07304 
             -0.11004               0.18622               0.15598 
              0.01042               0.00454              -0.15727 
              0.05250               0.05946               0.14256 
              0.12389               0.21415              -0.02194 
             -0.00104               0.11247               0.18708 
             -0.12656               0.07400               0.16068 
              0.06037               0.17281              -0.06464 
              0.03060               0.14884               0.02787 
              0.03673               0.01704              -0.14342 
