             -0.03487              -0.08443              -0.27434 
              0.00221              -0.12413               0.08382 
             -0.02432              -0.07292               0.08609 
             -0.02283              -0.11146               0.25578 
              0.00152              -0.04265               0.00632 
             -0.01185               0.07749              -0.21046 
              0.03577               0.11719              -0.22681 
              0.02209               0.09678              -0.28958 
             -0.00805               0.08371               0.01859 
              0.03583               0.06234               0.12720 
             -0.01118               0.00039               0.18816 
             -0.00918              -0.13165               0.09898 
             -0.01278              -0.10729              -0.22724 
             -0.05059              -0.07390              -0.21000 
              0.00878              -0.05406              -0.25859 
              0.00741              -0.03080              -0.08991 
             -0.01615               0.04125               0.14836 
              0.05156               0.13227               0.18337 
              0.00144               0.10656               0.11258 
              0.02046               0.03768              -0.15680 
              0.01694               0.02507              -0.32172 
             -0.03752              -0.01541              -0.22207 
             -0.00138              -0.08257              -0.14734 
             -0.00854              -0.14710               0.06426 
             -0.03956              -0.11833               0.19079 
              0.01934              -0.01638               0.04331 
             -0.01299               0.07381               0.03163 
              0.02040               0.22560              -0.04492 
              0.02484               0.41505              -0.07975 
             -0.02712               0.51076               0.01423 
             -0.00252               0.46273              -0.00375 
             -0.03034               0.20534               0.00571 
             -0.03850              -0.43310               0.15402 
             -0.00860              -0.66912               0.12113 
             -0.01940              -0.46229               0.05702 
              0.05958              -0.13476               0.10979 
              0.02102              -0.01253              -0.21743 
             -0.01859               0.03143               0.25665 
              0.00965               0.11351               0.09523 
              0.00128               0.11136               0.08575 
              0.02904              -0.03641               0.02360 
             -0.02466               0.08365              -0.22272 
             -0.00389               0.32218              -0.02119 
              0.06785               0.45338               0.11512 
             -0.04066               0.58383               0.28957 
             -0.04117               0.45326               0.05399 
             -0.00122               0.15268              -0.15347 
             -0.03918              -0.15442              -0.00335 
              0.00167              -0.29498              -0.02432 
             -0.01897              -0.52933               0.31382 
              0.01539              -0.60609               0.32268 
              0.01919              -0.39382              -0.00063 
              0.01325              -0.34065               0.06680 
              0.02209              -0.09386              -0.21888 
              0.00410               0.01213               0.00728 
              0.01190               0.28037               0.25885 
              0.03405               0.49678               0.25231 
             -0.00362               0.32952               0.35080 
              0.00490               0.25142               0.04281 
             -0.04212               0.26860              -0.12184 
             -0.03770               0.00508              -0.10436 
              0.00967              -0.12125              -0.03228 
             -0.00356              -0.25707               0.20849 
              0.02524              -0.32224               0.18511 
             -0.01501              -0.50012               0.13677 
             -0.03245              -0.50504              -0.19634 
              0.02860              -0.38349              -0.11644 
             -0.01567              -0.18994               0.00715 
             -0.04812              -0.28135              -0.09073 
              0.07528              -0.30741               0.24517 
              0.02090               0.02197              -0.08132 
              0.00601               0.20738              -0.04309 
              0.03946               0.27274              -0.26433 
              0.01479               0.21018              -0.18046 
              0.03978               0.18567               0.10869 
              0.00230               0.29398               0.17766 
             -0.05487               0.21938               0.46703 
              0.01595               0.29944               0.16778 
             -0.03089               0.17500              -0.15880 
             -0.05445              -0.07022              -0.27428 
             -0.01688              -0.16373              -0.28888 
             -0.01834              -0.32255              -0.02581 
             -0.00254              -0.42292               0.10917 
              0.01015              -0.29085               0.06025 
              0.00788              -0.19587              -0.10976 
              0.05281               0.00745              -0.22056 
              0.05027               0.31447              -0.15584 
             -0.00139               0.27176              -0.08109 
             -0.01885               0.10057               0.06567 
             -0.00710               0.11945               0.14685 
              0.01569              -0.12031              -0.00374 
             -0.02591              -0.32904              -0.01079 
             -0.03650              -0.28361              -0.33443 
              0.00952              -0.28484              -0.26778 
              0.04660              -0.13688              -0.21470 
             -0.00351               0.01311              -0.16481 
             -0.00643              -0.03076               0.26563 
             -0.02972               0.21768               0.15464 
             -0.00502               0.17937               0.15512 
             -0.01081              -0.12214              -0.11254 
             -0.11350              -0.15830              -0.26124 
             -0.11744              -0.14492              -0.03423 
             -0.03074               0.21115              -0.04060 
             -0.04599               0.64133               0.47479 
              0.08721               0.31070               0.15471 
              0.12938               0.20545              -0.17253 
              0.10098               0.16295              -0.40676 
              0.09810              -0.06894              -0.43909 
              0.02191              -0.44702              -0.04003 
             -0.04261              -0.37186              -0.01751 
             -0.00178              -0.11612               0.38403 
             -0.06932              -0.00533               0.10600 
             -0.04866              -0.00096              -0.28901 
             -0.00648               0.14493              -0.06088 
              0.07100               0.14866              -0.27438 
              0.21222              -0.18342               0.20202 
              0.00014              -0.47667               0.29907 
             -0.04448              -0.28793               0.08497 
              0.01489              -0.25344              -0.02586 
             -0.09236              -0.05486              -0.30097 
             -0.20162               0.24601              -0.05115 
             -0.04616               0.05194               0.13572 
              0.04434              -0.20735               0.32125 
             -0.21721               0.12038               0.42394 
             -0.00855               0.01438              -0.06847 
              0.09059              -0.10149              -0.18305 
              0.03800               0.07207              -0.15809 
             -0.00980               0.40219              -0.09251 
              0.10769               0.05383               0.33886 
              0.07588              -0.41870               0.11403 
              0.01272               0.03674               0.41345 
              0.11801              -0.16653              -0.10159 
              0.07657              -0.27742              -0.27280 
              0.00019              -0.13058              -0.17735 
              0.01582              -0.06995               0.14425 
             -0.00148              -0.16475               0.22145 
             -0.18135              -0.30268               0.35349 
             -0.00841              -0.13935               0.25995 
              0.03559              -0.07245              -0.02702 
             -0.09745              -0.02217              -0.15448 
             -0.07650               0.32982              -0.18015 
             -0.05766               0.24227               0.02619 
              0.01289              -0.17170               0.17204 
              0.03804               0.11218               0.22133 
             -0.10472               0.11027               0.03458 
              0.07655               0.04648              -0.08516 
              0.13692               0.01574              -0.14622 
             -0.03510               0.05108              -0.17317 
              0.00903               0.29294              -0.08006 
              0.12542               0.08796               0.11070 
              0.00482              -0.24896              -0.02609 
              0.01600              -0.07743               0.14161 
              0.01896              -0.18384              -0.17591 
             -0.00173              -0.23446              -0.02821 
              0.05846              -0.10861              -0.16654 
              0.01995              -0.17371               0.05533 
             -0.04371               0.12720               0.16149 
             -0.08610               0.06747              -0.01288 
             -0.12308              -0.07864               0.09292 
              0.01132              -0.01338              -0.22979 
              0.00345              -0.06161              -0.26930 
             -0.06197               0.08204              -0.10447 
              0.04654               0.15324              -0.11176 
              0.05330               0.09658               0.15501 
             -0.02772               0.32553               0.15735 
             -0.00337               0.12751              -0.18370 
             -0.05776               0.03201              -0.03496 
             -0.00070               0.04595              -0.34138 
              0.05086              -0.07357               0.02089 
             -0.01227               0.05370               0.12269 
              0.06030               0.03368               0.10538 
              0.03060              -0.20451               0.21466 
              0.04972              -0.00849              -0.23615 
              0.06769              -0.13060              -0.03323 
             -0.02238              -0.20512              -0.34071 
             -0.02591              -0.18356               0.01855 
             -0.01743              -0.22567               0.08980 
             -0.00558               0.00645              -0.01152 
              0.02471               0.05208               0.10935 
             -0.07407              -0.02669              -0.24418 
             -0.05763               0.22813              -0.18658 
             -0.00277               0.14577              -0.19966 
             -0.05618              -0.08383               0.01963 
             -0.10039               0.14315               0.12903 
             -0.02627               0.16790               0.09973 
              0.05715               0.19084               0.05172 
              0.07352               0.11708              -0.13719 
              0.01904              -0.06393              -0.15244 
              0.00990               0.13162              -0.18409 
              0.09002               0.03580               0.05119 
              0.02924              -0.21907               0.05451 
             -0.01684               0.01243               0.09214 
              0.04107              -0.13235               0.02509 
              0.09562              -0.08719              -0.15493 
              0.05602               0.06126              -0.00260 
              0.00617               0.05067               0.00312 
              0.04332               0.19930               0.12292 
             -0.06162               0.22216               0.29947 
             -0.19900               0.24561              -0.03395 
             -0.08259               0.29728               0.12401 
              0.11349               0.10815              -0.05621 
             -0.06710               0.28316              -0.02817 
             -0.14597               0.39486               0.14411 
              0.03418               0.24556              -0.01358 
              0.11824               0.32465               0.10769 
             -0.02241               0.15514               0.02017 
             -0.03414               0.04787              -0.02302 
              0.03914               0.10814               0.03121 
              0.06471               0.03011               0.07475 
             -0.03825               0.20500               0.07298 
             -0.01195               0.25926               0.20341 
              0.14378               0.29803              -0.00919 
              0.06609               0.31128              -0.00138 
              0.01059              -0.01541               0.07424 
             -0.05556               0.15247               0.10927 
             -0.13355               0.32975               0.05730 
             -0.04934               0.08830               0.30826 
             -0.03586               0.10710              -0.07319 
              0.07125               0.23623              -0.04639 
              0.05591               0.07506              -0.08624 
             -0.04734               0.00010              -0.04885 
              0.00837               0.22268               0.16689 
             -0.07117               0.11228              -0.12670 
             -0.13346              -0.12764               0.03859 
              0.04639              -0.06656              -0.25149 
              0.06666               0.08464              -0.09842 
              0.13450               0.04498              -0.07359 
              0.20396               0.00312               0.02505 
              0.04602               0.13326               0.29869 
              0.03424               0.17565              -0.08162 
             -0.07895               0.12844               0.15179 
             -0.11801              -0.06460              -0.16169 
             -0.04773               0.00400              -0.07061 
             -0.06154               0.07612              -0.02908 
             -0.00743              -0.10418              -0.08372 
              0.02487              -0.06227               0.15214 
             -0.01260               0.03211              -0.10973 
              0.01469              -0.00240              -0.05898 
             -0.02435               0.04674              -0.24039 
             -0.08622              -0.02440              -0.17418 
             -0.02784               0.01859              -0.02433 
             -0.06760               0.07298              -0.12640 
             -0.08655              -0.22955               0.18126 
              0.06366              -0.07257              -0.01315 
              0.09929               0.05337               0.00669 
              0.20042               0.01909              -0.01237 
              0.07431               0.15877              -0.11707 
             -0.02884               0.17102               0.13216 
              0.08944               0.07241              -0.02410 
             -0.02790              -0.00957               0.10892 
             -0.04489              -0.18130              -0.05328 
             -0.03619               0.00526              -0.13747 
             -0.07044               0.02580              -0.10814 
              0.06776              -0.09862              -0.15949 
              0.02827               0.16142               0.00990 
             -0.09505               0.13289               0.00021 
             -0.06676              -0.05711               0.12038 
             -0.07796              -0.11647               0.03607 
             -0.04542              -0.23307              -0.03200 
             -0.08206              -0.15444               0.12286 
             -0.05083              -0.16423              -0.09068 
              0.12190              -0.02532               0.22752 
              0.13036               0.14987              -0.00097 
              0.03565              -0.04510               0.14443 
              0.11371              -0.05974               0.04402 
              0.04149              -0.11513              -0.16170 
             -0.00049              -0.32328               0.12780 
              0.07451              -0.10888              -0.17783 
             -0.04201               0.00670               0.34942 
             -0.08548              -0.03942               0.10245 
             -0.00042              -0.17770               0.10513 
             -0.00479              -0.22902               0.15175 
             -0.06942              -0.00276              -0.23451 
             -0.19878              -0.17589               0.12994 
              0.01455              -0.23292              -0.13526 
              0.01214              -0.30599               0.20326 
             -0.11775              -0.42423               0.18661 
              0.17900              -0.16310               0.04492 
              0.11087              -0.28386               0.08536 
             -0.03799              -0.27986              -0.25628 
              0.06747               0.08451               0.05678 
              0.03818              -0.03059               0.05670 
             -0.02552              -0.26207               0.13947 
              0.10670              -0.18763               0.37426 
              0.16202              -0.19553              -0.01159 
             -0.07535              -0.15765               0.07532 
             -0.20304              -0.05734              -0.22367 
             -0.05291              -0.02819              -0.03080 
              0.00026              -0.04045               0.15714 
             -0.16590              -0.05743              -0.06774 
              0.05579               0.10678               0.39788 
              0.12020              -0.06074              -0.27122 
             -0.02174              -0.21692              -0.06205 
             -0.11587              -0.07264              -0.26153 
             -0.12401              -0.08201              -0.16035 
              0.01715              -0.23451               0.27008 
             -0.02829              -0.12277              -0.12792 
             -0.00952              -0.05796               0.32074 
              0.18544               0.03479              -0.25451 
              0.19683              -0.01800              -0.16486 
              0.11142              -0.08000              -0.08627 
              0.02118               0.06621              -0.12767 
             -0.04829               0.03132               0.12372 
             -0.09266               0.01540               0.20429 
             -0.12083               0.08383              -0.07159 
              0.01976               0.08667               0.00895 
              0.10264               0.11866              -0.27193 
              0.02994               0.06659              -0.24149 
             -0.00574               0.01027               0.10902 
             -0.04233               0.06800              -0.04300 
             -0.19525              -0.02268               0.24313 
             -0.11630              -0.08702              -0.14729 
             -0.05083              -0.07592              -0.23749 
             -0.03215              -0.07376              -0.10186 
              0.06326              -0.01299              -0.35122 
              0.23677              -0.01252               0.36422 
              0.06279              -0.13606               0.02776 
             -0.01011              -0.03793               0.24791 
             -0.02634               0.02359              -0.08488 
             -0.03345              -0.06471              -0.33028 
              0.01783              -0.04993               0.05815 
              0.03787              -0.01813              -0.29752 
              0.09831               0.06039               0.33191 
              0.04300               0.09820               0.13052 
             -0.04233               0.05766              -0.14079 
             -0.00276               0.11448               0.02613 
             -0.03964               0.05976              -0.38831 
             -0.14822              -0.00790              -0.13075 
             -0.08525               0.02288               0.06224 
              0.02698               0.00659               0.00696 
              0.00314              -0.08595               0.39131 
             -0.01650               0.00380              -0.17262 
             -0.00806               0.01474              -0.06253 
              0.08394              -0.02445              -0.20540 
             -0.02518              -0.11775              -0.19883 
             -0.17493              -0.16215               0.35058 
              0.13592              -0.11135               0.11529 
              0.13111              -0.26916               0.40298 
              0.00903              -0.00505              -0.03912 
              0.05304               0.06182              -0.13561 
              0.04097              -0.01006               0.02306 
             -0.05343              -0.00847              -0.13640 
             -0.05401               0.06767               0.38825 
              0.10828               0.12714              -0.04753 
             -0.00767               0.00776               0.19149 
             -0.10648              -0.07185              -0.15797 
              0.04403               0.16200              -0.15935 
             -0.06886               0.16985               0.13846 
             -0.13000              -0.08019              -0.04455 
             -0.00139              -0.08854               0.43658 
             -0.01470              -0.01191               0.11633 
             -0.09819              -0.07098              -0.00434 
             -0.00210              -0.21591               0.04044 
              0.09492              -0.04046              -0.24741 
              0.03565               0.06067               0.15353 
              0.01563              -0.02636               0.04935 
              0.20583               0.08333               0.34587 
              0.09715              -0.01685               0.08662 
              0.00036              -0.04817              -0.13372 
             -0.04735               0.07885              -0.01452 
             -0.01199               0.08532              -0.29500 
              0.08234               0.05605               0.01794 
             -0.10086               0.08862               0.01314 
             -0.06056               0.20172               0.05556 
              0.02522               0.06334               0.06575 
             -0.10664              -0.09010              -0.09093 
             -0.10787              -0.07388              -0.08414 
             -0.09077               0.04647              -0.02674 
             -0.04260               0.05455              -0.01311 
             -0.00692              -0.03262               0.10357 
              0.02559               0.00680               0.12604 
              0.21124               0.01157              -0.13603 
              0.12117              -0.10558               0.06795 
             -0.00502              -0.11226              -0.34897 
              0.09780              -0.16879              -0.02090 
              0.03701              -0.04188              -0.09987 
             -0.07354               0.10038               0.04483 
             -0.03004               0.02896               0.19021 
              0.07342               0.06194              -0.16488 
              0.16006               0.16607               0.03413 
             -0.00167               0.08650              -0.27721 
             -0.07672              -0.07295               0.04602 
              0.03871              -0.12599               0.03015 
             -0.10993               0.01736               0.15371 
             -0.21702               0.13667               0.12366 
              0.03044               0.01704              -0.18279 
              0.07088              -0.00340              -0.06282 
             -0.05228               0.06990              -0.29030 
             -0.07571               0.03106              -0.04589 
             -0.01700              -0.14664              -0.06485 
              0.10250              -0.17673               0.09365 
             -0.01682              -0.06786              -0.01104 
             -0.09433               0.00502              -0.14992 
              0.08007               0.04290              -0.13601 
              0.09758               0.04465              -0.18611 
             -0.04530               0.16315               0.05690 
              0.01239               0.05263              -0.03872 
              0.19713              -0.07621               0.17042 
              0.11052              -0.00409               0.06140 
             -0.07704              -0.00210              -0.10225 
             -0.06796               0.07745              -0.03976 
              0.02456               0.12284              -0.23585 
             -0.11517               0.17495               0.04563 
             -0.16833               0.11932              -0.17687 
              0.00812              -0.00983               0.09275 
              0.10274              -0.00684               0.03889 
              0.06279               0.04260              -0.03436 
             -0.09378              -0.04696               0.19705 
             -0.10363               0.20305              -0.01290 
             -0.03904               0.37706               0.15237 
             -0.03968               0.25445              -0.02036 
              0.01855               0.17110              -0.02304 
              0.18577               0.02468               0.12694 
              0.13938               0.16126              -0.00436 
              0.11292               0.10099               0.24221 
              0.02833               0.09621               0.07956 
             -0.09513               0.29389               0.04422 
             -0.02935               0.21152              -0.08313 
             -0.06711               0.23533              -0.13730 
             -0.03076               0.14260              -0.00618 
              0.10421               0.15156              -0.01297 
             -0.02106               0.33993               0.33976 
             -0.10423               0.10793               0.18414 
             -0.04339               0.25527               0.09433 
             -0.07837               0.24219              -0.10732 
             -0.13909               0.14688              -0.15874 
              0.00970               0.25488               0.03786 
              0.16856               0.05393               0.07526 
              0.05060              -0.02679               0.18467 
              0.13523              -0.05585               0.36791 
              0.07679              -0.00330              -0.09888 
             -0.03693               0.18860               0.03546 
             -0.10209              -0.01932              -0.21966 
             -0.02646              -0.01394              -0.10533 
              0.22706               0.28658               0.24171 
              0.01861              -0.03107              -0.06130 
             -0.10754               0.14014               0.24361 
              0.08278               0.09614              -0.14233 
              0.00577              -0.00141              -0.06915 
             -0.17749               0.18556              -0.03952 
             -0.17912               0.11718              -0.23014 
             -0.12265               0.07585               0.29031 
              0.07710              -0.00754              -0.16001 
              0.02490              -0.10322               0.18031 
              0.08632              -0.05620               0.04142 
              0.09109              -0.14592              -0.15244 
              0.04370              -0.23889               0.03631 
              0.00337               0.08459              -0.20976 
             -0.04939               0.16045               0.11375 
             -0.01005              -0.07215               0.02682 
              0.11759               0.02837              -0.01655 
              0.09824              -0.03441               0.03223 
              0.03176              -0.08931              -0.23739 
              0.07676              -0.10709              -0.05347 
              0.01643              -0.05661              -0.22814 
             -0.11177               0.22927               0.11888 
             -0.20262               0.15996               0.02920 
             -0.13299               0.01384               0.03300 
             -0.00794               0.07330              -0.01633 
              0.00209              -0.04653              -0.17856 
              0.04919              -0.15147              -0.03591 
              0.03659              -0.04868              -0.12710 
             -0.01615              -0.04014               0.11201 
             -0.03554               0.06064              -0.01764 
             -0.05388              -0.00450              -0.03731 
             -0.02886              -0.06467               0.01340 
              0.04888              -0.03725              -0.21140 
              0.18464              -0.19074               0.10244 
              0.17412              -0.17785              -0.12518 
              0.03132              -0.09949               0.09482 
             -0.11831              -0.03819               0.05931 
             -0.02195              -0.04976              -0.11215 
             -0.10065              -0.00911               0.09679 
             -0.11359              -0.03309              -0.14282 
              0.02489              -0.07064               0.01892 
              0.06117              -0.14092               0.07785 
              0.02364              -0.10601              -0.18728 
             -0.16039              -0.06653               0.21311 
             -0.11411              -0.11500              -0.07563 
              0.05735              -0.27762               0.16636 
              0.02732              -0.33571               0.22489 
              0.04612              -0.16328              -0.03514 
              0.05372              -0.21286               0.20232 
              0.09791              -0.18806              -0.14721 
              0.12531              -0.03891               0.02099 
             -0.07309              -0.11795               0.05341 
             -0.00555              -0.14607               0.09415 
              0.07290              -0.24143               0.22846 
             -0.00250              -0.31321              -0.05633 
              0.01509              -0.06056               0.07573 
             -0.06732              -0.11708              -0.05437 
             -0.06727              -0.30617              -0.14112 
              0.00913              -0.24114               0.16564 
             -0.11588              -0.25573              -0.04412 
             -0.15003              -0.21387               0.21469 
              0.05757              -0.03676              -0.01803 
              0.06830              -0.15153              -0.00029 
             -0.02264              -0.03701               0.18541 
             -0.09923              -0.09948               0.00625 
              0.01917              -0.30074               0.00195 
              0.07288              -0.22196               0.01666 
             -0.00007              -0.09429              -0.05210 
              0.12454               0.04922               0.03507 
              0.16676              -0.00846               0.02346 
              0.07831               0.10654               0.09555 
              0.06034               0.09873               0.00220 
             -0.14154              -0.14984              -0.07271 
             -0.10014              -0.01332              -0.14833 
              0.00748               0.00374              -0.04668 
             -0.02923              -0.12735              -0.09273 
             -0.00471              -0.00915               0.05784 
              0.00073               0.11823               0.02925 
              0.00370               0.11354              -0.11195 
              0.02596               0.07008              -0.01113 
             -0.07077              -0.06663              -0.16219 
             -0.17459              -0.01124              -0.10435 
             -0.12669              -0.17040               0.20371 
              0.07263              -0.25347              -0.10255 
              0.15196              -0.00423               0.17255 
             -0.01145               0.00303              -0.19184 
              0.05197               0.03765              -0.09528 
              0.18399               0.12088               0.05836 
             -0.01176              -0.03135              -0.21992 
             -0.14664              -0.00598               0.25206 
              0.03474              -0.05167              -0.17698 
              0.08699              -0.05012               0.02545 
             -0.01598               0.14999              -0.10045 
             -0.05054               0.03863              -0.24031 
              0.11535               0.06097               0.08160 
              0.05856               0.18090              -0.23705 
             -0.10752               0.04945               0.16686 
             -0.03739              -0.00255               0.01097 
             -0.02132              -0.00276              -0.09955 
             -0.09645              -0.14124               0.12683 
             -0.09809              -0.06368              -0.28917 
             -0.05722              -0.16947               0.17578 
              0.11677              -0.01635              -0.06889 
              0.02758               0.04433               0.05517 
             -0.03098              -0.14691               0.06537 
              0.07975               0.04707              -0.22809 
              0.08805               0.14741              -0.02686 
             -0.04670              -0.12149              -0.15573 
             -0.11326              -0.19009               0.03391 
              0.08531              -0.01817               0.07448 
              0.13787               0.09233              -0.02185 
             -0.01377               0.09447               0.08329 
              0.03582               0.02603              -0.08668 
              0.10699               0.30565               0.12162 
             -0.09182               0.12395              -0.08999 
             -0.12883              -0.24910               0.11617 
              0.06909              -0.08018              -0.04972 
             -0.05914              -0.00420               0.07377 
             -0.10128               0.02170               0.05058 
             -0.00962               0.03045              -0.06095 
             -0.10335              -0.01179               0.30963 
             -0.05804              -0.04803              -0.04123 
             -0.03554              -0.19657               0.20105 
              0.13315               0.01164               0.07667 
             -0.04166               0.01856              -0.13807 
             -0.15255              -0.10558               0.12211 
              0.11786               0.11401              -0.12047 
              0.12913               0.27190               0.17708 
              0.01022              -0.08075               0.03778 
              0.08368              -0.04899              -0.03059 
              0.11213               0.08646               0.04949 
              0.02207               0.21471              -0.19551 
             -0.11296               0.17302               0.21153 
              0.06156              -0.06751               0.01681 
              0.18130               0.09465               0.06045 
             -0.09632              -0.12440               0.18604 
             -0.09963              -0.03249              -0.13910 
             -0.02074               0.09115               0.07824 
             -0.20681               0.00641              -0.06162 
             -0.20283               0.17272               0.19432 
              0.08248               0.06398               0.06934 
             -0.00683              -0.07301              -0.02558 
             -0.01949              -0.07113              -0.04045 
              0.05054              -0.12537              -0.21967 
              0.03634              -0.00960              -0.11294 
             -0.00695               0.09823              -0.05533 
             -0.05054               0.06409              -0.17686 
             -0.04212               0.16214               0.17763 
              0.13419               0.04514              -0.20323 
              0.07112               0.02205               0.16909 
              0.14816               0.03342              -0.05448 
              0.19312              -0.07341              -0.08198 
             -0.10605               0.13189               0.20421 
             -0.03387               0.07675              -0.23925 
             -0.02409              -0.09959               0.28733 
             -0.11625              -0.15141              -0.03696 
             -0.04264              -0.05698              -0.01400 
             -0.08274               0.07452               0.07310 
              0.01164              -0.11265              -0.34692 
              0.10931              -0.16708               0.04079 
             -0.09844               0.14681              -0.26132 
             -0.09638               0.20652               0.08153 
              0.11414              -0.13323              -0.04955 
             -0.05969              -0.15670              -0.04130 
             -0.05493               0.00352              -0.03682 
              0.00474               0.08699              -0.23369 
