           -507.94785               1.51287            -506.43498             117.04008 
           -508.48542               2.16044            -506.32497             167.13847 
           -508.13114               1.89877            -506.23238             146.89423 
           -508.45955               2.33695            -506.12259             180.79362 
           -508.92609               2.84758            -506.07851             220.29755 
           -508.41085               2.35250            -506.05836             181.99612 
           -507.99351               1.85188            -506.14164             143.26664 
           -508.17656               1.88300            -506.29356             145.67487 
           -508.70568               2.33944            -506.36624             180.98622 
           -508.72998               2.28920            -506.44079             177.09908 
           -509.19675               2.68720            -506.50955             207.89008 
           -509.72626               3.29945            -506.42681             255.25524 
           -509.46629               3.15371            -506.31259             243.98030 
           -509.01239               2.83137            -506.18102             219.04342 
           -509.19371               3.09250            -506.10121             239.24517 
           -509.96854               3.86488            -506.10367             298.99837 
           -509.88579               3.82722            -506.05857             296.08545 
           -510.18680               4.03239            -506.15441             311.95781 
           -510.90303               4.58636            -506.31667             354.81454 
           -511.22075               4.83575            -506.38500             374.10840 
           -511.11918               4.66813            -506.45105             361.14075 
           -511.28943               4.85766            -506.43176             375.80342 
           -512.01075               5.65083            -506.35992             437.16515 
           -512.65295               6.38914            -506.26380             494.28325 
           -513.29432               7.22316            -506.07116             558.80498 
           -513.82200               7.83433            -505.98768             606.08684 
           -514.26630               8.26409            -506.00221             639.33453 
           -515.19432               9.08222            -506.11210             702.62787 
           -515.60516               9.14763            -506.45753             707.68786 
           -515.94835               9.01139            -506.93695             697.14820 
           -515.67176               8.22500            -507.44677             636.31043 
           -516.60702               8.71844            -507.88858             674.48443 
           -516.94361               8.98296            -507.96065             694.94875 
           -515.45556               8.03026            -507.42529             621.24491 
           -514.74735               8.04853            -506.69882             622.65830 
           -515.21121               9.07022            -506.14098             701.69956 
           -515.11491               9.25804            -505.85688             716.22931 
           -515.77478              10.06222            -505.71256             778.44353 
           -516.80717              11.17397            -505.63320             864.45191 
           -516.38389              10.61591            -505.76798             821.27863 
           -515.60259               9.63550            -505.96709             745.43085 
           -514.33612               8.30464            -506.03148             642.47185 
           -512.21363               6.10997            -506.10366             472.68577 
           -511.34098               5.00747            -506.33351             387.39294 
           -511.81421               5.06544            -506.74877             391.87718 
           -512.42533               5.14795            -507.27738             398.26095 
           -514.12293               6.35986            -507.76308             492.01751 
           -514.87783               6.68679            -508.19103             517.31019 
           -514.18989               5.80145            -508.38844             448.81765 
           -512.79817               4.74151            -508.05666             366.81752 
           -510.67422               3.32048            -507.35374             256.88209 
           -510.08978               3.58609            -506.50369             277.43088 
           -510.51852               4.57354            -505.94498             353.82265 
           -512.42451               6.77719            -505.64732             524.30378 
           -514.64009               9.17199            -505.46810             709.57265 
           -515.95878              10.58700            -505.37178             819.04209 
           -515.34550              10.02245            -505.32305             775.36660 
           -514.10124               8.58981            -505.51143             664.53321 
           -512.21155               6.34711            -505.86444             491.03142 
           -512.10689               5.81640            -506.29048             449.97422 
           -513.00468               6.31428            -506.69040             488.49142 
           -515.39404               8.27392            -507.12012             640.09504 
           -516.66889               9.27606            -507.39282             717.62384 
           -517.07249               9.77826            -507.29423             756.47515 
           -517.00581              10.00253            -507.00328             773.82570 
           -516.04195               9.35296            -506.68899             723.57288 
           -514.06155               7.82135            -506.24020             605.08314 
           -513.07615               7.30477            -505.77138             565.11858 
           -513.69658               8.43588            -505.26069             652.62514 
           -513.60500               8.76997            -504.83503             678.47116 
           -515.08714              10.62839            -504.45875             822.24427 
           -515.09296              10.86631            -504.22665             840.64984 
           -515.15168              10.98691            -504.16477             849.98021 
           -514.86165              10.55396            -504.30769             816.48592 
           -513.64992               9.07393            -504.57599             701.98628 
           -513.79819               8.84996            -504.94822             684.65968 
           -512.77845               7.60450            -505.17395             588.30681 
           -512.35994               7.10763            -505.25230             549.86771 
           -511.78353               6.45080            -505.33273             499.05281 
           -511.49155               6.04158            -505.44997             467.39471 
           -511.87982               6.28165            -505.59818             485.96687 
           -512.19994               6.41750            -505.78244             496.47682 
           -511.88542               5.77508            -506.11034             446.77758 
           -511.74226               5.35507            -506.38719             414.28430 
           -511.82054               5.33535            -506.48519             412.75878 
           -511.81884               5.52970            -506.28914             427.79407 
           -510.59850               4.60204            -505.99646             356.02741 
           -509.76344               4.03773            -505.72571             312.37119 
           -509.49827               4.16099            -505.33728             321.90695 
           -509.04257               4.05919            -504.98339             314.03076 
           -509.09546               4.29842            -504.79704             332.53850 
           -510.96553               6.24626            -504.71927             483.22926 
           -510.89302               6.30613            -504.58689             487.86067 
           -510.55289               6.11422            -504.43867             473.01426 
           -510.55939               6.26414            -504.29525             484.61228 
           -510.09152               5.75900            -504.33253             445.53309 
           -510.14981               5.69366            -504.45615             440.47862 
           -509.52347               5.01095            -504.51252             387.66229 
           -509.76531               5.04566            -504.71965             390.34732 
           -509.19815               4.14767            -505.05048             320.87648 
           -509.21033               3.75399            -505.45634             290.42014 
           -510.00335               4.15868            -505.84467             321.72770 
           -510.33814               4.39097            -505.94717             339.69879 
           -510.23095               4.25108            -505.97987             328.87626 
           -510.42703               4.39441            -506.03261             339.96500 
           -510.70204               4.72320            -505.97884             365.40057 
           -511.15531               5.29995            -505.85536             410.01984 
           -511.71056               5.86085            -505.84971             453.41251 
           -511.44277               5.56156            -505.88121             430.25920 
           -511.10613               5.17132            -505.93481             400.06868 
           -510.41962               4.58800            -505.83162             354.94158 
           -511.04154               5.49416            -505.54738             425.04495 
           -510.72431               5.60715            -505.11716             433.78577 
           -510.94236               6.39077            -504.55159             494.40885 
           -513.02660               8.98131            -504.04528             694.82104 
           -513.29348               9.45094            -503.84254             731.15310 
           -512.95561               8.93582            -504.01980             691.30132 
           -513.37656               9.04074            -504.33582             699.41856 
           -512.17313               7.58718            -504.58596             586.96656 
           -512.01429               7.20195            -504.81234             557.16412 
           -510.82357               5.72036            -505.10321             442.54428 
           -510.10805               4.86558            -505.24247             376.41590 
           -510.77077               5.53434            -505.23643             428.15318 
           -513.18806               7.83868            -505.34938             606.42366 
           -511.74378               6.06695            -505.67683             469.35740 
           -511.66382               5.51684            -506.14698             426.79926 
           -511.85099               5.65915            -506.19184             437.80876 
           -511.50218               5.53434            -505.96784             428.15275 
           -509.78528               4.14622            -505.63906             320.76412 
           -509.20906               4.23068            -504.97839             327.29785 
           -508.81258               4.53644            -504.27614             350.95268 
           -508.36577               4.62820            -503.73757             358.05113 
           -508.72714               5.28355            -503.44359             408.75100 
           -509.66621               6.26100            -503.40522             484.36936 
           -510.98544               7.75515            -503.23029             599.96146 
           -511.81865               8.86247            -502.95617             685.62749 
           -510.34059               7.54154            -502.79905             583.43635 
           -510.22141               7.35771            -502.86370             569.21472 
           -509.46789               6.42331            -503.04458             496.92637 
           -509.45143               5.96596            -503.48547             461.54436 
           -510.15653               6.12653            -504.03000             473.96687 
           -509.86127               5.27710            -504.58418             408.25183 
           -511.15387               6.17529            -504.97858             477.73920 
           -510.76479               5.73713            -505.02767             443.84130 
           -512.61721               7.67227            -504.94494             593.54940 
           -513.52218               8.70455            -504.81763             673.40994 
           -511.75215               7.13486            -504.61729             551.97377 
           -511.42568               6.76078            -504.66490             523.03388 
           -510.45461               5.96199            -504.49263             461.23708 
           -511.21777               7.11072            -504.10705             550.10662 
           -511.21649               7.50517            -503.71132             580.62223 
           -510.76373               7.40250            -503.36123             572.67934 
           -510.99167               7.96437            -503.02731             616.14718 
           -511.00788               8.20877            -502.79911             635.05495 
           -511.03976               8.26339            -502.77636             639.28084 
           -510.44368               7.30836            -503.13532             565.39683 
           -510.67366               7.12615            -503.54751             551.30037 
           -510.75545               7.00260            -503.75285             541.74178 
           -510.33319               6.41981            -503.91339             496.65534 
           -509.61046               5.60274            -504.00772             433.44474 
           -509.33854               5.30079            -504.03775             410.08463 
           -509.16888               5.12376            -504.04512             396.38934 
           -509.63870               5.44524            -504.19347             421.25987 
           -509.97575               5.52050            -504.45525             427.08257 
           -509.59668               4.83263            -504.76406             373.86649 
           -509.26359               4.42715            -504.83644             342.49772 
           -509.42777               4.70470            -504.72306             363.96976 
           -509.12755               4.60889            -504.51866             356.55717 
           -508.19640               3.97891            -504.21749             307.82026 
           -508.54810               4.67542            -503.87268             361.70460 
           -508.65057               5.02111            -503.62946             388.44809 
           -508.11449               4.60376            -503.51073             356.16042 
           -508.94491               5.41588            -503.52904             418.98848 
           -509.55703               5.93289            -503.62414             458.98613 
           -509.09478               5.61386            -503.48093             434.30476 
           -509.67728               6.39995            -503.27733             495.11911 
           -508.98146               5.73970            -503.24176             444.03997 
           -509.03306               5.79010            -503.24295             447.93958 
           -508.94187               5.61405            -503.32782             434.31990 
           -508.89384               5.34609            -503.54776             413.58926 
           -508.72748               4.81886            -503.90863             372.80105 
           -508.33402               4.12852            -504.20550             319.39427 
           -508.12540               3.77120            -504.35421             291.75092 
           -508.66237               4.16695            -504.49542             322.36778 
           -509.92680               5.31899            -504.60781             411.49277 
           -509.92123               5.39117            -504.53006             417.07702 
           -510.89625               6.44710            -504.44915             498.76707 
           -510.68254               6.35961            -504.32294             491.99805 
           -511.20337               6.87326            -504.33011             531.73609 
           -510.01650               5.60491            -504.41159             433.61236 
           -510.27797               5.98944            -504.28853             463.36102 
           -510.47552               6.38804            -504.08748             494.19784 
           -510.71437               6.72412            -503.99025             520.19762 
           -511.65096               7.93134            -503.71962             613.59248 
           -511.90687               8.47832            -503.42855             655.90799 
           -512.99307               9.65468            -503.33838             746.91521 
           -513.22240               9.91417            -503.30822             766.98990 
           -513.04823               9.62178            -503.42646             744.36933 
           -512.91347               9.37595            -503.53752             725.35184 
           -512.40674               8.81225            -503.59448             681.74220 
           -512.64634               8.87190            -503.77444             686.35689 
           -512.98100               8.99042            -503.99058             695.52546 
           -513.98987               9.70523            -504.28464             750.82561 
           -512.69881               8.21099            -504.48782             635.22644 
           -512.98670               8.38179            -504.60491             648.44006 
           -513.02295               8.13022            -504.89273             628.97814 
           -512.56837               7.37177            -505.19659             570.30229 
           -512.00711               6.70906            -505.29806             519.03269 
           -512.76347               7.48354            -505.27993             578.94892 
           -513.29256               8.06589            -505.22667             624.00156 
           -512.72720               7.42375            -505.30344             574.32377 
           -511.89706               6.54837            -505.34869             506.60178 
           -512.60595               7.32020            -505.28575             566.31261 
           -513.35023               7.77019            -505.58004             601.12499 
           -512.96143               7.11535            -505.84608             550.46460 
           -511.84474               5.95552            -505.88922             460.73701 
           -511.37359               5.40178            -505.97181             417.89766 
           -513.21614               7.03613            -506.18000             544.33637 
           -512.75154               6.23973            -506.51180             482.72446 
           -512.69172               5.84269            -506.84903             452.00756 
           -512.83346               5.71586            -507.11761             442.19583 
           -512.51235               5.18260            -507.32975             400.94156 
           -511.95529               4.42190            -507.53339             342.09155 
           -512.05364               4.34421            -507.70943             336.08105 
           -513.37727               5.55290            -507.82437             429.58859 
           -514.48622               6.54103            -507.94520             506.03340 
           -514.43674               6.14323            -508.29351             475.25877 
           -514.88382               6.30803            -508.57579             488.00777 
           -514.02477               5.43252            -508.59225             420.27607 
           -514.20018               5.50318            -508.69700             425.74238 
           -514.94639               6.09906            -508.84732             471.84177 
           -515.25336               6.52670            -508.72665             504.92508 
           -515.00656               6.47659            -508.52997             501.04858 
           -516.30905               7.74518            -508.56386             599.19056 
           -515.28347               6.67351            -508.60996             516.28273 
           -515.16276               6.58709            -508.57568             509.59656 
           -514.61242               6.04425            -508.56818             467.60113 
           -514.51867               5.94263            -508.57605             459.73931 
           -515.27279               6.66412            -508.60867             515.55651 
           -515.18177               6.53610            -508.64568             505.65181 
           -515.11474               6.42185            -508.69289             496.81362 
           -515.35671               6.65373            -508.70298             514.75265 
           -515.07517               6.20209            -508.87309             479.81195 
           -514.56211               5.43099            -509.13112             420.15751 
           -514.62777               5.23428            -509.39348             404.93971 
           -515.02554               5.53690            -509.48864             428.35124 
           -514.88165               5.37080            -509.51084             415.50145 
           -514.23935               4.76830            -509.47105             368.88972 
           -514.42010               5.18931            -509.23079             401.46062 
           -513.77193               4.82902            -508.94290             373.58768 
           -513.82713               4.98815            -508.83897             385.89854 
           -514.12252               5.26380            -508.85872             407.22306 
           -513.83726               5.00470            -508.83256             387.17814 
           -514.25084               5.38213            -508.86871             416.37746 
           -514.55478               5.64619            -508.90860             436.80589 
           -514.49554               5.48231            -509.01323             424.12786 
           -514.05999               5.11076            -508.94923             395.38334 
           -513.50823               4.75386            -508.75438             367.77243 
           -513.96651               5.40074            -508.56577             417.81703 
           -514.43432               5.96927            -508.46505             461.80068 
           -515.27295               6.75851            -508.51445             522.85832 
           -514.48626               5.84047            -508.64579             451.83623 
           -513.97651               5.07098            -508.90553             392.30599 
           -514.10824               5.01392            -509.09431             387.89207 
           -514.19865               5.01697            -509.18168             388.12782 
           -514.53488               5.43933            -509.09555             420.80280 
           -514.08449               5.13378            -508.95071             397.16429 
           -514.50589               5.58349            -508.92240             431.95524 
           -514.47779               5.58002            -508.89777             431.68723 
           -514.80166               5.96150            -508.84016             461.19948 
           -514.92297               6.09283            -508.83014             471.35980 
           -515.42149               6.54146            -508.88003             506.06707 
           -514.96651               6.27416            -508.69234             485.38804 
           -514.22135               5.87605            -508.34530             454.58855 
           -514.24098               6.13403            -508.10696             474.54658 
           -513.81816               5.89124            -507.92692             455.76416 
           -514.90755               7.12691            -507.78065             551.35877 
           -513.43255               5.85360            -507.57895             452.85165 
           -514.17205               6.61926            -507.55278             512.08600 
           -513.17372               5.63447            -507.53926             435.89926 
           -513.16024               5.69042            -507.46981             440.22804 
           -512.74017               5.34617            -507.39400             413.59540 
           -511.87954               4.51627            -507.36327             349.39242 
           -512.67182               5.36603            -507.30579             415.13179 
           -512.42228               5.18653            -507.23576             401.24509 
           -512.45233               5.40440            -507.04793             418.10073 
           -511.84411               5.23190            -506.61221             404.75570 
           -511.74639               5.30963            -506.43676             410.76894 
           -510.37128               4.24043            -506.13086             328.05218 
           -511.33967               5.45514            -505.88453             422.02580 
           -512.10618               6.46868            -505.63750             500.43668 
           -511.88057               6.66574            -505.21482             515.68168 
           -511.73770               6.83064            -504.90706             528.43868 
           -511.68688               7.14097            -504.54592             552.44642 
           -511.68939               7.33202            -504.35737             567.22687 
           -512.39622               7.91835            -504.47787             612.58711 
           -512.72925               8.13279            -504.59645             629.17719 
           -512.51205               8.07439            -504.43766             624.65898 
           -513.24375               8.82448            -504.41927             682.68809 
           -512.58626               8.24623            -504.34002             637.95324 
           -512.65896               8.48761            -504.17134             656.62700 
           -512.61840               8.46210            -504.15630             654.65299 
           -512.35589               7.99978            -504.35611             618.88684 
           -512.03270               7.44029            -504.59240             575.60327 
           -511.76266               7.30821            -504.45445             565.38481 
           -512.14475               7.89517            -504.24958             610.79406 
           -511.41184               7.27729            -504.13454             562.99323 
           -512.16056               8.21515            -503.94541             635.54871 
           -512.24639               8.51528            -503.73111             658.76772 
           -511.98525               8.26218            -503.72306             639.18707 
           -511.26646               7.39637            -503.87009             572.20547 
           -511.59545               7.63412            -503.96133             590.59860 
           -510.81365               7.01868            -503.79497             542.98587 
           -510.84435               7.09727            -503.74708             549.06594 
           -510.56480               6.78450            -503.78030             524.86900 
           -511.38018               7.70828            -503.67190             596.33574 
           -510.18916               6.80099            -503.38817             526.14505 
           -511.03103               7.55814            -503.47288             584.72044 
           -510.52857               6.90711            -503.62146             534.35427 
           -509.94789               6.19475            -503.75314             479.24413 
           -510.37821               6.41919            -503.95902             496.60772 
           -509.58781               5.54917            -504.03864             429.30013 
           -509.72173               5.66395            -504.05778             438.18022 
           -509.56587               5.64617            -503.91970             436.80453 
           -509.21486               5.26916            -503.94570             407.63773 
           -509.34858               5.29941            -504.04917             409.97808 
           -509.29501               5.26746            -504.02756             407.50605 
           -509.39939               5.35309            -504.04630             414.13086 
           -509.22284               5.05454            -504.16830             391.03448 
           -508.79086               4.58187            -504.20899             354.46686 
           -509.27515               5.27901            -503.99614             408.40000 
           -509.58853               5.74835            -503.84018             444.70918 
           -508.87813               5.15213            -503.72600             398.58411 
           -509.03560               5.46320            -503.57240             422.64965 
           -509.01204               5.54519            -503.46685             428.99232 
           -509.08155               5.64544            -503.43611             436.74829 
           -509.50810               5.97538            -503.53271             462.27333 
           -509.29679               5.69520            -503.60159             440.59729 
           -509.73754               6.16826            -503.56928             477.19476 
           -509.42035               5.76717            -503.65319             446.16527 
           -509.41732               5.62184            -503.79548             434.92206 
           -509.73148               5.87729            -503.85420             454.68441 
           -509.78633               5.82396            -503.96237             450.55895 
           -510.34690               6.28661            -504.06029             486.35125 
           -510.16669               6.08025            -504.08644             470.38626 
           -509.58555               5.53119            -504.05435             427.90941 
           -510.68145               6.62283            -504.05862             512.36170 
           -511.56558               7.40122            -504.16436             572.58029 
           -511.51373               7.34128            -504.17245             567.94322 
           -511.04339               6.98578            -504.05761             540.44088 
           -510.96694               7.01678            -503.95016             542.83916 
           -511.30603               7.42763            -503.87841             574.62353 
           -511.49825               7.77706            -503.72119             601.65655 
           -511.97411               8.40281            -503.57131             650.06619 
           -510.70037               7.26048            -503.43989             561.69227 
           -510.37794               6.88524            -503.49270             532.66301 
           -511.86780               8.25577            -503.61202             638.69132 
           -511.33054               7.77538            -503.55516             601.52659 
           -511.39465               7.68866            -503.70598             594.81804 
           -511.25571               7.50094            -503.75477             580.29505 
           -509.80335               6.05602            -503.74734             468.51164 
           -510.12472               6.16529            -503.95943             476.96534 
           -509.25486               5.12112            -504.13375             396.18499 
           -511.01960               6.67897            -504.34063             516.70525 
           -510.24279               5.80508            -504.43771             449.09854 
           -509.71654               5.26227            -504.45427             407.10476 
           -509.50601               5.11484            -504.39117             395.69964 
           -509.81318               5.63466            -504.17852             435.91397 
           -509.96832               5.82759            -504.14073             450.84006 
           -510.54741               6.32600            -504.22141             489.39857 
           -510.16266               5.97254            -504.19013             462.05319 
           -510.32375               6.11167            -504.21208             472.81686 
           -510.04929               5.88543            -504.16387             455.31406 
           -509.77713               5.65092            -504.12621             437.17184 
           -510.28571               6.13001            -504.15570             474.23597 
           -511.10559               6.89920            -504.20639             533.74252 
           -510.98474               6.54388            -504.44085             506.25426 
           -511.44326               6.79258            -504.65068             525.49440 
           -511.07686               6.24089            -504.83597             482.81402 
           -510.98657               5.91234            -505.07423             457.39612 
           -511.07251               5.95839            -505.11412             460.95909 
           -511.94134               6.78966            -505.15168             525.26825 
           -511.98148               6.76984            -505.21164             523.73493 
           -512.43436               7.12741            -505.30694             551.39780 
           -511.79234               6.43632            -505.35602             497.93257 
           -511.59008               6.25627            -505.33381             484.00364 
           -511.44929               6.14235            -505.30694             475.19030 
           -511.47467               6.09496            -505.37971             471.52431 
           -511.16233               5.98518            -505.17715             463.03129 
           -511.26082               6.29862            -504.96220             487.27995 
           -511.51861               6.55147            -504.96714             506.84090 
           -512.17905               7.29117            -504.88788             564.06701 
           -510.81839               6.03167            -504.78672             466.62818 
           -511.56383               6.67339            -504.89044             516.27359 
           -511.08949               6.09129            -504.99820             471.24038 
           -510.39989               5.21445            -505.18544             403.40572 
           -510.40787               5.17014            -505.23773             399.97724 
           -510.03407               4.85180            -505.18227             375.34994 
           -510.55963               5.27744            -505.28220             408.27815 
           -511.07366               5.77428            -505.29938             446.71537 
           -511.31532               6.13447            -505.18084             474.58124 
           -510.76044               5.64268            -505.11776             436.53489 
           -511.00608               5.87065            -505.13543             454.17114 
           -510.52024               5.16814            -505.35210             399.82311 
           -511.12913               5.39598            -505.73315             417.44925 
           -510.67103               4.77547            -505.89557             369.44428 
           -511.65879               5.65126            -506.00753             437.19846 
           -510.64485               4.82826            -505.81659             373.52863 
           -510.81405               5.33981            -505.47424             413.10357 
           -511.76175               6.54380            -505.21795             506.24813 
           -511.65806               6.59134            -505.06672             509.92548 
           -511.53787               6.44947            -505.08841             498.95019 
           -511.16744               5.99081            -505.17663             463.46696 
           -510.96485               5.68412            -505.28073             439.74060 
           -510.52294               5.18508            -505.33786             401.13309 
           -512.06994               6.63536            -505.43458             513.33116 
           -512.26114               6.82170            -505.43944             527.74722 
           -512.78164               7.52890            -505.25274             582.45808 
           -512.55855               7.53778            -505.02077             583.14540 
           -513.58990               8.59644            -504.99345             665.04663 
           -513.02796               7.99994            -505.02802             618.89951 
           -513.09467               7.94798            -505.14670             614.87921 
           -513.32429               7.93316            -505.39112             613.73321 
           -513.50152               7.77378            -505.72774             601.40279 
           -514.15362               8.27524            -505.87838             640.19734 
           -514.01825               8.27345            -505.74480             640.05904 
           -514.98583               9.33687            -505.64896             722.32827 
           -514.61859               8.82446            -505.79414             682.68618 
           -514.78242               8.88002            -505.90240             686.98463 
           -513.78842               7.96364            -505.82479             616.09082 
           -514.25319               8.36704            -505.88615             647.29928 
           -514.22543               8.19943            -506.02600             634.33230 
           -514.60409               8.45191            -506.15218             653.86487 
           -515.16278               8.99358            -506.16920             695.77017 
           -515.22713               9.13698            -506.09014             706.86421 
           -514.15740               7.93126            -506.22614             613.58596 
           -513.87324               7.54262            -506.33062             583.51954 
           -513.17726               6.85200            -506.32526             530.09091 
           -513.35483               6.87818            -506.47665             532.11627 
           -513.76928               7.05446            -506.71482             545.75386 
           -513.17729               6.35037            -506.82692             491.28393 
           -513.03735               5.97151            -507.06584             461.97410 
           -514.07549               6.89276            -507.18273             533.24453 
           -513.28811               6.04618            -507.24193             467.75088 
           -512.26223               4.90735            -507.35487             379.64752 
           -513.02211               5.65179            -507.37031             437.23955 
           -512.23381               5.08043            -507.15339             393.03686 
           -512.04468               5.15336            -506.89132             398.67937 
           -512.76724               5.92499            -506.84225             458.37503 
           -512.92923               6.06171            -506.86752             468.95223 
           -512.64154               5.88236            -506.75918             455.07666 
           -513.16445               6.38544            -506.77901             493.99691 
           -513.83374               6.81032            -507.02342             526.86681 
           -513.72397               6.62031            -507.10367             512.16663 
           -514.12382               7.04300            -507.08082             544.86713 
           -514.79794               7.55561            -507.24233             584.52466 
           -513.97319               6.73761            -507.23557             521.24200 
           -514.33184               7.13939            -507.19245             552.32468 
           -514.46434               7.48544            -506.97889             579.09625 
           -514.48088               7.82847            -506.65240             605.63416 
           -515.64410               9.22856            -506.41554             713.94883 
           -515.94587               9.64107            -506.30480             745.86183 
           -514.83502               8.49781            -506.33721             657.41562 
           -514.45293               8.05236            -506.40056             622.95485 
           -514.28165               7.91662            -506.36503             612.45315 
           -514.14739               7.68849            -506.45890             594.80424 
           -514.34047               7.89457            -506.44590             610.74728 
           -514.08817               7.82315            -506.26502             605.22207 
           -515.32940               9.10355            -506.22584             704.27814 
           -513.62975               7.52795            -506.10180             582.38463 
           -514.07193               7.89383            -506.17810             610.69012 
           -513.28966               7.08957            -506.20008             548.47064 
           -514.06495               7.88469            -506.18026             609.98298 
           -513.86139               7.56137            -506.30002             584.96995 
           -513.61710               7.40723            -506.20988             573.04518 
           -512.20453               6.15829            -506.04624             476.42332 
           -512.40458               6.36773            -506.03684             492.62664 
           -512.18269               6.18191            -506.00078             478.25079 
           -511.72645               5.68754            -506.03890             440.00541 
           -512.29366               6.13840            -506.15526             474.88509 
           -511.68601               5.53803            -506.14798             428.43835 
           -512.46252               6.30024            -506.16229             487.40526 
           -511.99524               5.90408            -506.09116             456.75703 
           -511.70850               5.75687            -505.95163             445.36860 
           -511.78434               5.89549            -505.88884             456.09304 
           -510.99468               5.19990            -505.79478             402.28001 
           -511.82066               5.95665            -505.86401             460.82418 
           -512.06975               5.99601            -506.07374             463.86917 
           -511.88888               5.83683            -506.05205             451.55485 
           -512.03968               6.06492            -505.97476             469.20022 
           -510.60222               4.69078            -505.91145             362.89250 
           -511.16380               5.28720            -505.87660             409.03371 
           -511.54345               5.63713            -505.90632             436.10525 
           -511.58536               5.71877            -505.86658             442.42148 
           -510.37795               4.50489            -505.87306             348.51163 
           -510.88730               4.81726            -506.07004             372.67743 
           -512.04154               5.93070            -506.11084             458.81636 
           -511.59070               5.60014            -505.99056             433.24367 
           -510.97362               5.08710            -505.88652             393.55325 
           -511.56871               5.77560            -505.79311             446.81741 
           -512.08728               6.32067            -505.76661             488.98570 
           -512.81935               7.07230            -505.74705             547.13419 
           -511.81212               6.17287            -505.63924             477.55200 
           -511.81199               6.11357            -505.69842             472.96395 
           -512.33027               6.58651            -505.74375             509.55222 
           -512.82318               7.08620            -505.73698             548.20933 
           -512.22919               6.61456            -505.61462             511.72238 
           -511.29840               5.76107            -505.53733             445.69358 
           -512.59511               6.88537            -505.70974             532.67286 
           -513.12814               7.38750            -505.74064             571.51871 
           -512.31880               6.71200            -505.60680             519.26014 
           -511.49923               5.88800            -505.61123             455.51326 
           -511.49820               5.98998            -505.50821             463.40307 
           -510.81022               5.55328            -505.25694             429.61861 
           -511.64231               6.55756            -505.08475             507.31245 
           -510.58107               5.62000            -504.96108             434.77960 
           -510.88359               5.87649            -505.00710             454.62271 
           -510.63485               5.74535            -504.88950             444.47773 
           -511.06493               6.21251            -504.85242             480.61845 
           -510.47267               5.76882            -504.70385             446.29313 
           -510.35974               5.95290            -504.40684             460.53428 
           -510.08996               5.88572            -504.20424             455.33712 
           -509.91723               5.88258            -504.03465             455.09407 
           -509.87248               5.95943            -503.91306             461.03897 
           -509.67538               5.67669            -503.99868             439.16601 
           -510.64713               6.42550            -504.22163             497.09566 
           -510.21970               5.97971            -504.23999             462.60842 
           -510.59502               6.47847            -504.11655             501.19360 
           -510.47831               6.45000            -504.02831             498.99102 
           -510.93454               6.84574            -504.08881             529.60663 
           -510.65970               6.55076            -504.10894             506.78632 
           -511.86226               7.73092            -504.13135             598.08683 
           -511.15612               6.97893            -504.17719             539.91096 
           -511.87581               7.72228            -504.15353             597.41894 
           -511.13953               7.22144            -503.91808             558.67247 
           -510.97518               7.25466            -503.72052             561.24236 
           -511.02017               7.32222            -503.69796             566.46870 
           -511.41409               7.64512            -503.76897             591.44923 
           -510.75000               7.03751            -503.71249             544.44291 
           -510.26713               6.56147            -503.70567             507.61453 
           -511.31942               7.45026            -503.86916             576.37422 
           -511.44080               7.58531            -503.85550             586.82190 
           -511.32225               7.56752            -503.75472             585.44625 
           -511.54447               7.83574            -503.70873             606.19640 
           -511.15870               7.48476            -503.67394             579.04369 
           -510.11869               6.51635            -503.60234             504.12430 
           -510.07369               6.41242            -503.66127             496.08432 
           -509.42816               5.61515            -503.81301             434.40462 
           -510.30722               6.37804            -503.92918             493.42405 
           -509.31044               5.41279            -503.89765             418.74943 
           -509.22145               5.29219            -503.92926             409.41991 
           -509.71383               5.80755            -503.90628             449.28972 
           -510.56199               6.66357            -503.89842             515.51399 
           -510.28301               6.40772            -503.87529             495.72006 
           -510.35891               6.45862            -503.90029             499.65798 
           -509.40113               5.52260            -503.87853             427.24483 
           -509.07702               5.17059            -503.90643             400.01194 
           -509.75983               5.85054            -503.90929             452.61510 
           -508.95142               5.10810            -503.84332             395.17777 
           -509.24697               5.64768            -503.59929             436.92165 
           -508.30768               4.87555            -503.43212             377.18732 
           -508.83643               5.36242            -503.47401             414.85318 
           -509.35198               5.76714            -503.58485             446.16286 
           -508.81936               5.13354            -503.68582             397.14578 
           -509.58090               5.76166            -503.81925             445.73914 
           -508.63751               4.81576            -503.82175             372.56128 
           -509.33487               5.47644            -503.85843             423.67342 
           -509.39222               5.59900            -503.79321             433.15561 
           -509.38753               5.68976            -503.69777             440.17673 
           -509.30214               5.66866            -503.63349             438.54412 
           -510.23019               6.50629            -503.72390             503.34571 
           -509.74123               5.84908            -503.89215             452.50213 
           -510.13429               6.12314            -504.01115             473.70450 
           -510.46447               6.49450            -503.96997             502.43416 
           -510.09272               6.20083            -503.89189             479.71465 
           -510.92683               7.03555            -503.89128             544.29117 
           -510.30413               6.54447            -503.75966             506.29964 
           -511.61202               7.90811            -503.70391             611.79515 
           -511.22845               7.47035            -503.75810             577.92856 
           -511.04708               7.20783            -503.83926             557.61888 
           -510.83588               7.00006            -503.83582             541.54569 
           -511.68117               7.88865            -503.79251             610.28985 
           -511.40496               7.66332            -503.74164             592.85717 
           -511.64898               7.90420            -503.74478             611.49230 
           -512.14967               8.44264            -503.70702             653.14802 
           -512.05422               8.29563            -503.75859             641.77449 
           -511.90567               7.81772            -504.08795             604.80240 
           -512.07955               7.78831            -504.29124             602.52702 
           -511.39904               7.09942            -504.29962             549.23217 
           -512.44475               7.92821            -504.51654             613.34996 
           -511.38197               6.88663            -504.49533             532.77045 
           -511.11262               6.68548            -504.42713             517.20884 
           -511.47185               6.93479            -504.53706             536.49584 
           -511.26139               6.67032            -504.59107             516.03621 
           -511.61628               6.91154            -504.70474             534.69739 
           -511.45907               6.54702            -504.91205             506.49715 
           -511.49791               6.45060            -505.04732             499.03749 
           -510.86671               5.57599            -505.29073             431.37485 
           -511.29824               5.87724            -505.42100             454.68098 
           -512.16433               6.51843            -505.64590             504.28508 
