           -513.14904               1.36105            -511.78799             105.29483 
           -513.90310               2.22555            -511.67756             172.17499 
           -513.62422               2.09131            -511.53292             161.78984 
           -513.64983               2.27426            -511.37556             175.94390 
           -514.05748               2.74459            -511.31289             212.32953 
           -513.70034               2.38441            -511.31593             184.46471 
           -513.15150               1.74698            -511.40452             135.15128 
           -513.16593               1.59145            -511.57448             123.11902 
           -513.83449               2.10733            -511.72716             163.02914 
           -514.08360               2.25205            -511.83155             174.22502 
           -514.19917               2.32175            -511.87741             179.61788 
           -514.67199               2.87329            -511.79870             222.28648 
           -514.40368               2.75562            -511.64805             213.18329 
           -513.76861               2.29764            -511.47096             177.75256 
           -513.73262               2.39699            -511.33563             185.43827 
           -514.28778               2.98433            -511.30345             230.87679 
           -514.40649               3.08753            -511.31896             238.86029 
           -514.51667               3.08304            -511.43363             238.51319 
           -515.03975               3.43135            -511.60840             265.45961 
           -515.51244               3.77876            -511.73368             292.33615 
           -515.04410               3.22500            -511.81910             249.49528 
           -514.92169               3.10817            -511.81352             240.45732 
           -515.01832               3.32480            -511.69352             257.21609 
           -515.48099               3.92916            -511.55184             303.97121 
           -515.78026               4.40432            -511.37594             340.73169 
           -516.89314               5.62776            -511.26538             435.38029 
           -517.62550               6.38354            -511.24197             493.84952 
           -517.89789               6.60526            -511.29264             511.00236 
           -518.29163               6.85442            -511.43721             530.27838 
           -518.83584               7.26798            -511.56786             562.27276 
           -519.41105               7.70288            -511.70818             595.91745 
           -519.05575               7.15154            -511.90420             553.26468 
           -519.57535               7.42598            -512.14937             574.49632 
           -520.80078               8.32998            -512.47080             644.43210 
           -520.60207               7.91042            -512.69165             611.97357 
           -520.16388               7.26756            -512.89632             562.24034 
           -521.17927               8.33995            -512.83933             645.20306 
           -520.26677               8.01512            -512.25165             620.07365 
           -519.53345               8.00364            -511.52982             619.18514 
           -520.23393               9.23644            -510.99749             714.55826 
           -520.04067               9.33928            -510.70138             722.51488 
           -519.08144               8.45013            -510.63130             653.72760 
           -519.78337               8.93612            -510.84725             691.32513 
           -520.05896               8.80402            -511.25494             681.10508 
           -520.35703               8.67230            -511.68472             670.91504 
           -519.91447               8.10359            -511.81087             626.91826 
           -518.20474               6.40483            -511.79991             495.49657 
           -517.47595               5.61982            -511.85613             434.76622 
           -519.38623               7.28477            -512.10146             563.57171 
           -516.62382               4.17695            -512.44687             323.14164 
           -517.03701               4.03984            -512.99717             312.53390 
           -519.82518               6.44889            -513.37629             498.90555 
           -518.15745               5.17819            -512.97926             400.59987 
           -516.65664               4.35485            -512.30179             336.90395 
           -517.99441               6.24440            -511.75001             483.08516 
           -517.02223               5.42651            -511.59572             419.81101 
           -517.14681               5.39976            -511.74705             417.74125 
           -517.04884               5.34944            -511.69940             413.84841 
           -518.34356               6.74996            -511.59361             522.19672 
           -517.75018               6.14773            -511.60245             475.60700 
           -517.43578               5.96526            -511.47052             461.49039 
           -516.91733               5.75142            -511.16591             444.94712 
           -519.26103               8.33140            -510.92963             644.54201 
           -520.83245               9.89393            -510.93852             765.42424 
           -520.14190               8.72191            -511.41999             674.75328 
           -518.67738               7.01549            -511.66189             542.73926 
           -519.79772               7.90539            -511.89233             611.58444 
           -518.71712               6.71494            -512.00218             519.48767 
           -517.80826               6.10657            -511.70169             472.42257 
           -519.65934               8.32750            -511.33185             644.24008 
           -519.79823               8.77033            -511.02790             678.49917 
           -519.63367               8.87828            -510.75540             686.85000 
           -520.18561               9.61436            -510.57125             743.79535 
           -519.40153               8.93536            -510.46617             691.26594 
           -518.63190               8.18304            -510.44887             633.06428 
           -516.97756               6.55757            -510.41999             507.31321 
           -516.88202               6.42993            -510.45209             497.43843 
           -517.40836               6.92392            -510.48444             535.65546 
           -516.35512               5.82508            -510.53004             450.64558 
           -517.20867               6.69447            -510.51420             517.90422 
           -516.90356               6.46932            -510.43424             500.48610 
           -517.17477               6.69222            -510.48255             517.73000 
           -516.46449               5.99812            -510.46637             464.03266 
           -517.09276               6.62162            -510.47113             512.26850 
           -517.80851               7.38863            -510.41988             571.60631 
           -517.39988               7.25401            -510.14588             561.19164 
           -516.44658               6.51342            -509.93316             503.89746 
           -516.55083               6.91162            -509.63921             534.70316 
           -516.47188               7.03880            -509.43308             544.54225 
           -516.08432               6.58562            -509.49870             509.48303 
           -516.20945               6.46804            -509.74141             500.38671 
           -516.58316               6.58765            -509.99551             509.64037 
           -515.72733               5.44662            -510.28071             421.36668 
           -515.68358               5.07611            -510.60747             392.70268 
           -516.01670               5.12631            -510.89040             396.58638 
           -514.44515               3.59054            -510.85461             277.77459 
           -514.32734               3.66784            -510.65950             283.75502 
           -514.02870               3.57915            -510.44955             276.89374 
           -514.15443               3.86383            -510.29060             298.91749 
           -514.17344               4.09200            -510.08144             316.56949 
           -513.99081               4.04375            -509.94706             312.83656 
           -515.33089               5.26114            -510.06976             407.01716 
           -514.56447               4.27880            -510.28567             331.02082 
           -515.22126               4.66197            -510.55929             360.66389 
           -515.44026               4.67515            -510.76511             361.68354 
           -516.55586               5.62904            -510.92681             435.47965 
           -515.43204               4.43229            -510.99976             342.89511 
           -514.27282               3.53793            -510.73489             273.70449 
           -515.14739               4.73550            -510.41189             366.35253 
           -515.72378               5.47055            -510.25323             423.21805 
           -515.88596               5.63353            -510.25243             435.82686 
           -516.16115               5.93180            -510.22935             458.90157 
           -516.44428               6.24707            -510.19721             483.29204 
           -515.19392               4.98957            -510.20436             386.00779 
           -515.67063               5.54238            -510.12825             428.77493 
           -514.42199               4.41536            -510.00663             341.58569 
           -514.88108               4.87670            -510.00438             377.27571 
           -514.42043               4.45104            -509.96939             344.34582 
           -515.72214               5.68368            -510.03845             439.70658 
           -516.23247               6.12855            -510.10392             474.12319 
           -516.64912               6.47693            -510.17219             501.07463 
           -517.40243               7.04689            -510.35555             545.16810 
           -516.84156               6.42340            -510.41816             496.93332 
           -517.59006               7.13030            -510.45976             551.62144 
           -516.39335               5.93271            -510.46063             458.97244 
           -516.25834               5.84025            -510.41810             451.81900 
           -517.19815               6.73226            -510.46589             520.82796 
           -517.00592               6.50354            -510.50238             503.13296 
           -516.72023               6.48091            -510.23932             501.38234 
           -516.17851               6.12996            -510.04855             474.23200 
           -515.67302               5.71250            -509.96052             441.93636 
           -515.34068               5.51873            -509.82195             426.94553 
           -515.65563               5.90460            -509.75103             456.79779 
           -514.92564               5.22511            -509.70053             404.23029 
           -514.41831               4.60592            -509.81239             356.32760 
           -514.33034               4.40049            -509.92985             340.43489 
           -515.86616               6.07729            -509.78887             470.15758 
           -514.78878               5.20838            -509.58040             402.93602 
           -515.81665               6.35825            -509.45840             491.89286 
           -515.87213               6.72583            -509.14631             520.32994 
           -515.03343               5.93613            -509.09730             459.23659 
           -515.41269               6.02479            -509.38790             466.09564 
           -514.98261               5.30077            -509.68184             410.08371 
           -514.76984               4.93624            -509.83361             381.88197 
           -514.76519               4.98478            -509.78040             385.63765 
           -515.15531               5.46614            -509.68917             422.87682 
           -515.58275               5.82039            -509.76236             450.28305 
           -516.76693               6.81653            -509.95040             527.34722 
           -517.20498               7.27942            -509.92557             563.15736 
           -516.81825               7.00011            -509.81814             541.54935 
           -514.36776               4.62205            -509.74572             357.57533 
           -515.63103               5.92520            -509.70583             458.39135 
           -515.88004               6.41237            -509.46767             496.08018 
           -516.29157               6.98032            -509.31125             540.01836 
           -516.31808               6.91853            -509.39954             535.23845 
           -515.64722               6.18663            -509.46059             478.61592 
           -516.57731               7.12204            -509.45528             550.98205 
           -516.50623               7.01631            -509.48992             542.80265 
           -515.07831               5.55496            -509.52335             429.74852 
           -515.98321               6.56270            -509.42051             507.70974 
           -516.11029               6.81637            -509.29392             527.33483 
           -516.14143               6.71470            -509.42672             519.46942 
           -515.04013               5.54982            -509.49031             429.35091 
           -515.24087               5.59970            -509.64117             433.20942 
           -515.03611               5.19733            -509.83878             402.08101 
           -514.68123               4.81120            -509.87003             372.20909 
           -514.52497               4.67021            -509.85476             361.30108 
           -515.12401               5.28477            -509.83924             408.84529 
           -514.95281               5.28371            -509.66910             408.76322 
           -515.89059               6.24564            -509.64495             483.18102 
           -514.50795               4.96968            -509.53827             384.46938 
           -514.38418               4.78972            -509.59447             370.54673 
           -514.94272               5.19570            -509.74702             401.95498 
           -515.33923               5.62135            -509.71787             434.88473 
           -514.51423               4.88367            -509.63057             377.81501 
           -514.79757               5.24813            -509.54944             406.01077 
           -514.98769               5.53813            -509.44956             428.44625 
           -514.65949               5.24152            -509.41797             405.49985 
           -513.86418               4.48158            -509.38260             346.70836 
           -514.74029               5.22735            -509.51294             404.40369 
           -514.50862               4.76072            -509.74789             368.30372 
           -514.37914               4.64147            -509.73766             359.07819 
           -514.39653               4.69230            -509.70422             363.01055 
           -513.50855               3.77097            -509.73758             291.73331 
           -514.60626               4.93631            -509.66995             381.88748 
           -514.48316               4.89977            -509.58339             379.06062 
           -514.53993               4.94311            -509.59681             382.41406 
           -514.68678               4.91978            -509.76700             380.60892 
           -514.78501               4.87724            -509.90778             377.31747 
           -514.86952               5.07074            -509.79878             392.28763 
           -515.44530               5.68717            -509.75813             439.97659 
           -515.06048               5.25270            -509.80777             406.36490 
           -515.63597               6.00544            -509.63053             464.59855 
           -515.80281               6.31517            -509.48764             488.56044 
           -515.31548               5.87273            -509.44275             454.33158 
           -515.35972               5.91965            -509.44007             457.96185 
           -516.24754               6.65723            -509.59030             515.02354 
           -516.43469               6.79076            -509.64393             525.35339 
           -517.01729               7.31554            -509.70175             565.95223 
           -516.76487               7.03805            -509.72683             544.48422 
           -516.92980               7.38256            -509.54724             571.13673 
           -517.41939               7.88700            -509.53239             610.16189 
           -517.72784               8.15680            -509.57104             631.03413 
           -517.41455               7.79862            -509.61593             603.32488 
           -516.76612               7.01851            -509.74762             542.97279 
           -516.96731               7.12142            -509.84590             550.93416 
           -517.58983               7.63011            -509.95972             590.28787 
           -518.56368               8.41772            -510.14596             651.21978 
           -517.77925               7.69258            -510.08667             595.12069 
           -517.59763               7.46059            -510.13705             577.17322 
           -518.85959               8.54950            -510.31009             661.41496 
           -518.20858               7.93285            -510.27573             613.70924 
           -518.25599               7.91200            -510.34400             612.09569 
           -517.53142               7.16802            -510.36340             554.53972 
           -518.54803               8.16240            -510.38563             631.46732 
           -517.92506               7.54022            -510.38484             583.33401 
           -517.71548               7.27301            -510.44247             562.66161 
           -517.99158               7.28762            -510.70396             563.79201 
           -518.13816               7.30421            -510.83395             565.07572 
           -517.86523               6.88077            -510.98446             532.31677 
           -517.11079               5.87092            -511.23987             454.19175 
           -517.38857               5.84321            -511.54536             452.04780 
           -517.39024               5.67264            -511.71760             438.85234 
           -517.11013               5.39632            -511.71381             417.47570 
           -516.56777               4.75294            -511.81483             367.70160 
           -517.29897               5.17552            -512.12345             400.39359 
           -517.82887               5.46509            -512.36378             422.79568 
           -518.06255               5.40199            -512.66056             417.91420 
           -517.61112               4.67502            -512.93610             361.67371 
           -517.09758               3.91390            -513.18368             302.79115 
           -517.47131               4.26357            -513.20774             329.84254 
           -518.15601               5.09658            -513.05943             394.28633 
           -518.91766               5.91218            -513.00548             457.38366 
           -519.08117               6.12372            -512.95745             473.74957 
           -518.72711               5.94506            -512.78205             459.92768 
           -518.35632               5.39732            -512.95901             417.55243 
           -519.05743               5.71841            -513.33903             442.39309 
           -519.51139               6.02170            -513.48969             465.85685 
           -519.09091               5.55992            -513.53099             430.13180 
           -519.78524               6.14158            -513.64366             475.13089 
           -519.94404               6.25890            -513.68514             484.20680 
           -519.09665               5.48953            -513.60712             424.68675 
           -520.36560               6.74260            -513.62300             521.62788 
           -520.42234               6.66241            -513.75993             515.42372 
           -519.94174               5.95509            -513.98665             460.70339 
           -520.25132               6.17129            -514.08003             477.42946 
           -519.66572               5.52950            -514.13621             427.77890 
           -519.57528               5.49589            -514.07938             425.17874 
           -520.20427               6.35391            -513.85036             491.55782 
           -519.38531               5.70281            -513.68250             441.18603 
           -520.10224               6.47626            -513.62598             501.02289 
           -519.57739               5.95971            -513.61768             461.06084 
           -519.21343               5.56321            -513.65023             430.38617 
           -518.79823               5.14845            -513.64978             398.29920 
           -518.50745               4.76057            -513.74689             368.29159 
           -519.21528               5.42227            -513.79301             419.48276 
           -518.68150               5.02524            -513.65626             388.76786 
           -518.34845               4.84309            -513.50537             374.67565 
           -518.60333               5.13441            -513.46892             397.21348 
           -518.84246               5.38248            -513.45998             416.40474 
           -519.30720               5.73524            -513.57196             443.69558 
           -518.92091               5.32419            -513.59672             411.89496 
           -517.97206               4.37527            -513.59679             338.48415 
           -518.14749               4.43418            -513.71331             343.04115 
           -518.35572               4.70439            -513.65133             363.94547 
           -518.74531               5.08548            -513.65983             393.42756 
           -518.41113               4.73518            -513.67595             366.32776 
           -519.02413               5.33146            -513.69267             412.45755 
           -518.85507               5.09862            -513.75644             394.44454 
           -517.99148               4.24230            -513.74918             328.19677 
           -519.54932               5.78947            -513.75986             447.89029 
           -518.84093               5.09888            -513.74205             394.46489 
           -518.89501               5.31385            -513.58115             411.09563 
           -519.20270               5.72327            -513.47943             442.76916 
           -519.33887               5.89476            -513.44411             456.03618 
           -519.02104               5.78433            -513.23670             447.49340 
           -519.69191               6.55732            -513.13460             507.29348 
           -518.50288               5.56804            -512.93484             430.76011 
           -519.69694               6.86938            -512.82755             531.43580 
           -518.17407               5.34142            -512.83266             413.22781 
           -519.16940               6.35583            -512.81357             491.70592 
           -518.60828               5.75471            -512.85357             445.20174 
           -518.14854               5.15326            -512.99528             398.67138 
           -519.22280               6.12667            -513.09613             473.97741 
           -517.37128               4.33798            -513.03329             335.59946 
           -518.83002               5.87887            -512.95115             454.80714 
           -518.10497               5.29891            -512.80606             409.93980 
           -517.24138               4.55324            -512.68815             352.25201 
           -517.81648               5.34102            -512.47546             413.19733 
           -517.27563               5.03923            -512.23640             389.84993 
           -516.60117               4.60471            -511.99645             356.23443 
           -517.32339               5.58926            -511.73413             432.40218 
           -517.35301               5.68035            -511.67266             439.44845 
           -516.94004               5.49715            -511.44289             425.27558 
           -517.50948               6.26848            -511.24099             484.94863 
           -516.49504               5.36296            -511.13208             414.89493 
           -515.92700               5.07751            -510.84949             392.81109 
           -515.59612               5.07139            -510.52472             392.33810 
           -516.52402               6.11243            -510.41159             472.87609 
           -516.95903               6.56813            -510.39090             508.13031 
           -516.28539               5.88127            -510.40412             454.99248 
           -517.46655               7.01806            -510.44849             542.93794 
           -516.75548               6.27283            -510.48266             485.28448 
           -516.88323               6.39853            -510.48470             495.00930 
           -516.58007               6.41859            -510.16148             496.56130 
           -516.89054               6.83934            -510.05120             529.11155 
           -516.50473               6.48307            -510.02166             501.54966 
           -516.72923               6.81824            -509.91099             527.47905 
           -516.83400               6.91226            -509.92173             534.75339 
           -516.66688               6.70585            -509.96103             518.78450 
           -516.31683               6.34486            -509.97197             490.85720 
           -516.76667               6.89988            -509.86678             533.79557 
           -516.62399               6.96061            -509.66338             538.49380 
           -516.19578               6.59299            -509.60279             510.05314 
           -516.04655               6.55103            -509.49552             506.80725 
           -516.49715               7.25291            -509.24424             561.10676 
           -516.20177               7.02812            -509.17366             543.71613 
           -515.94667               6.69266            -509.25401             517.76398 
           -516.12770               6.84123            -509.28646             529.25825 
           -515.42735               6.18729            -509.24006             478.66710 
           -515.92530               6.57262            -509.35268             508.47737 
           -515.51096               6.04419            -509.46677             467.59639 
           -515.74024               6.21858            -509.52166             481.08810 
           -514.55892               5.04351            -509.51541             390.18119 
           -515.22101               5.61810            -509.60291             434.63321 
           -514.22149               4.52586            -509.69564             350.13401 
           -515.76652               5.92773            -509.83879             458.58719 
           -515.23857               5.33346            -509.90512             412.61211 
           -514.89528               4.99608            -509.89920             386.51150 
           -514.81280               4.93424            -509.87856             381.72790 
           -515.13737               5.29909            -509.83828             409.95327 
           -515.24151               5.55018            -509.69133             429.37835 
           -514.04649               4.56652            -509.47997             353.27959 
           -514.85375               5.46594            -509.38780             422.86172 
           -514.82150               5.46557            -509.35594             422.83254 
           -513.82867               4.60906            -509.21961             356.57059 
           -514.47650               5.32784            -509.14866             412.17759 
           -514.29324               5.09993            -509.19330             394.54600 
           -515.27249               6.00426            -509.26823             464.50745 
           -514.78620               5.44725            -509.33894             421.41584 
           -514.73351               5.31236            -509.42115             410.98017 
           -514.58108               5.07859            -509.50249             392.89489 
           -514.45477               4.87299            -509.58178             376.98887 
           -514.82397               5.18398            -509.63998             401.04836 
           -515.38743               5.66067            -509.72677             437.92594 
           -515.54415               5.77238            -509.77177             446.56847 
           -514.15870               4.43729            -509.72141             343.28197 
           -514.50091               4.72145            -509.77946             365.26565 
           -514.87049               5.05895            -509.81155             391.37508 
           -515.47466               5.64869            -509.82597             436.99948 
           -514.79225               5.09315            -509.69910             394.02104 
           -515.30160               5.74065            -509.56096             444.11371 
           -515.11622               5.60496            -509.51126             433.61658 
           -515.43710               5.98775            -509.44935             463.23027 
           -515.03166               5.71559            -509.31606             442.17524 
           -516.35224               7.00170            -509.35054             541.67243 
           -516.00987               6.67127            -509.33860             516.10967 
           -516.24314               6.93252            -509.31062             536.32060 
           -515.97775               6.61379            -509.36396             511.66241 
           -516.63271               7.18928            -509.44343             556.18396 
           -517.26399               7.74211            -509.52187             598.95311 
           -516.75676               7.24807            -509.50869             560.73223 
           -516.51629               7.01524            -509.50105             542.71963 
           -516.15785               6.54487            -509.61299             506.33034 
           -515.52913               5.82064            -509.70849             450.30231 
           -515.91434               6.13002            -509.78433             474.23627 
           -515.40898               5.52211            -509.88687             427.20721 
           -515.46225               5.43652            -510.02573             420.58522 
           -516.17399               6.14141            -510.03258             475.11783 
           -515.67111               5.83959            -509.83152             451.76801 
           -515.77849               6.04476            -509.73373             467.64074 
           -515.90989               6.06861            -509.84128             469.48589 
           -514.76975               4.93300            -509.83675             381.63135 
           -516.06091               6.18646            -509.87445             478.60333 
           -515.12337               5.23211            -509.89126             404.77146 
           -515.49188               5.69399            -509.79789             440.50415 
           -515.22902               5.43661            -509.79240             420.59252 
           -516.40079               6.56426            -509.83653             507.83073 
           -515.37744               5.51799            -509.85945             426.88808 
           -516.32595               6.14935            -510.17660             475.73215 
           -515.32273               4.88240            -510.44033             377.71693 
           -515.81072               5.16837            -510.64235             399.84077 
           -515.72390               4.92197            -510.80193             380.77801 
           -515.01440               4.11340            -510.90101             318.22451 
           -516.16854               5.17624            -510.99229             400.44960 
           -515.82008               4.84004            -510.98004             374.43981 
           -516.59339               5.55571            -511.03768             429.80634 
           -516.95533               5.79680            -511.15853             448.45805 
           -516.25768               5.18847            -511.06922             401.39528 
           -517.25743               6.23700            -511.02044             482.51261 
           -517.35665               6.38253            -510.97412             493.77126 
           -516.93497               6.09576            -510.83921             471.58626 
           -517.30848               6.51354            -510.79495             503.90656 
           -517.26694               6.43781            -510.82913             498.04816 
           -516.78779               5.92801            -510.85979             458.60839 
           -517.17296               6.23123            -510.94173             482.06672 
           -517.06507               5.99915            -511.06592             464.11230 
           -517.33420               6.05751            -511.27668             468.62739 
           -517.32966               5.96420            -511.36546             461.40868 
           -516.68898               5.42363            -511.26535             419.58840 
           -516.86933               5.53572            -511.33362             428.25954 
           -516.92234               5.40142            -511.52092             417.86996 
           -516.98985               5.54465            -511.44520             428.95075 
           -515.89425               4.60359            -511.29066             356.14751 
           -516.03056               4.64892            -511.38164             359.65441 
           -516.38074               4.82503            -511.55571             373.27844 
           -516.84380               5.28324            -511.56056             408.72690 
           -516.63577               5.21509            -511.42068             403.45485 
           -516.82995               5.48439            -511.34556             424.28844 
           -516.39814               5.02721            -511.37093             388.91979 
           -516.70201               5.42859            -511.27343             419.97175 
           -515.80806               4.73466            -511.07340             366.28751 
           -516.70210               5.61707            -511.08503             434.55313 
           -516.53993               5.33303            -511.20690             412.57908 
           -516.68650               5.40996            -511.27654             418.53075 
           -517.42310               6.12666            -511.29643             473.97695 
           -516.91065               5.62633            -511.28432             435.26976 
           -517.50493               6.17703            -511.32790             477.87327 
           -517.38086               6.03113            -511.34972             466.58650 
           -517.16443               5.80522            -511.35920             449.10944 
           -517.95868               6.48022            -511.47846             501.32909 
           -516.80402               5.23595            -511.56808             405.06833 
           -517.47974               5.82702            -511.65272             450.79549 
           -518.23759               6.52353            -511.71407             504.67946 
           -518.16361               6.49164            -511.67196             502.21275 
           -518.68992               7.05636            -511.63356             545.90113 
           -517.78344               6.21051            -511.57294             480.46337 
           -519.01406               7.41213            -511.60193             573.42479 
           -519.19990               7.63752            -511.56239             590.86106 
           -519.25095               7.70192            -511.54904             595.84315 
           -519.08942               7.55551            -511.53390             584.51712 
           -518.88182               7.35838            -511.52344             569.26624 
           -520.05938               8.60195            -511.45743             665.47268 
           -520.07616               8.61950            -511.45667             666.82989 
           -519.46785               7.90853            -511.55932             611.82777 
           -520.00941               8.29864            -511.71077             642.00778 
           -519.59315               7.74211            -511.85104             598.95304 
           -519.52458               7.56394            -511.96064             585.16891 
           -519.33239               7.22589            -512.10650             559.01668 
           -519.81881               7.52241            -512.29640             581.95591 
           -520.18795               7.88884            -512.29911             610.30392 
           -519.82028               7.51721            -512.30308             581.55343 
           -519.00791               6.58955            -512.41836             509.78722 
           -518.84269               6.44109            -512.40159             498.30216 
           -517.91678               5.60797            -512.30882             433.84906 
           -518.84676               6.50460            -512.34216             503.21488 
           -518.08370               5.79491            -512.28879             448.31148 
           -518.06903               5.94766            -512.12137             460.12873 
           -518.62341               6.55845            -512.06497             507.38100 
           -517.67929               5.48339            -512.19589             424.21169 
           -517.55311               5.30331            -512.24980             410.27990 
           -516.86782               4.64692            -512.22089             359.49975 
           -517.40007               5.05497            -512.34510             391.06735 
           -518.52693               6.10025            -512.42668             471.93344 
           -517.51100               5.18024            -512.33076             400.75917 
           -518.17883               5.81235            -512.36648             449.66068 
           -517.14600               4.81871            -512.32729             372.78991 
           -518.65268               6.34654            -512.30614             490.98753 
           -517.78357               5.63738            -512.14619             436.12468 
           -518.82405               6.79542            -512.02863             525.71394 
           -517.89536               6.11363            -511.78172             472.96892 
           -519.20990               7.57789            -511.63201             586.24835 
           -519.06422               7.49706            -511.56716             579.99482 
           -519.18387               7.58871            -511.59516             587.08549 
           -519.59887               8.09171            -511.50715             625.99914 
           -518.80033               7.49474            -511.30559             579.81564 
           -518.77417               7.62153            -511.15265             589.62405 
           -519.07874               8.11215            -510.96659             627.58028 
           -519.28497               8.36382            -510.92115             647.04993 
           -520.17429               9.20336            -510.97093             711.99945 
           -519.03715               7.93858            -511.09857             614.15222 
           -519.19154               8.00101            -511.19054             618.98166 
           -519.19588               8.03849            -511.15739             621.88169 
           -518.57422               7.43582            -511.13841             575.25690 
           -518.32838               7.29506            -511.03333             564.36736 
           -517.93876               7.08983            -510.84893             548.49032 
           -518.89146               8.16377            -510.72770             631.57335 
           -517.99351               7.28629            -510.70723             563.68894 
           -517.49229               6.81081            -510.68148             526.90426 
           -518.08165               7.41320            -510.66845             573.50730 
           -517.69072               7.13815            -510.55257             552.22879 
           -518.22078               7.72808            -510.49270             597.86769 
           -516.52367               6.15355            -510.37012             476.05722 
           -516.70945               6.41676            -510.29269             496.41947 
           -517.00401               6.67420            -510.32981             516.33568 
           -516.33949               5.94161            -510.39788             459.66060 
           -516.51976               6.04898            -510.47077             467.96749 
           -516.03952               5.47976            -510.55976             423.93085 
           -516.05159               5.34875            -510.70284             413.79521 
           -516.00855               5.26647            -510.74209             407.42978 
           -515.72983               5.04314            -510.68669             390.15256 
           -515.99207               5.27446            -510.71761             408.04759 
           -515.55506               4.79908            -510.75597             371.27147 
           -515.24243               4.47932            -510.76311             346.53390 
           -516.63209               5.83556            -510.79653             451.45613 
           -515.75139               4.90010            -510.85128             379.08668 
           -516.20986               5.33354            -510.87632             412.61858 
           -515.76455               5.10102            -510.66353             394.62996 
           -515.90694               5.46714            -510.43979             422.95447 
           -515.22501               4.86623            -510.35878             376.46607 
           -515.15114               4.79598            -510.35515             371.03168 
           -515.10138               4.82872            -510.27266             373.56411 
           -516.03428               5.72118            -510.31310             442.60737 
           -516.03225               5.58836            -510.44389             432.33232 
           -515.82521               5.35962            -510.46559             414.63611 
           -516.03047               5.63433            -510.39614             435.88872 
           -515.80729               5.47552            -510.33177             423.60238 
           -515.94736               5.59399            -510.35337             432.76756 
           -515.62127               5.22910            -510.39217             404.53848 
           -515.19107               4.78043            -510.41064             369.82822 
           -516.44844               5.85573            -510.59270             453.01707 
           -516.57745               5.78741            -510.79004             447.73166 
           -516.85000               6.09819            -510.75181             471.77394 
           -516.02611               5.32616            -510.69995             412.04766 
           -516.51595               5.77922            -510.73673             447.09752 
           -516.88006               6.21026            -510.66980             480.44448 
           -516.66771               6.09698            -510.57073             471.68031 
           -516.28761               5.80610            -510.48151             449.17702 
           -516.50426               6.10329            -510.40096             472.16899 
           -516.27247               5.95470            -510.31778             460.67316 
           -515.78500               5.57036            -510.21464             430.93951 
           -516.76167               6.56188            -510.19979             507.64686 
           -516.60702               6.54440            -510.06262             506.29462 
           -516.04029               6.18184            -509.85845             478.24561 
           -516.53469               6.65788            -509.87681             515.07334 
           -516.00339               6.16427            -509.83912             476.88642 
           -515.65030               5.93906            -509.71124             459.46344 
           -515.96749               6.25010            -509.71739             483.52614 
           -515.01716               5.16273            -509.85443             399.40415 
           -516.11320               6.15357            -509.95963             476.05865 
           -515.15250               5.25749            -509.89501             406.73474 
           -515.78321               5.88800            -509.89521             455.51310 
           -515.75671               5.89528            -509.86143             456.07641 
           -514.90453               5.05500            -509.84954             391.06966 
           -515.66325               5.74623            -509.91702             444.54582 
           -515.88845               6.08685            -509.80160             470.89682 
           -515.13456               5.47217            -509.66239             423.34311 
           -515.05982               5.37027            -509.68955             415.46028 
           -515.43823               5.80396            -509.63427             449.01183 
           -515.72848               6.34082            -509.38766             490.54476 
           -515.90202               6.66273            -509.23929             515.44834 
           -515.80226               6.54653            -509.25572             506.45915 
           -516.55596               7.31206            -509.24390             565.68277 
           -515.62189               6.46818            -509.15371             500.39744 
           -515.90168               6.64475            -509.25693             514.05806 
           -515.87146               6.53456            -509.33690             505.53284 
           -516.01828               6.67805            -509.34023             516.63404 
           -516.39084               7.04700            -509.34384             545.17675 
           -515.99881               6.61824            -509.38058             512.00662 
           -516.29901               6.83642            -509.46259             528.88552 
           -515.35499               5.85481            -509.50018             452.94539 
           -515.53565               5.93499            -509.60066             459.14866 
           -515.33051               5.65405            -509.67647             437.41381 
           -515.96946               6.25855            -509.71090             484.18038 
           -515.45804               5.83262            -509.62542             451.22864 
           -514.94221               5.46737            -509.47484             422.97205 
           -515.25858               5.88133            -509.37725             454.99747 
           -515.04537               5.72578            -509.31959             442.96359 
           -515.18206               5.89782            -509.28424             456.27298 
           -514.41246               5.15306            -509.25940             398.65629 
           -515.12227               5.80489            -509.31738             449.08366 
           -515.43500               6.07899            -509.35602             470.28849 
           -515.01898               5.64266            -509.37632             436.53275 
           -515.22496               5.90134            -509.32363             456.54510 
           -514.33592               5.01620            -509.31972             388.06806 
           -514.77532               5.45579            -509.31953             422.07631 
           -514.94469               5.60744            -509.33725             433.80845 
           -514.98333               5.52331            -509.46002             427.29958 
           -514.39745               4.80939            -509.58807             372.06851 
           -515.00453               5.30008            -509.70445             410.03029 
           -514.78851               5.10435            -509.68417             394.88741 
           -514.75617               5.11763            -509.63855             395.91504 
           -514.42303               4.85539            -509.56764             375.62743 
           -514.28931               4.81119            -509.47812             372.20805 
           -515.05947               5.59645            -509.46301             432.95824 
           -514.03300               4.56964            -509.46336             353.52111 
           -514.65900               5.17533            -509.48367             400.37897 
           -515.15757               5.69824            -509.45934             440.83256 
           -515.35799               6.02303            -509.33497             465.95930 
           -514.86952               5.59703            -509.27248             433.00301 
           -514.64874               5.35317            -509.29557             414.13732 
           -515.10487               5.86492            -509.23995             453.72759 
           -515.38130               6.14303            -509.23826             475.24338 
           -515.33262               5.94572            -509.38690             459.97844 
           -515.23313               5.71287            -509.52025             441.96499 
           -515.35245               5.85966            -509.49279             453.32065 
           -515.90941               6.42444            -509.48497             497.01423 
           -515.68840               6.15116            -509.53724             475.87222 
           -516.13126               6.51141            -509.61985             503.74185 
           -516.03330               6.50785            -509.52545             503.46665 
           -516.58861               7.06799            -509.52062             546.80047 
           -516.20650               6.55407            -509.65244             507.04207 
           -515.66630               6.03210            -509.63420             466.66151 
           -516.61054               7.04961            -509.56094             545.37856 
           -516.92482               7.40969            -509.51513             573.23564 
           -517.86148               8.28396            -509.57753             640.87162 
           -517.66368               8.08795            -509.57574             625.70779 
           -516.73438               7.23797            -509.49641             559.95099 
           -517.28397               7.66700            -509.61697             593.14194 
           -517.62282               7.88242            -509.74040             609.80778 
