           -486.81058               1.28511            -485.52547              99.41963 
           -487.30728               1.94547            -485.36180             150.50762 
           -487.06774               1.83105            -485.23669             141.65569 
           -487.47464               2.35229            -485.12235             181.98006 
           -488.30593               3.31167            -484.99427             256.20050 
           -487.97582               2.96832            -485.00750             229.63823 
           -487.65586               2.47800            -485.17785             191.70577 
           -487.89124               2.54051            -485.35073             196.54158 
           -488.48252               3.02562            -485.45690             234.07068 
           -488.50166               2.96401            -485.53765             229.30449 
           -488.89860               3.28042            -485.61818             253.78312 
           -489.90619               4.38215            -485.52404             339.01601 
           -490.04560               4.74671            -485.29889             367.21941 
           -489.73622               4.59948            -485.13674             355.82935 
           -490.24036               5.16158            -485.07879             399.31490 
           -491.11572               6.07047            -485.04526             469.62949 
           -491.27450               6.25145            -485.02305             483.63065 
           -491.65570               6.49260            -485.16310             502.28695 
           -493.08407               7.70786            -485.37621             596.30308 
           -494.28901               8.80648            -485.48252             681.29592 
           -494.84498               9.35602            -485.48896             723.80960 
           -495.21497               9.74697            -485.46801             754.05440 
           -495.59954              10.19266            -485.40688             788.53464 
           -495.71470              10.45357            -485.26113             808.71924 
           -496.70780              11.42398            -485.28382             883.79311 
           -499.30448              13.67119            -485.63329            1057.64431 
           -500.58882              14.53606            -486.05276            1124.55331 
           -499.07985              12.62859            -486.45126             976.98563 
           -497.60404              10.82970            -486.77434             837.81805 
           -499.67482              12.68093            -486.99389             981.03464 
           -498.02535              11.53006            -486.49529             892.00012 
           -496.04251              10.29758            -485.74493             796.65158 
           -498.25184              12.87160            -485.38024             995.78560 
           -496.54538              11.34843            -485.19694             877.94874 
           -496.93397              11.47594            -485.45803             887.81301 
           -498.93055              12.98265            -485.94790            1004.37650 
           -498.45979              12.27616            -486.18363             949.72030 
           -495.62315               9.54628            -486.07687             738.52880 
           -492.25469               5.97337            -486.28132             462.11744 
           -493.12573               6.48936            -486.63637             502.03636 
           -494.56363               7.65655            -486.90709             592.33339 
           -494.54322               7.22443            -487.31880             558.90308 
           -492.43208               4.66310            -487.76898             360.75096 
           -494.17920               5.91219            -488.26701             457.38438 
           -495.16964               6.61805            -488.55158             511.99228 
           -493.18224               4.97010            -488.21214             384.50151 
           -491.95524               4.32946            -487.62578             334.93989 
           -492.77853               5.75418            -487.02435             445.16069 
           -492.66442               5.94902            -486.71541             460.23356 
           -494.05112               7.36874            -486.68238             570.06747 
           -496.82637              10.26848            -486.55788             794.40046 
           -494.74243               8.41775            -486.32468             651.22243 
           -493.43718               7.05835            -486.37883             546.05495 
           -494.34641               7.49977            -486.84664             580.20440 
           -493.81585               6.54542            -487.27043             506.37295 
           -493.59891               5.95960            -487.63931             461.05222 
           -494.98965               7.05131            -487.93835             545.51009 
           -497.44352               9.32845            -488.11507             721.67649 
           -498.18563              10.41132            -487.77431             805.45115 
           -495.49563               8.20646            -487.28917             634.87646 
           -497.98352              11.00367            -486.97985             851.27680 
           -497.37595              10.54573            -486.83022             815.84913 
           -496.01109               9.41577            -486.59532             728.43215 
           -496.82465              10.58035            -486.24429             818.52747 
           -497.78603              11.94455            -485.84148             924.06574 
           -498.07392              12.67833            -485.39559             980.83335 
           -498.76246              13.62861            -485.13385            1054.34999 
           -498.47004              13.31297            -485.15707            1029.93109 
           -496.81528              11.41911            -485.39616             883.41658 
           -497.93728              12.17965            -485.75764             942.25371 
           -497.68878              11.63571            -486.05307             900.17336 
           -496.52724              10.53724            -485.99000             815.19233 
           -495.97189              10.15684            -485.81504             785.76351 
           -496.46268              10.57010            -485.89258             817.73412 
           -496.11318              10.30241            -485.81077             797.02488 
           -494.57092               8.64202            -485.92890             668.57218 
           -493.66483               7.45795            -486.20688             576.96955 
           -495.71526               9.10621            -486.60905             704.48331 
           -494.55068               8.05522            -486.49546             623.17566 
           -492.64701               6.81865            -485.82836             527.51079 
           -491.78810               6.34328            -485.44481             490.73543 
           -492.41975               7.06241            -485.35733             546.36940 
           -491.98480               6.81898            -485.16582             527.53663 
           -491.54895               6.61004            -484.93891             511.37249 
           -491.25209               6.25647            -484.99562             484.01932 
           -491.70915               6.46138            -485.24777             499.87200 
           -491.41640               6.25675            -485.15964             484.04104 
           -492.04809               6.88464            -485.16345             532.61615 
           -491.37935               6.18106            -485.19829             478.18498 
           -490.38220               5.20376            -485.17844             402.57852 
           -491.14578               5.94251            -485.20327             459.72998 
           -491.61973               6.18126            -485.43847             478.20054 
           -490.64236               5.02077            -485.62159             388.42174 
           -491.17430               5.39691            -485.77738             417.52113 
           -491.64157               5.70322            -485.93835             441.21824 
           -490.99539               4.94293            -486.05246             382.39954 
           -492.00533               6.01378            -485.99155             465.24403 
           -492.32292               6.52104            -485.80188             504.48689 
           -491.64221               6.06158            -485.58063             468.94183 
           -491.23544               5.58174            -485.65370             431.81993 
           -492.03038               6.32455            -485.70583             489.28575 
           -492.12746               6.62419            -485.50327             512.46694 
           -492.35569               6.88508            -485.47061             532.65022 
           -492.84809               7.28352            -485.56457             563.47501 
           -494.43613               9.16927            -485.26686             709.36194 
           -493.35557               8.68226            -484.67331             671.68562 
           -494.21259               9.65671            -484.55588             747.07157 
           -493.79802               9.05905            -484.73897             700.83489 
           -494.02928               9.11171            -484.91757             704.90883 
           -494.44304               9.33521            -485.10783             722.19957 
           -494.10644               8.75056            -485.35587             676.96980 
           -493.49783               8.00248            -485.49535             619.09542 
           -493.70882               8.37094            -485.33788             647.60103 
           -493.12920               7.99917            -485.13003             618.83938 
           -494.52782               9.43880            -485.08902             730.21394 
           -492.85311               7.81571            -485.03740             604.64676 
           -492.15312               7.06590            -485.08723             546.63873 
           -491.28979               6.41487            -484.87492             496.27372 
           -490.83761               6.33620            -484.50141             490.18737 
           -488.70516               4.76272            -483.94245             368.45804 
           -490.09668               6.42961            -483.66707             497.41355 
           -490.35200               7.10098            -483.25102             549.35328 
           -490.71049               7.85886            -482.85163             607.98454 
           -490.41031               7.64781            -482.76250             591.65738 
           -488.91472               6.14139            -482.77333             475.11660 
           -489.99469               7.13100            -482.86369             551.67571 
           -490.29941               7.21446            -483.08496             558.13183 
           -490.13971               6.87720            -483.26252             532.04032 
           -490.46963               7.08013            -483.38950             547.74024 
           -490.50495               7.00836            -483.49659             542.18772 
           -492.37025               8.86176            -483.50849             685.57233 
           -491.47759               7.94839            -483.52920             614.91121 
           -491.96584               8.30359            -483.66225             642.39037 
           -490.88658               7.47577            -483.41081             578.34765 
           -492.76140               9.69819            -483.06321             750.28113 
           -493.06523              10.20256            -482.86267             789.30042 
           -492.22980               9.54930            -482.68050             738.76266 
           -492.66747              10.24748            -482.41999             792.77537 
           -491.64084               9.52291            -482.11793             736.72063 
           -493.26640              11.32794            -481.93846             876.36295 
           -492.85514              10.87224            -481.98290             841.10874 
           -492.75630              10.60682            -482.14948             820.57521 
           -491.66562               9.54141            -482.12422             738.15191 
           -492.03547               9.83830            -482.19717             761.12014 
           -491.80287               9.30094            -482.50194             719.54808 
           -490.82419               8.15352            -482.67067             630.78064 
           -490.31685               7.58516            -482.73169             586.81061 
           -490.13888               7.30332            -482.83556             565.00645 
           -489.74152               6.73933            -483.00219             521.37502 
           -489.84974               6.62101            -483.22873             512.22128 
           -489.77487               6.51975            -483.25512             504.38762 
           -489.75550               6.55879            -483.19671             507.40773 
           -489.28761               6.13296            -483.15466             474.46380 
           -489.33261               6.33341            -482.99920             489.97169 
           -488.21744               5.45101            -482.76643             421.70639 
           -486.65022               4.10016            -482.55006             317.20074 
           -487.65117               5.30623            -482.34494             410.50557 
           -487.30193               4.98558            -482.31635             385.69933 
           -488.65198               6.23920            -482.41279             482.68281 
           -487.64888               5.38385            -482.26503             416.51047 
           -488.59807               6.37453            -482.22353             493.15287 
           -489.42230               7.15245            -482.26985             553.33518 
           -488.16121               5.94837            -482.21284             460.18396 
           -488.49780               6.30228            -482.19552             487.56347 
           -487.76151               5.71293            -482.04858             441.96967 
           -488.33152               6.11405            -482.21747             473.00129 
           -488.51244               5.93973            -482.57270             459.51545 
           -488.86008               6.07595            -482.78413             470.05378 
           -490.11944               7.03097            -483.08847             543.93689 
           -489.90193               6.74096            -483.16097             521.50062 
           -489.66964               6.62436            -483.04528             512.48059 
           -489.40653               6.49221            -482.91433             502.25636 
           -490.84182               7.99659            -482.84523             618.63991 
           -491.28532               8.56185            -482.72347             662.37018 
           -491.27752               8.63567            -482.64185             668.08122 
           -491.35856               8.74982            -482.60874             676.91185 
           -491.45233               8.76884            -482.68350             678.38325 
           -492.56861               9.87278            -482.69583             763.78791 
           -492.59213              10.12930            -482.46283             783.63280 
           -493.57463              11.20726            -482.36737             867.02732 
           -493.18203              11.02530            -482.15673             852.94986 
           -494.79033              12.66059            -482.12974             979.46070 
           -493.28789              11.01108            -482.27681             851.85034 
           -492.93266              10.32110            -482.61156             798.47121 
           -493.43492              10.46576            -482.96916             809.66214 
           -493.35089              10.19919            -483.15170             789.03998 
           -492.80874               9.59005            -483.21869             741.91470 
           -492.45412               9.04656            -483.40755             699.86925 
           -492.41899               8.99639            -483.42260             695.98763 
           -492.40523               8.84430            -483.56094             684.22136 
           -492.49159               8.50828            -483.98331             658.22584 
           -491.53582               7.20733            -484.32849             557.58087 
           -492.65444               7.83945            -484.81500             606.48286 
           -491.96788               6.85095            -485.11693             530.00993 
           -491.83949               6.67965            -485.15984             516.75788 
           -492.11439               6.95581            -485.15858             538.12221 
           -490.49307               5.38077            -485.11230             416.27230 
           -490.36329               5.17026            -485.19303             399.98697 
           -491.24170               6.09145            -485.15025             471.25243 
           -491.87901               6.80084            -485.07817             526.13337 
           -492.24078               6.86036            -485.38042             530.73828 
           -493.83207               8.08234            -485.74972             625.27414 
           -493.56498               7.72970            -485.83529             597.99248 
           -493.77544               7.53152            -486.24393             582.66055 
           -492.40209               5.89939            -486.50270             456.39459 
           -493.38092               6.56327            -486.81764             507.75450 
           -493.60446               6.46326            -487.14121             500.01675 
           -495.66938               8.16231            -487.50707             631.46035 
           -495.58718               7.71179            -487.87538             596.60744 
           -495.60664               7.39672            -488.20992             572.23239 
           -495.86852               7.47904            -488.38948             578.60109 
           -494.96575               6.66578            -488.29997             515.68445 
           -495.73058               7.36373            -488.36685             569.68011 
           -495.63647               7.12748            -488.50899             551.40277 
           -496.20241               7.56613            -488.63629             585.33801 
           -496.85170               8.32062            -488.53108             643.70811 
           -495.71003               7.18320            -488.52684             555.71340 
           -496.03349               7.19965            -488.83384             556.98679 
           -495.36010               6.65890            -488.70119             515.15247 
           -495.56345               7.10814            -488.45531             549.90704 
           -494.89426               6.29730            -488.59696             487.17758 
           -495.16923               6.49495            -488.67428             502.46864 
           -494.51448               6.02799            -488.48649             466.34362 
           -493.98540               5.58106            -488.40434             431.76769 
           -494.61223               6.03906            -488.57317             467.19985 
           -494.66029               5.92365            -488.73664             458.27135 
           -494.90629               6.18839            -488.71789             478.75269 
           -494.42301               5.77239            -488.65062             446.56930 
           -494.59119               5.70065            -488.89053             441.01967 
           -493.92049               4.92896            -488.99153             381.31889 
           -493.88914               4.91572            -488.97341             380.29513 
           -494.98268               5.90928            -489.07341             457.15931 
           -494.69077               5.64723            -489.04354             436.88638 
           -495.10018               5.89363            -489.20655             455.94867 
           -495.75120               6.33973            -489.41147             490.46046 
           -495.08651               5.77342            -489.31309             446.64924 
           -495.50166               6.34007            -489.16159             490.48705 
           -495.51237               6.54974            -488.96263             506.70759 
           -495.33052               6.55317            -488.77735             506.97311 
           -496.13143               7.49753            -488.63389             580.03149 
           -496.56121               8.02167            -488.53954             620.58043 
           -497.67741               9.02071            -488.65671             697.86872 
           -497.59927               8.76177            -488.83749             677.83670 
           -497.64126               8.80945            -488.83180             681.52556 
           -498.23473               9.32726            -488.90748             721.58445 
           -497.57428               8.58617            -488.98811             664.25192 
           -498.97797               9.89370            -489.08427             765.40617 
           -499.14156               9.91195            -489.22961             766.81789 
           -499.16386               9.79715            -489.36671             757.93685 
           -498.46471               8.94263            -489.52207             691.82880 
           -498.87202               9.21764            -489.65438             713.10401 
           -498.56791               8.95134            -489.61657             692.50203 
           -498.36207               8.90773            -489.45434             689.12850 
           -498.37494               9.24184            -489.13310             714.97645 
           -498.44557               9.42725            -489.01832             729.32039 
           -498.19875               9.10787            -489.09088             704.61238 
           -497.56663               8.63749            -488.92914             668.22215 
           -496.82974               7.94881            -488.88093             614.94357 
           -495.77839               6.85586            -488.92253             530.38959 
           -496.66640               7.72376            -488.94264             597.53325 
           -496.06762               7.26652            -488.80111             562.15936 
           -494.71133               6.13948            -488.57184             474.96879 
           -494.40141               5.65692            -488.74449             437.63607 
           -494.13805               5.50812            -488.62993             426.12458 
           -494.53437               6.02643            -488.50794             466.22238 
           -494.60893               6.32538            -488.28355             489.35023 
           -494.20368               6.27645            -487.92723             485.56505 
           -494.51536               6.74315            -487.77222             521.67017 
           -494.90278               7.30400            -487.59878             565.05954 
           -493.41611               6.26649            -487.14962             484.79413 
           -493.60803               6.62358            -486.98445             512.41984 
           -494.69254               7.78053            -486.91201             601.92482 
           -493.91840               7.24500            -486.67341             560.49445 
           -495.08373               8.79220            -486.29153             680.19092 
           -494.40318               8.27396            -486.12922             640.09790 
           -494.58565               8.46712            -486.11852             655.04198 
           -494.87956               8.99062            -485.88894             695.54142 
           -496.27324              10.44377            -485.82947             807.96118 
           -495.75811              10.04020            -485.71791             776.73978 
           -497.23618              11.67424            -485.56195             903.15382 
           -496.21336              10.90888            -485.30448             843.94348 
           -496.09062              11.26066            -484.82996             871.15859 
           -496.30531              11.89684            -484.40847             920.37469 
           -494.97117              10.73427            -484.23689             830.43544 
           -496.24952              12.11001            -484.13951             936.86668 
           -496.32450              12.41761            -483.90689             960.66304 
           -497.22485              13.31396            -483.91090            1030.00735 
           -495.81594              11.94821            -483.86773             924.34952 
           -494.74998              10.85723            -483.89274             839.94795 
           -494.56453              10.68295            -483.88158             826.46468 
           -493.65734               9.74909            -483.90824             754.21877 
           -493.63016               9.41378            -484.21638             728.27792 
           -493.45182               9.05455            -484.39727             700.48684 
           -493.14623               8.77508            -484.37114             678.86675 
           -492.41372               7.89697            -484.51675             610.93305 
           -492.18934               7.70121            -484.48813             595.78883 
           -492.50096               8.18794            -484.31302             633.44361 
           -492.52795               8.23878            -484.28917             637.37641 
           -491.17336               6.99317            -484.18019             541.01215 
           -490.58613               6.46101            -484.12512             499.84294 
           -489.28717               5.24131            -484.04586             405.48365 
           -489.52899               5.60611            -483.92289             433.70503 
           -488.87561               4.94877            -483.92684             382.85150 
           -489.62810               5.82759            -483.80052             450.83945 
           -489.84271               6.35713            -483.48558             491.80649 
           -489.40827               5.96563            -483.44264             461.51864 
           -489.08355               5.59704            -483.48651             433.00354 
           -489.59743               6.03556            -483.56187             466.92876 
           -489.21490               5.44250            -483.77241             421.04775 
           -489.64948               5.66945            -483.98003             438.60549 
           -489.15242               5.03221            -484.12020             389.30697 
           -490.06566               5.88811            -484.17754             455.52184 
           -489.93618               5.81092            -484.12526             449.55021 
           -490.53237               6.20105            -484.33132             479.73201 
           -490.48653               6.13065            -484.35588             474.28519 
           -490.85467               6.56757            -484.28710             508.08673 
           -490.91697               6.51910            -484.39787             504.33685 
           -490.41700               6.03642            -484.38058             466.99561 
           -490.58115               6.25975            -484.32140             484.27310 
           -490.77196               6.52788            -484.24408             505.01619 
           -491.80848               7.80599            -484.00249             603.89440 
           -490.63246               6.85289            -483.77958             530.15976 
           -492.33604               8.57389            -483.76215             663.30169 
           -492.54301               8.99764            -483.54537             696.08406 
           -492.96634               9.46289            -483.50345             732.07731 
           -493.09406               9.63912            -483.45493             745.71121 
           -493.32399               9.78122            -483.54276             756.70464 
           -493.32147               9.63508            -483.68639             745.39827 
           -492.17434               8.54299            -483.63134             660.91154 
           -492.91483               9.14330            -483.77152             707.35331 
           -492.43420               8.54818            -483.88602             661.31271 
           -493.23537               9.25781            -483.97756             716.21173 
           -493.16462               9.05921            -484.10541             700.84727 
           -492.41636               8.37576            -484.04060             647.97405 
           -490.86125               6.86962            -483.99163             531.45443 
           -490.68825               6.78182            -483.90643             524.66208 
           -490.64158               7.07416            -483.56742             547.27826 
           -490.93414               7.57797            -483.35618             586.25408 
           -489.62494               6.49521            -483.12973             502.48887 
           -489.57562               6.56428            -483.01134             507.83248 
           -489.54793               6.61532            -482.93261             511.78085 
           -490.52100               7.73212            -482.78888             598.18012 
           -489.18986               6.39713            -482.79273             494.90096 
           -489.46404               6.66222            -482.80183             515.40901 
           -490.23839               7.35955            -482.87884             569.35680 
           -490.82117               7.81490            -483.00627             604.58384 
           -490.60687               7.45851            -483.14836             577.01263 
           -489.92882               6.50804            -483.42078             503.48102 
           -490.17632               6.75314            -483.42318             522.44307 
           -490.43904               7.13472            -483.30432             551.96346 
           -491.67275               8.23592            -483.43683             637.15497 
           -491.94876               8.47909            -483.46967             655.96759 
           -493.14985               9.65661            -483.49324             747.06409 
           -492.58505               9.38708            -483.19797             726.21220 
           -492.27995               9.29140            -482.98855             718.81030 
           -492.39325               9.30258            -483.09068             719.67521 
           -492.64912               9.67427            -482.97486             748.43012 
           -492.85172              10.06747            -482.78425             778.84914 
           -492.08520               9.26995            -482.81524             717.15132 
           -492.17269               9.37129            -482.80140             724.99109 
           -491.40889               8.61365            -482.79524             666.37775 
           -491.63537               8.92732            -482.70804             690.64429 
           -490.78620               8.01772            -482.76848             620.27487 
           -490.77125               7.58713            -483.18412             586.96330 
           -490.54361               7.20620            -483.33741             557.49325 
           -490.90402               7.55055            -483.35347             584.13288 
           -490.32006               6.78680            -483.53326             525.04726 
           -490.10269               6.53816            -483.56453             505.81147 
           -489.77271               6.26928            -483.50343             485.01031 
           -490.67160               7.19343            -483.47817             556.50497 
           -489.42309               5.99877            -483.42432             464.08244 
           -489.20931               5.62196            -483.58735             434.93166 
           -488.55441               5.06919            -483.48522             392.16748 
           -488.97883               5.59322            -483.38561             432.70849 
           -488.89853               5.55996            -483.33858             430.13480 
           -488.00107               4.91794            -483.08313             380.46644 
           -488.79892               5.87008            -482.92884             454.12707 
           -489.26898               6.42439            -482.84459             497.00981 
           -489.86548               7.06766            -482.79782             546.77525 
           -489.80842               6.96024            -482.84818             538.46494 
           -488.89678               6.07138            -482.82540             469.70002 
           -489.74886               6.90464            -482.84422             534.16359 
           -489.35988               6.35062            -483.00926             491.30323 
           -489.52853               6.43272            -483.09581             497.65420 
           -489.84987               6.72229            -483.12758             520.05634 
           -489.14263               5.86574            -483.27689             453.79089 
           -491.57444               8.03193            -483.54251             621.37420 
           -490.77074               7.22412            -483.54662             558.87932 
           -491.50776               7.94079            -483.56696             614.32348 
           -491.68785               8.14257            -483.54528             629.93332 
           -491.74449               8.14162            -483.60287             629.86005 
           -492.47091               8.92705            -483.54387             690.62287 
           -492.02905               8.62018            -483.40887             666.88317 
           -493.03095               9.64112            -483.38982             745.86611 
           -493.32434              10.02072            -483.30361             775.23292 
           -493.96178              10.80935            -483.15243             836.24394 
           -494.17636              11.13860            -483.03777             861.71504 
           -494.80491              11.79827            -483.00664             912.74920 
           -494.89793              11.96187            -482.93607             925.40564 
           -495.69938              12.74681            -482.95257             986.13137 
           -494.52861              11.44166            -483.08695             885.16095 
           -494.79939              11.52543            -483.27396             891.64131 
           -494.14987              10.71037            -483.43950             828.58619 
           -494.77239              10.99158            -483.78081             850.34146 
           -494.53793              10.57830            -483.95963             818.36869 
           -493.79371               9.46668            -484.32703             732.37049 
           -494.31465               9.51266            -484.80198             735.92797 
           -493.28705               8.15491            -485.13214             630.88827 
           -493.92911               8.43240            -485.49670             652.35585 
           -494.76639               8.83416            -485.93224             683.43677 
           -492.94031               6.90866            -486.03165             534.47488 
           -494.08726               7.81020            -486.27705             604.22073 
           -493.33722               6.81447            -486.52274             527.18792 
           -493.04289               6.38783            -486.65507             494.18139 
           -492.53427               5.79884            -486.73543             448.61590 
           -492.09680               5.34530            -486.75150             413.52846 
           -492.73835               5.94955            -486.78881             460.27472 
           -493.19194               6.19111            -487.00082             478.96308 
           -493.73580               6.56678            -487.16902             508.02567 
           -495.76266               8.31804            -487.44462             643.50812 
           -493.91395               6.27854            -487.63540             485.72685 
           -494.71911               6.82903            -487.89008             528.31436 
           -494.92085               6.60063            -488.32022             510.64443 
           -494.62323               5.83691            -488.78632             451.56058 
           -495.89833               6.77370            -489.12463             524.03365 
           -496.06991               6.60457            -489.46534             510.94903 
           -496.54255               6.63948            -489.90307             513.64992 
           -498.00715               7.96866            -490.03849             616.47903 
           -497.67927               7.75541            -489.92387             599.98130 
           -497.85971               7.89748            -489.96223             610.97265 
           -497.56827               7.63557            -489.93271             590.71010 
           -497.30906               7.37398            -489.93508             570.47330 
           -497.44316               7.49826            -489.94491             580.08739 
           -498.60917               8.72501            -489.88416             674.99290 
           -497.68241               7.86256            -489.81985             608.27128 
           -498.67601               8.95274            -489.72327             692.61093 
           -498.45923               8.83332            -489.62592             683.37175 
           -497.48935               7.80737            -489.68198             604.00148 
           -497.05635               7.28575            -489.77060             563.64759 
           -496.14361               6.14331            -490.00031             475.26453 
           -496.92128               6.57154            -490.34974             508.39406 
           -496.45260               5.90020            -490.55241             456.45692 
           -497.50334               6.84000            -490.66333             529.16295 
           -496.01745               5.43482            -490.58264             420.45362 
           -497.04560               6.42297            -490.62264             496.89992 
           -496.48695               5.87047            -490.61648             454.15694 
           -495.34567               4.83542            -490.51025             374.08222 
           -495.61689               5.00235            -490.61454             386.99675 
           -495.95249               5.19074            -490.76174             401.57144 
           -496.10598               5.47437            -490.63161             423.51343 
           -495.37702               4.95093            -490.42609             383.01849 
           -496.42098               6.23642            -490.18455             482.46835 
           -496.61301               6.56933            -490.04368             508.22312 
           -496.57616               6.71272            -489.86344             519.31582 
           -496.35495               6.72396            -489.63099             520.18572 
           -497.33739               7.61620            -489.72118             589.21216 
           -496.18185               6.31640            -489.86545             488.65525 
           -496.68270               6.68537            -489.99733             517.20022 
           -497.23421               7.19380            -490.04041             556.53411 
           -497.56929               7.42914            -490.14015             574.74049 
           -498.57713               8.24358            -490.33356             637.74763 
           -498.18036               7.85827            -490.32209             607.93924 
           -498.19787               7.91076            -490.28711             611.99988 
           -498.26114               7.70131            -490.55983             595.79653 
           -497.74041               7.13490            -490.60551             551.97722 
           -497.88223               7.42625            -490.45598             574.51677 
           -498.60793               8.29515            -490.31278             641.73748 
           -497.92227               7.74294            -490.17934             599.01690 
           -498.14958               8.22521            -489.92437             636.32698 
           -496.96621               7.33708            -489.62913             567.61831 
           -496.52272               7.11635            -489.40637             550.54174 
           -496.69122               7.36297            -489.32825             569.62115 
           -496.64299               7.52762            -489.11537             582.35896 
           -496.60254               7.87570            -488.72684             609.28734 
           -496.06508               7.66133            -488.40375             592.70341 
           -495.54669               7.43128            -488.11541             574.90586 
           -495.28607               7.18757            -488.09851             556.05154 
           -493.75754               5.63842            -488.11912             436.20503 
           -493.31160               5.14416            -488.16745             397.96751 
           -492.84691               4.76908            -488.07783             368.94987 
           -493.92343               5.98859            -487.93484             463.29521 
           -493.92609               6.16414            -487.76195             476.87629 
           -492.90057               5.59766            -487.30291             433.05141 
           -492.04833               5.08840            -486.95993             393.65365 
           -491.98766               5.38688            -486.60078             416.74479 
           -492.70069               6.61477            -486.08592             511.73800 
           -492.48155               6.82036            -485.66119             527.64341 
           -492.52187               7.24817            -485.27370             560.74008 
           -492.39012               7.28536            -485.10475             563.61742 
           -492.68668               7.77771            -484.90897             601.70651 
           -492.99466               8.48757            -484.50709             656.62373 
           -493.43053               9.21537            -484.21516             712.92825 
           -494.64800              10.47870            -484.16931             810.66325 
           -494.41909              10.54595            -483.87314             815.86578 
           -494.88564              11.17706            -483.70857             864.69105 
           -494.42027              10.78931            -483.63096             834.69329 
           -494.25895              10.76269            -483.49626             832.63394 
           -494.18705              10.77899            -483.40806             833.89449 
           -493.67071              10.52645            -483.14426             814.35727 
           -494.30614              11.18504            -483.12109             865.30842 
           -493.93900              10.84941            -483.08959             839.34286 
           -495.09770              11.91330            -483.18441             921.64814 
           -493.04519               9.85099            -483.19420             762.10220 
           -493.51942              10.43208            -483.08734             807.05677 
           -491.46012               8.43082            -483.02930             652.23355 
           -492.90717               9.74193            -483.16524             753.66490 
           -492.00989               8.87965            -483.13024             686.95649 
           -492.42677               9.32466            -483.10211             721.38338 
           -492.15543               9.08116            -483.07427             702.54597 
           -491.50563               8.35685            -483.14878             646.51050 
           -491.15746               7.97871            -483.17875             617.25659 
           -490.36321               7.42953            -482.93368             574.77032 
           -489.90396               7.00706            -482.89691             542.08694 
           -489.82606               6.90819            -482.91786             534.43844 
           -490.29083               7.49448            -482.79635             579.79546 
           -489.41779               6.64506            -482.77273             514.08175 
           -489.26470               6.32512            -482.93958             489.32989 
           -489.57475               6.52925            -483.04550             505.12192 
           -488.82487               5.83452            -482.99035             451.37596 
           -488.33223               5.45781            -482.87441             422.23265 
           -488.69935               5.72325            -482.97610             442.76738 
           -488.06897               5.07850            -482.99046             392.88819 
           -488.14040               5.29585            -482.84455             409.70266 
           -488.07030               5.13992            -482.93038             397.63966 
           -489.67334               6.47454            -483.19880             500.88939 
           -489.68829               6.49088            -483.19741             502.15384 
           -489.45661               6.22690            -483.22971             481.73182 
           -489.33168               6.03274            -483.29894             466.71052 
           -489.05698               5.82157            -483.23540             450.37436 
           -489.77233               6.60831            -483.16402             511.23848 
           -490.02286               6.96671            -483.05614             538.96576 
           -489.67357               6.60414            -483.06944             510.91562 
           -490.70748               7.69097            -483.01651             594.99668 
           -491.11676               8.17915            -482.93762             632.76317 
           -490.98722               8.03024            -482.95698             621.24365 
           -490.88924               8.02612            -482.86312             620.92480 
           -490.73630               7.98130            -482.75500             617.45711 
           -491.55516               8.74599            -482.80916             676.61614 
           -492.13359               9.30015            -482.83344             719.48754 
           -491.51979               8.64220            -482.87758             668.58660 
           -493.50400              10.56327            -482.94073             817.20646 
           -493.22964              10.32191            -482.90774             798.53343 
           -493.38919              10.29138            -483.09781             796.17189 
           -493.18748              10.18911            -482.99838             788.25971 
           -492.52072               9.61336            -482.90736             743.71826 
           -491.49163               8.44184            -483.04979             653.08579 
           -491.40698               8.23202            -483.17496             636.85333 
           -492.04764               8.99072            -483.05692             695.54862 
           -491.28967               8.37086            -482.91880             647.59484 
           -491.81719               8.78640            -483.03079             679.74230 
           -489.53788               6.63957            -482.89831             513.65696 
           -490.41526               7.72473            -482.69052             597.60853 
           -490.57383               7.76530            -482.80853             600.74676 
           -489.72230               6.87879            -482.84351             532.16343 
           -489.77683               7.07119            -482.70564             547.04821 
           -489.25596               6.48916            -482.76679             502.02111 
           -491.15496               8.27616            -482.87880             640.26855 
           -489.51577               6.69594            -482.81983             518.01785 
           -488.81572               5.76797            -483.04775             446.22759 
           -489.36842               6.09013            -483.27829             471.15072 
           -489.90113               6.70184            -483.19928             518.47450 
           -490.10481               7.01964            -483.08517             543.06015 
           -490.23659               6.86603            -483.37056             531.17685 
           -490.75327               7.43087            -483.32239             574.87440 
           -491.21485               8.07154            -483.14331             624.43844 
           -490.98032               7.70992            -483.27040             596.46253 
           -490.66691               7.24074            -483.42617             560.16491 
           -492.15095               8.67679            -483.47416             671.26203 
           -492.20483               8.72929            -483.47554             675.32389 
           -492.55914               9.03775            -483.52139             699.18708 
           -493.59597               9.97760            -483.61837             771.89703 
           -491.50992               7.98561            -483.52431             617.79065 
           -491.63740               8.02361            -483.61379             620.73040 
           -492.84199               9.19179            -483.65020             711.10443 
           -493.33402               9.83687            -483.49715             761.00933 
           -492.82076               9.29057            -483.53019             718.74636 
           -492.59446               8.83952            -483.75495             683.85127 
           -491.75867               8.00212            -483.75655             619.06803 
           -491.45360               7.64604            -483.80755             591.52072 
           -490.84255               6.95636            -483.88619             538.16441 
           -491.50387               7.49666            -484.00721             579.96374 
           -490.57521               6.66319            -483.91201             515.48442 
           -490.85106               7.07649            -483.77457             547.45861 
           -490.03289               6.14249            -483.89041             475.20102 
           -489.56091               5.45436            -484.10655             421.96553 
           -489.44413               5.54650            -483.89763             429.09397 
           -489.27532               5.51289            -483.76243             426.49388 
           -489.77143               5.89421            -483.87722             455.99396 
           -489.15582               5.30563            -483.85019             410.45973 
           -489.78943               6.14636            -483.64307             475.50095 
           -490.37529               6.94962            -483.42568             537.64324 
           -489.44640               5.89207            -483.55433             455.82817 
           -490.37094               6.61601            -483.75493             511.83398 
           -488.93197               5.45279            -483.47918             421.84407 
           -490.13772               6.68187            -483.45585             516.92947 
           -489.18908               5.56417            -483.62490             430.46092 
           -490.40082               6.62319            -483.77764             512.38955 
           -489.25788               5.57187            -483.68601             431.05672 
           -491.26382               7.56931            -483.69451             585.58426 
           -490.53288               6.53848            -483.99440             505.83616 
