           -491.60452               1.19892            -490.40560              92.75205 
           -492.25038               1.97412            -490.27627             152.72357 
           -491.79640               1.64455            -490.15185             127.22736 
           -492.37237               2.31145            -490.06092             178.82096 
           -493.09147               3.12373            -489.96774             241.66140 
           -492.88743               2.89956            -489.98787             224.31882 
           -492.19326               2.09990            -490.09336             162.45430 
           -492.23580               2.01153            -490.22427             155.61806 
           -492.78985               2.45785            -490.33200             190.14660 
           -492.68070               2.26776            -490.41295             175.44058 
           -492.93788               2.47024            -490.46763             191.10528 
           -494.07265               3.67565            -490.39700             284.35953 
           -494.11478               3.89193            -490.22286             301.09095 
           -493.60406               3.50472            -490.09934             271.13567 
           -494.07917               4.04662            -490.03255             313.05854 
           -494.84194               4.83186            -490.01008             373.80682 
           -494.51453               4.51498            -489.99955             349.29217 
           -494.86814               4.75897            -490.10917             368.16839 
           -495.71775               5.46124            -490.25651             422.49756 
           -496.73927               6.38776            -490.35151             494.17645 
           -497.04219               6.66026            -490.38193             515.25793 
           -497.35775               6.97589            -490.38186             539.67536 
           -498.03510               7.71873            -490.31637             597.14416 
           -498.80794               8.63492            -490.17302             668.02352 
           -499.60453               9.59878            -490.00575             742.59013 
           -500.43419              10.49757            -489.93662             812.12330 
           -501.18296              11.20413            -489.97883             866.78525 
           -502.52524              12.37987            -490.14537             957.74357 
           -503.26174              12.70990            -490.55184             983.27609 
           -502.80051              11.71061            -491.08990             905.96758 
           -502.07731              10.39702            -491.68029             804.34470 
           -503.83789              11.69546            -492.14242             904.79590 
           -503.06117              11.02642            -492.03475             853.03709 
           -501.95277              10.64892            -491.30385             823.83221 
           -502.02603              11.42946            -490.59657             884.21694 
           -502.15609              11.91388            -490.24220             921.69365 
           -501.00834              10.86632            -490.14202             840.65084 
           -502.48277              12.29940            -490.18337             951.51841 
           -503.45984              13.19312            -490.26672            1020.65918 
           -502.94514              12.51710            -490.42804             968.35996 
           -500.52623              10.01374            -490.51249             774.69255 
           -497.86557               7.41192            -490.45365             573.40787 
           -496.73264               6.05019            -490.68245             468.06110 
           -496.39335               5.24231            -491.15104             405.56067 
           -497.31390               5.51171            -491.80219             426.40261 
           -499.02207               6.55972            -492.46235             507.47959 
           -500.48876               7.63327            -492.85550             590.53216 
           -499.35228               6.49579            -492.85649             502.53349 
           -498.79347               6.22708            -492.56639             481.74531 
           -496.13644               4.10173            -492.03471             317.32228 
           -495.36341               3.98289            -491.38053             308.12795 
           -496.71063               5.87586            -490.83478             454.57373 
           -497.32461               7.01117            -490.31344             542.40521 
           -498.93845               8.83234            -490.10612             683.29599 
           -500.38313              10.28670            -490.09643             795.81007 
           -498.28227               8.14039            -490.14188             629.76495 
           -496.75799               6.07240            -490.68559             469.77908 
           -496.81026               5.55338            -491.25688             429.62605 
           -498.31881               6.72809            -491.59072             520.50476 
           -500.57116               8.60838            -491.96278             665.96997 
           -501.62302               9.55172            -492.07129             738.94983 
           -502.07415              10.09806            -491.97609             781.21573 
           -501.55084               9.80183            -491.74900             758.29904 
           -500.83683               9.38652            -491.45031             726.16920 
           -499.70029               8.76779            -490.93251             678.30207 
           -499.15594               8.87345            -490.28248             686.47694 
           -500.03170              10.27709            -489.75461             795.06598 
           -502.04965              12.59351            -489.45614             974.27136 
           -502.70135              13.52464            -489.17672            1046.30620 
           -503.09486              14.31814            -488.77672            1107.69380 
           -503.90752              15.27546            -488.63206            1181.75549 
           -503.03384              14.29144            -488.74240            1105.62866 
           -502.87066              13.81861            -489.05205            1069.04898 
           -501.31356              11.94636            -489.36721             924.20568 
           -499.67065              10.12870            -489.54194             783.58667 
           -498.71601               8.88379            -489.83223             687.27622 
           -499.25617               9.04597            -490.21021             699.82313 
           -500.56074              10.05357            -490.50718             777.77388 
           -500.77840               9.96634            -490.81206             771.02581 
           -499.70266               8.86164            -490.84102             685.56292 
           -499.27057               8.57676            -490.69380             663.52382 
           -498.27745               7.87011            -490.40734             608.85549 
           -496.36083               6.40712            -489.95372             495.67379 
           -496.55370               7.03396            -489.51974             544.16796 
           -496.72007               7.46172            -489.25835             577.26072 
           -495.70128               6.56717            -489.13411             508.05608 
           -494.18275               4.84164            -489.34111             374.56382 
           -494.23172               4.49590            -489.73582             347.81627 
           -494.17840               4.26456            -489.91384             329.91942 
           -494.88148               4.83430            -490.04719             373.99558 
           -494.53606               4.45403            -490.08203             344.57670 
           -494.74203               4.93308            -489.80895             381.63755 
           -493.62777               4.19257            -489.43520             324.34986 
           -493.38339               4.32229            -489.06109             334.38546 
           -494.07983               5.29741            -488.78242             409.82379 
           -495.08057               6.34276            -488.73782             490.69452 
           -494.67263               5.93874            -488.73389             459.43863 
           -495.22535               6.37335            -488.85200             493.06154 
           -496.45338               7.28535            -489.16803             563.61641 
           -496.26480               7.10847            -489.15633             549.93218 
           -494.22269               5.28610            -488.93658             408.94879 
           -494.96860               6.16297            -488.80563             476.78545 
           -497.55228               8.67533            -488.87695             671.14911 
           -495.49895               6.13976            -489.35918             474.99044 
           -495.11804               5.23889            -489.87914             405.29650 
           -496.90930               6.67628            -490.23302             516.49667 
           -496.17272               5.71155            -490.46117             441.86256 
           -496.63104               6.06812            -490.56292             469.44802 
           -496.44366               6.23135            -490.21231             482.07621 
           -497.37963               7.67565            -489.70398             593.81131 
           -497.09004               7.71521            -489.37484             596.87131 
           -499.08974               9.72112            -489.36862             752.05477 
           -498.32916               8.99551            -489.33365             695.91968 
           -496.95746               7.55923            -489.39823             584.80452 
           -498.30937               8.69734            -489.61203             672.85204 
           -498.23860               8.57820            -489.66041             663.63492 
           -497.11517               7.89601            -489.21916             610.85901 
           -497.48288               8.78074            -488.70215             679.30390 
           -497.89635               9.51117            -488.38518             735.81271 
           -497.05913               8.89025            -488.16888             687.77596 
           -496.80484               8.46793            -488.33690             655.10451 
           -497.86363               9.24129            -488.62234             714.93376 
           -497.24797               8.77678            -488.47119             678.99819 
           -495.75472               7.30807            -488.44665             565.37400 
           -495.59249               7.03944            -488.55304             544.59233 
           -494.67362               6.23536            -488.43826             482.38597 
           -494.24651               5.89513            -488.35138             456.06519 
           -494.40180               5.70408            -488.69772             441.28443 
           -495.31717               6.22948            -489.08769             481.93130 
           -493.99324               5.37424            -488.61900             415.76727 
           -494.08844               5.71048            -488.37796             441.77989 
           -493.98301               5.63647            -488.34654             436.05447 
           -493.24179               5.25471            -487.98708             406.51980 
           -493.96363               6.19325            -487.77038             479.12843 
           -495.20930               7.47308            -487.73622             578.13949 
           -494.84542               7.21331            -487.63211             558.04351 
           -495.19563               7.92348            -487.27215             612.98392 
           -494.86779               7.87950            -486.98830             609.58142 
           -495.89189               8.92964            -486.96225             690.82388 
           -496.14127               9.28776            -486.85352             718.52849 
           -495.55113               8.54591            -487.00523             661.13693 
           -497.43387               9.95249            -487.48137             769.95457 
           -496.01625               8.56780            -487.44845             662.83033 
           -496.36104               8.95223            -487.40881             692.57097 
           -496.93182               9.34156            -487.59026             722.69099 
           -496.61589               8.96499            -487.65090             693.55856 
           -496.72835               9.03582            -487.69252             699.03826 
           -497.38113               9.69566            -487.68547             750.08514 
           -497.01171               9.09984            -487.91188             703.99053 
           -496.98725               8.77776            -488.20949             679.07381 
           -496.04037               7.95671            -488.08366             615.55489 
           -496.28440               8.37805            -487.90635             648.15064 
           -495.36648               7.58985            -487.77662             587.17349 
           -495.79802               8.29923            -487.49880             642.05298 
           -494.68803               7.43255            -487.25548             575.00450 
           -494.78495               7.72349            -487.06146             597.51195 
           -494.55233               7.52123            -487.03110             581.86445 
           -495.22074               7.97961            -487.24113             617.32615 
           -494.78858               7.62345            -487.16513             589.77290 
           -493.82489               6.73061            -487.09428             520.70026 
           -493.61627               6.58191            -487.03436             509.19630 
           -493.13072               6.10514            -487.02558             472.31181 
           -494.11542               6.84833            -487.26709             529.80725 
           -493.50033               6.13739            -487.36295             474.80656 
           -493.20033               5.62191            -487.57842             434.92789 
           -493.56018               5.71762            -487.84256             442.33179 
           -492.81871               4.90476            -487.91395             379.44669 
           -493.09331               5.11258            -487.98072             395.52480 
           -493.80182               5.80314            -487.99868             448.94843 
           -493.93995               6.00105            -487.93890             464.25903 
           -493.45166               5.40133            -488.05033             417.86293 
           -493.13619               5.26176            -487.87443             407.06538 
           -492.53264               4.82528            -487.70736             373.29783 
           -493.43604               5.74173            -487.69431             444.19758 
           -493.48012               6.00992            -487.47020             464.94536 
           -493.49508               6.27636            -487.21872             485.55772 
           -493.70929               6.71696            -486.99232             519.64421 
           -494.26602               7.40485            -486.86117             572.86121 
           -495.19488               8.23126            -486.96362             636.79490 
           -495.54847               8.61532            -486.93316             666.50649 
           -496.23938               9.14097            -487.09842             707.17248 
           -496.07512               8.70999            -487.36514             673.83063 
           -496.02575               8.65658            -487.36917             669.69922 
           -496.44770               9.06773            -487.37997             701.50667 
           -496.99480               9.35462            -487.64018             723.70151 
           -497.71869               9.93269            -487.78600             768.42240 
           -497.48797               9.48174            -488.00623             733.53608 
           -496.92765               8.94797            -487.97967             692.24200 
           -498.77167              10.72264            -488.04903             829.53562 
           -499.19459              10.93599            -488.25859             846.04118 
           -498.05873              10.02923            -488.02950             775.89099 
           -497.70701               9.81916            -487.88785             759.63973 
           -498.17158              10.29720            -487.87438             796.62212 
           -498.00163              10.28813            -487.71350             795.92070 
           -497.53711               9.89274            -487.64437             765.33156 
           -498.85413              11.10922            -487.74491             859.44205 
           -498.10398              10.24969            -487.85430             792.94650 
           -498.14217               9.97489            -488.16729             771.68700 
           -497.60542               9.24012            -488.36530             714.84328 
           -497.30208               8.54073            -488.76134             660.73649 
           -497.43992               8.41379            -489.02614             650.91572 
           -496.74574               7.57038            -489.17536             585.66701 
           -496.31394               6.72694            -489.58699             520.41649 
           -496.87293               6.85462            -490.01832             530.29360 
           -497.12610               6.71755            -490.40855             519.68979 
           -496.38514               5.84276            -490.54238             452.01337 
           -496.37030               5.68049            -490.68981             439.45964 
           -496.68003               5.91012            -490.76992             457.22424 
           -496.55430               5.74712            -490.80718             444.61441 
           -497.76409               6.75317            -491.01092             522.44542 
           -498.98062               7.54860            -491.43202             583.98239 
           -497.11550               5.53554            -491.57996             428.24597 
           -498.65937               6.59524            -492.06413             510.22762 
           -498.41844               6.22710            -492.19134             481.74716 
           -499.32702               7.08706            -492.23996             548.27635 
           -499.95772               7.34318            -492.61455             568.09007 
           -499.97708               7.11088            -492.86619             550.11911 
           -500.74502               7.80905            -492.93597             604.13110 
           -500.15203               7.00375            -493.14828             541.83126 
           -502.36507               8.94148            -493.42358             691.73977 
           -501.21101               7.82060            -493.39040             605.02523 
           -500.23055               6.79066            -493.43989             525.34589 
           -500.72988               7.02997            -493.69990             543.85977 
           -500.54031               6.87097            -493.66934             531.55891 
           -501.29023               7.72748            -493.56275             597.82085 
           -501.86633               8.26793            -493.59839             639.63191 
           -501.83490               8.16836            -493.66654             631.92848 
           -500.38627               6.74883            -493.63744             522.10986 
           -500.55780               6.82941            -493.72839             528.34338 
           -499.91251               5.97836            -493.93414             462.50396 
           -500.66391               6.41969            -494.24423             496.64628 
           -500.05373               5.87676            -494.17697             454.64358 
           -500.49150               6.38755            -494.10395             494.16010 
           -500.06546               5.88960            -494.17586             455.63717 
           -500.52399               6.32291            -494.20108             489.15943 
           -500.13506               6.06160            -494.07346             468.94325 
           -499.93156               5.86070            -494.07086             453.40101 
           -500.67183               6.54822            -494.12361             506.58995 
           -499.86166               5.75187            -494.10979             444.98196 
           -499.63864               5.56662            -494.07202             430.65061 
           -499.76312               5.70235            -494.06077             441.15110 
           -500.31354               6.17220            -494.14134             477.49955 
           -500.33625               6.25601            -494.08024             483.98383 
           -500.07562               6.22595            -493.84967             481.65805 
           -500.53423               6.65638            -493.87786             514.95711 
           -500.44381               6.54639            -493.89742             506.44805 
           -500.98170               6.97475            -494.00695             539.58754 
           -501.01942               6.77498            -494.24444             524.13268 
           -501.70835               7.32430            -494.38405             566.62971 
           -500.57155               6.20327            -494.36828             479.90328 
           -501.25634               6.95549            -494.30085             538.09760 
           -501.74542               7.58709            -494.15833             586.95996 
           -501.78583               7.58708            -494.19875             586.95921 
           -502.87737               8.69119            -494.18618             672.37612 
           -502.21957               8.03763            -494.18194             621.81479 
           -502.34932               7.90010            -494.44922             611.17505 
           -502.76783               8.27499            -494.49284             640.17809 
           -502.39459               8.08087            -494.31373             625.15986 
           -501.36094               7.33172            -494.02922             567.20368 
           -501.34633               7.53868            -493.80766             583.21457 
           -502.81351               9.08908            -493.72443             703.15806 
           -501.86782               8.28463            -493.58319             640.92380 
           -501.14090               7.41455            -493.72636             573.61141 
           -501.01474               7.22611            -493.78863             559.03344 
           -501.26731               7.52619            -493.74113             582.24827 
           -500.49366               6.83895            -493.65471             529.08179 
           -499.67494               6.30833            -493.36661             488.03132 
           -500.60465               7.52782            -493.07683             582.37477 
           -500.03686               6.97043            -493.06643             539.25333 
           -500.53800               7.48689            -493.05111             579.20807 
           -499.80166               6.87087            -492.93079             531.55071 
           -498.53790               5.93074            -492.60715             458.82005 
           -497.69864               5.24538            -492.45326             405.79798 
           -498.91040               6.50146            -492.40894             502.97239 
           -499.26707               7.11656            -492.15052             550.55815 
           -497.39972               5.62815            -491.77157             435.41043 
           -497.36208               6.05755            -491.30453             468.63041 
           -498.53000               7.56009            -490.96991             584.87102 
           -499.66187               8.82789            -490.83397             682.95205 
           -499.52118               9.05255            -490.46863             700.33230 
           -498.28578               8.06588            -490.21990             624.00048 
           -498.94642               8.62744            -490.31898             667.44438 
           -499.00269               8.89065            -490.11203             687.80752 
           -498.78032               8.92398            -489.85635             690.38544 
           -499.67181               9.99480            -489.67701             773.22717 
           -499.65843              10.22928            -489.42914             791.36786 
           -499.44415              10.13188            -489.31226             783.83263 
           -500.18713              10.92313            -489.26400             845.04613 
           -499.87278              10.63134            -489.24145             822.47179 
           -500.59156              11.37661            -489.21495             880.12849 
           -500.69006              11.47253            -489.21753             887.54930 
           -498.93867               9.71141            -489.22727             751.30328 
           -499.11157              10.08369            -489.02788             780.10416 
           -497.96918               9.13287            -488.83631             706.54607 
           -498.42819               9.62080            -488.80739             744.29396 
           -498.63590              10.00417            -488.63173             773.95258 
           -498.10414               9.72507            -488.37907             752.36071 
           -498.80625              10.48892            -488.31732             811.45452 
           -496.99574               8.70100            -488.29474             673.13570 
           -496.53067               8.23278            -488.29789             636.91280 
           -495.94787               7.72259            -488.22528             597.44267 
           -496.78556               8.51876            -488.26680             659.03663 
           -495.81530               7.44913            -488.36617             576.28658 
           -495.95603               7.61537            -488.34066             589.14799 
           -495.03524               6.69697            -488.33826             518.09789 
           -495.53622               7.09923            -488.43699             549.21730 
           -494.89693               6.31933            -488.57760             488.88219 
           -495.04660               6.34510            -488.70150             490.87615 
           -494.83661               6.08624            -488.75037             470.84968 
           -494.48560               5.68626            -488.79934             439.90619 
           -494.20300               5.40685            -488.79615             418.29005 
           -494.09575               5.37088            -488.72487             415.50754 
           -495.10244               6.43247            -488.66998             497.63476 
           -493.93835               5.43966            -488.49869             420.82848 
           -494.97624               6.48270            -488.49354             501.52098 
           -494.24024               5.77482            -488.46541             446.75751 
           -494.10571               5.71135            -488.39436             441.84723 
           -495.75112               7.41088            -488.34024             573.32797 
           -494.23096               5.89476            -488.33620             456.03599 
           -495.08069               6.79663            -488.28406             525.80738 
           -493.90892               5.73770            -488.17122             443.88564 
           -495.29644               7.09216            -488.20428             548.67034 
           -496.10722               7.87255            -488.23467             609.04408 
           -496.02121               7.65240            -488.36882             592.01242 
           -496.69605               8.29221            -488.40384             641.50972 
           -496.01048               7.54852            -488.46196             583.97591 
           -496.61690               8.01259            -488.60431             619.87781 
           -495.71565               7.15304            -488.56261             553.38064 
           -496.64243               8.04138            -488.60105             622.10513 
           -496.55964               7.89171            -488.66793             610.52589 
           -497.56450               8.90637            -488.65813             689.02313 
           -497.08559               8.50932            -488.57628             658.30631 
           -497.09771               8.52924            -488.56847             659.84756 
           -496.96166               8.44040            -488.52125             652.97484 
           -496.65990               8.25723            -488.40267             638.80364 
           -496.40612               8.14863            -488.25749             630.40250 
           -495.91747               7.77899            -488.13847             601.80620 
           -495.80064               7.90084            -487.89980             611.23268 
           -496.05717               8.28943            -487.76774             641.29512 
           -495.89787               8.06402            -487.83385             623.85673 
           -495.77823               7.92194            -487.85629             612.86491 
           -495.75221               7.87000            -487.88221             608.84685 
           -495.15970               7.26177            -487.89793             561.79221 
           -494.67379               6.66343            -488.01035             515.50313 
           -495.19722               7.05970            -488.13752             546.15962 
           -493.99949               5.99228            -488.00721             463.58056 
           -493.96372               5.88645            -488.07728             455.39306 
           -494.76570               6.42410            -488.34160             496.98719 
           -495.23321               6.84781            -488.38541             529.76664 
           -495.69254               7.39097            -488.30157             571.78737 
           -495.39797               7.18704            -488.21094             556.01053 
           -493.95898               5.85125            -488.10773             452.67023 
           -495.26955               7.31185            -487.95770             565.66686 
           -494.91801               7.14774            -487.77027             552.97074 
           -496.26683               8.44891            -487.81792             653.63260 
           -495.46937               7.67262            -487.79675             593.57698 
           -495.73811               7.89840            -487.83971             611.04374 
           -495.77579               7.90404            -487.87175             611.48043 
           -496.36245               8.49716            -487.86529             657.36539 
           -496.35803               8.45355            -487.90448             653.99169 
           -497.00155               8.95460            -488.04694             692.75496 
           -497.13367               8.97988            -488.15379             694.71028 
           -497.41462               9.20784            -488.20677             712.34615 
           -496.64269               8.30099            -488.34169             642.18962 
           -495.56039               7.10391            -488.45648             549.57986 
           -495.39637               6.94887            -488.44749             537.58539 
           -496.55151               8.15658            -488.39493             631.01719 
           -496.13760               7.73301            -488.40459             598.24877 
           -497.04096               8.55663            -488.48433             661.96608 
           -495.52845               7.08893            -488.43953             548.42039 
           -496.22713               7.78415            -488.44298             602.20499 
           -494.90314               6.49317            -488.40997             502.33124 
           -495.07436               6.71899            -488.35537             519.80115 
           -494.69103               6.46766            -488.22337             500.35746 
           -494.26537               6.23014            -488.03523             481.98213 
           -493.63450               5.75123            -487.88327             444.93238 
           -494.32629               6.35815            -487.96814             491.88544 
           -494.47443               6.38228            -488.09214             493.75252 
           -495.62697               7.46085            -488.16612             577.19335 
           -495.33389               7.01709            -488.31680             542.86319 
           -494.91975               6.45925            -488.46050             499.70657 
           -494.91683               6.47780            -488.43903             501.14183 
           -493.77020               5.49853            -488.27167             425.38275 
           -494.59701               6.35025            -488.24676             491.27394 
           -494.17050               5.82619            -488.34432             450.73108 
           -494.70501               6.21317            -488.49184             480.66917 
           -496.03626               7.48493            -488.55133             579.05653 
           -494.85460               6.30217            -488.55243             487.55469 
           -496.09595               7.45310            -488.64284             576.59416 
           -495.16234               6.63970            -488.52264             513.66666 
           -495.90423               7.55939            -488.34484             584.81708 
           -495.87391               7.70684            -488.16707             596.22381 
           -495.55375               7.50478            -488.04897             580.59224 
           -495.82155               7.72741            -488.09414             597.81576 
           -495.51830               7.41297            -488.10534             573.48909 
           -497.76217               9.41582            -488.34635             728.43600 
           -497.80890               9.27875            -488.53015             717.83198 
           -497.37750               8.94252            -488.43498             691.81976 
           -498.06872               9.65768            -488.41104             747.14697 
           -498.51179              10.15394            -488.35785             785.53913 
           -498.68018              10.28149            -488.39868             795.40706 
           -498.79484              10.28956            -488.50528             796.03096 
           -498.16910               9.51732            -488.65178             736.28858 
           -498.42516               9.61022            -488.81494             743.47533 
           -499.25307              10.31585            -488.93722             798.06461 
           -499.04234              10.10600            -488.93635             781.83019 
           -499.58253              10.58744            -488.99510             819.07560 
           -497.91711               9.02977            -488.88734             698.57005 
           -498.48854               9.49979            -488.98876             734.93188 
           -499.11877               9.67074            -489.44803             748.15720 
           -498.65527               8.83018            -489.82509             683.12892 
           -499.63301               9.48963            -490.14338             734.14603 
           -497.59907               7.43237            -490.16670             574.99013 
           -498.84660               8.58580            -490.26080             664.22342 
           -497.84304               7.41174            -490.43130             573.39409 
           -499.09582               8.49650            -490.59932             657.31480 
           -498.58288               7.70621            -490.87666             596.17552 
           -498.48379               7.29638            -491.18741             564.46953 
           -498.81695               7.39145            -491.42549             571.82487 
           -498.36294               6.70468            -491.65826             518.69407 
           -499.00502               7.25811            -491.74691             561.50931 
           -498.87119               6.77344            -492.09775             524.01348 
           -498.36837               6.01690            -492.35146             465.48549 
           -500.14566               7.56406            -492.58160             585.17829 
           -498.95747               6.06660            -492.89087             469.33055 
           -499.45420               6.37326            -493.08094             493.05463 
           -499.33293               6.00838            -493.32455             464.82627 
           -501.16873               7.63001            -493.53872             590.28037 
           -499.31818               5.82785            -493.49034             450.85951 
           -500.43306               6.98193            -493.45113             540.14273 
           -501.26220               7.80667            -493.45553             603.94723 
           -501.37572               7.77058            -493.60514             601.15494 
           -501.56211               7.85479            -493.70732             607.66965 
           -501.96074               8.32459            -493.63615             644.01514 
           -501.23682               7.48480            -493.75202             579.04631 
           -501.05467               7.16985            -493.88482             554.68106 
           -500.89070               6.92880            -493.96189             536.03283 
           -502.30754               8.14787            -494.15966             630.34374 
           -501.60460               7.48156            -494.12304             578.79572 
           -502.07511               7.86424            -494.21087             608.40107 
           -502.07561               7.59703            -494.47859             587.72853 
           -501.31730               6.76224            -494.55506             523.14730 
           -501.76032               7.10196            -494.65836             549.42914 
           -501.87863               7.26960            -494.60904             562.39767 
           -501.80128               7.31635            -494.48493             566.01491 
           -500.98154               6.63449            -494.34705             513.26381 
           -500.56201               6.45911            -494.10289             499.69622 
           -501.10545               7.07997            -494.02548             547.72728 
           -500.89606               6.63092            -494.26514             512.98814 
           -500.01981               5.76152            -494.25829             445.72836 
           -500.71074               6.47488            -494.23585             500.91615 
           -500.33311               6.07718            -494.25593             470.14907 
           -500.12857               5.97185            -494.15673             461.99978 
           -501.31989               7.21548            -494.10441             558.21129 
           -500.82787               6.89909            -493.92878             533.73419 
           -501.02142               7.02255            -493.99886             543.28579 
           -499.81639               5.58058            -494.23581             431.73007 
           -501.17956               6.83307            -494.34649             528.62684 
           -500.08195               5.67854            -494.40341             439.30842 
           -501.16613               6.68384            -494.48228             517.08206 
           -500.58925               6.28110            -494.30814             485.92486 
           -501.25430               7.06473            -494.18957             546.54893 
           -501.75394               7.58932            -494.16463             587.13208 
           -501.01590               6.84213            -494.17377             529.32749 
           -501.61653               7.35648            -494.26005             569.11903 
           -501.27367               7.07633            -494.19734             547.44633 
           -502.04507               7.86410            -494.18097             608.39027 
           -501.27723               7.28555            -493.99169             563.63151 
           -501.04512               7.26613            -493.77899             562.12954 
           -501.43486               7.82595            -493.60891             605.43851 
           -501.33968               7.78691            -493.55277             602.41859 
           -500.41366               6.97448            -493.43918             539.56694 
           -500.83531               7.42876            -493.40655             574.71067 
           -502.00584               8.51535            -493.49050             658.77254 
           -500.44255               7.04226            -493.40029             544.81026 
           -501.09964               7.79357            -493.30606             602.93420 
           -500.59267               7.53097            -493.06170             582.61867 
           -499.71950               6.72944            -492.99006             520.60943 
           -499.99869               7.02296            -492.97573             543.31695 
           -500.42837               7.66789            -492.76049             593.21063 
           -499.11130               6.82875            -492.28256             528.29216 
           -499.20051               7.21795            -491.98256             558.40198 
           -498.55091               6.77579            -491.77512             524.19541 
           -498.14629               6.61849            -491.52781             512.02606 
           -497.02411               5.73489            -491.28922             443.66793 
           -498.29611               6.97644            -491.31966             539.71855 
           -498.51047               7.34026            -491.17021             567.86442 
           -498.00550               7.04083            -490.96467             544.69934 
           -498.63331               8.02218            -490.61113             620.61991 
           -497.19679               6.89905            -490.29773             533.73140 
           -497.42489               7.22866            -490.19623             559.23051 
           -497.41621               7.44774            -489.96846             576.17955 
           -497.52064               7.88251            -489.63813             609.81417 
           -497.19630               7.84412            -489.35218             606.84445 
           -497.70003               8.63419            -489.06584             667.96662 
           -498.07290               9.08555            -488.98735             702.88539 
           -496.96927               8.18820            -488.78106             633.46386 
           -497.83206               9.17288            -488.65919             709.64118 
           -497.81570               9.18259            -488.63311             710.39256 
           -498.76320              10.29324            -488.46996             796.31572 
           -497.55812               9.48731            -488.07081             733.96657 
           -498.61379              10.73406            -487.87973             830.41906 
           -498.02711              10.20560            -487.82151             789.53533 
           -498.21729              10.31121            -487.90608             797.70579 
           -498.16293              10.26333            -487.89960             794.00180 
           -496.40622               8.39844            -488.00778             649.72852 
           -497.22022               9.21952            -488.00069             713.24990 
           -497.07605               9.18873            -487.88732             710.86761 
           -496.48778               8.56964            -487.91815             662.97258 
           -496.57266               8.71228            -487.86037             674.00834 
           -496.91814               9.12893            -487.78921             706.24147 
           -495.85188               7.98898            -487.86289             618.05134 
           -495.64043               7.66343            -487.97700             592.86580 
           -494.84156               6.72062            -488.12095             519.92687 
           -495.16551               7.05232            -488.11319             545.58881 
           -494.63437               6.61487            -488.01950             511.74580 
           -494.39491               6.44013            -487.95478             498.22785 
           -494.82586               7.10702            -487.71884             549.82040 
           -494.29040               6.77885            -487.51155             524.43215 
           -495.23664               7.65213            -487.58450             591.99196 
           -493.86813               6.29543            -487.57269             487.03361 
           -494.26082               6.57752            -487.68330             508.85694 
           -494.33736               6.62149            -487.71587             512.25834 
           -492.96571               5.32505            -487.64066             411.96153 
           -494.63664               6.94558            -487.69105             537.33106 
           -493.22269               5.70012            -487.52257             440.97835 
           -493.97511               6.34460            -487.63051             490.83682 
           -493.50163               5.75065            -487.75099             444.88710 
           -494.16239               6.38094            -487.78145             493.64859 
           -494.49368               6.52727            -487.96641             504.96944 
           -494.09126               5.98830            -488.10296             463.27279 
           -494.97172               6.86667            -488.10505             531.22594 
           -494.38166               6.27415            -488.10750             485.38722 
           -493.95767               5.91377            -488.04389             457.50709 
           -494.13151               6.19268            -487.93883             479.08426 
           -496.10745               8.23382            -487.87363             636.99260 
           -495.78569               8.10613            -487.67956             627.11449 
           -495.62328               7.88852            -487.73475             610.27973 
           -495.83681               8.19407            -487.64274             633.91751 
           -495.69436               8.18483            -487.50953             633.20255 
           -495.64558               7.99388            -487.65171             618.43010 
           -496.59489               8.90086            -487.69403             688.59692 
           -495.30906               7.87204            -487.43702             609.00461 
           -495.91425               8.53378            -487.38047             660.19874 
           -497.06022               9.58893            -487.47129             741.82791 
           -496.32580               8.75443            -487.57137             677.26884 
           -495.94675               8.35038            -487.59637             646.00997 
           -495.97914               8.21652            -487.76262             635.65424 
           -495.89960               7.79509            -488.10451             603.05179 
           -495.56479               7.53541            -488.02939             582.96157 
           -496.01029               8.14878            -487.86150             630.41425 
           -495.77026               7.90548            -487.86478             611.59151 
           -496.99337               9.06792            -487.92544             701.52160 
           -495.82644               7.88367            -487.94277             609.90461 
           -493.81126               6.01261            -487.79865             465.15333 
           -494.81885               6.96498            -487.85387             538.83181 
           -494.85837               7.20006            -487.65831             557.01807 
           -495.61784               8.00749            -487.61035             619.48305 
           -494.53465               6.92031            -487.61433             535.37609 
           -493.15070               5.70017            -487.45053             440.98196 
           -495.41372               7.91725            -487.49647             612.50234 
           -495.30218               7.42867            -487.87351             574.70381 
           -494.21701               6.32812            -487.88889             489.56207 
           -495.08821               7.27974            -487.80847             563.18211 
           -494.33240               6.58837            -487.74403             509.69612 
           -495.67830               7.70318            -487.97512             595.94099 
           -496.04398               7.78225            -488.26173             602.05831 
           -495.26748               6.97611            -488.29137             539.69234 
           -496.05439               7.77718            -488.27721             601.66549 
           -496.56266               8.27146            -488.29120             639.90485 
           -496.98943               8.78011            -488.20932             679.25566 
           -496.47097               8.23626            -488.23471             637.18146 
           -496.04144               7.78506            -488.25637             602.27575 
           -496.42587               8.05438            -488.37149             623.11052 
           -496.78862               8.22387            -488.56476             636.22292 
           -497.86027               9.28100            -488.57927             718.00592 
           -495.80170               7.36354            -488.43815             569.66569 
           -496.92337               8.56193            -488.36144             662.37674 
           -495.89217               7.65593            -488.23624             592.28582 
           -496.60124               8.27365            -488.32759             640.07387 
           -495.75449               7.40385            -488.35065             572.78359 
           -495.59536               7.16122            -488.43414             554.01316 
           -495.15525               6.59189            -488.56337             509.96793 
           -494.99061               6.36785            -488.62276             492.63601 
           -495.84794               7.08278            -488.76515             547.94534 
           -495.35383               6.65477            -488.69906             514.83280 
           -494.77398               6.08605            -488.68793             470.83501 
           -495.44837               6.55056            -488.89782             506.77065 
           -494.64853               5.81668            -488.83185             449.99553 
           -495.45472               6.74334            -488.71138             521.68505 
           -495.53833               6.98444            -488.55389             540.33715 
           -494.73942               6.16036            -488.57906             476.58348 
           -495.08302               6.50612            -488.57690             503.33268 
           -494.22198               5.82539            -488.39659             450.66942 
           -494.66894               6.28371            -488.38523             486.12652 
           -495.04533               6.40116            -488.64417             495.21287 
           -495.04471               6.37393            -488.67078             493.10641 
           -495.25064               6.79421            -488.45643             525.62060 
           -495.80296               7.43981            -488.36315             575.56566 
           -496.08319               7.65004            -488.43315             591.83007 
