           -518.40670               1.20120            -517.20549              92.92857 
           -518.81562               1.77237            -517.04324             137.11609 
           -518.59061               1.67112            -516.91949             129.28314 
           -518.90593               2.09698            -516.80895             162.22858 
           -519.53543               2.85702            -516.67841             221.02756 
           -519.14481               2.46167            -516.68314             190.44207 
           -518.71451               1.86587            -516.84864             144.34930 
           -518.69535               1.67375            -517.02160             129.48614 
           -519.01330               1.88618            -517.12712             145.92053 
           -518.89309               1.68665            -517.20644             130.48435 
           -519.05676               1.76317            -517.29359             136.40384 
           -519.72415               2.50479            -517.21936             193.77817 
           -519.58500               2.58901            -516.99599             200.29369 
           -519.01182               2.18221            -516.82960             168.82263 
           -519.13059               2.36134            -516.76925             182.68044 
           -519.52922               2.79630            -516.73291             216.33049 
           -519.32416               2.62233            -516.70184             202.87110 
           -519.21836               2.39027            -516.82808             184.91875 
           -519.89386               2.84824            -517.04562             220.34822 
           -520.21751               3.04563            -517.17188             235.61925 
           -519.86756               2.68080            -517.18677             207.39436 
           -519.69983               2.51692            -517.18291             194.71656 
           -519.80326               2.65543            -517.14784             205.43178 
           -519.82768               2.84610            -516.98158             220.18317 
           -520.03845               3.28270            -516.75574             253.95973 
           -520.84048               4.16388            -516.67660             322.13034 
           -521.24265               4.52919            -516.71345             350.39176 
           -521.40652               4.64154            -516.76498             359.08365 
           -521.47572               4.62365            -516.85206             357.69971 
           -522.00259               4.98532            -517.01727             385.67923 
           -522.88680               5.71159            -517.17521             441.86526 
           -523.13651               5.95788            -517.17862             460.91967 
           -523.25319               6.17496            -517.07823             477.71350 
           -523.18248               6.16953            -517.01295             477.29320 
           -524.22466               7.15041            -517.07425             553.17726 
           -525.78859               8.48837            -517.30022             656.68543 
           -524.39499               6.70323            -517.69176             518.58207 
           -524.44507               6.27464            -518.17042             485.42511 
           -526.12741               7.67084            -518.45657             593.43881 
           -525.32432               7.21447            -518.10985             558.13271 
           -523.36527               5.95768            -517.40759             460.90360 
           -522.92017               6.13373            -516.78644             474.52333 
           -523.70904               7.42663            -516.28241             574.54635 
           -524.73298               8.67096            -516.06201             670.81145 
           -524.88277               8.84199            -516.04079             684.04242 
           -523.90737               7.56749            -516.33988             585.44334 
           -523.91758               7.04110            -516.87648             544.72057 
           -526.46965               9.14269            -517.32696             707.30594 
           -524.38443               7.04808            -517.33635             545.26048 
           -521.45347               4.31437            -517.13910             333.77228 
           -524.35746               7.38811            -516.96935             571.56617 
           -525.23231               7.99596            -517.23636             618.59097 
           -522.09545               4.31712            -517.77832             333.98555 
           -522.73686               4.62461            -518.11225             357.77380 
           -524.09116               5.79749            -518.29368             448.51082 
           -522.48076               4.39017            -518.09059             339.63700 
           -520.74009               3.14861            -517.59149             243.58569 
           -522.78177               5.81381            -516.96797             449.77347 
           -523.10307               6.44222            -516.66085             498.38949 
           -521.33308               4.54271            -516.79037             351.43770 
           -521.08714               4.08612            -517.00102             316.11469 
           -522.36166               5.33379            -517.02787             412.63777 
           -523.71530               6.67615            -517.03915             516.48722 
           -522.60531               5.72539            -516.87992             442.93337 
           -521.21301               4.77003            -516.44298             369.02370 
           -522.55149               6.57775            -515.97374             508.87416 
           -523.37521               7.65996            -515.71525             592.59742 
           -523.12956               7.04428            -516.08528             544.96659 
           -522.37845               5.98002            -516.39843             462.63255 
           -524.01273               7.36069            -516.65204             569.44524 
           -523.78886               7.23798            -516.55088             559.95180 
           -522.63802               6.33553            -516.30250             490.13513 
           -523.53136               7.53456            -515.99681             582.89567 
           -524.53185               8.83940            -515.69245             683.84211 
           -524.22367               8.62691            -515.59677             667.40337 
           -524.13784               8.26934            -515.86850             639.74046 
           -523.92266               8.05428            -515.86838             623.10321 
           -523.85446               7.90546            -515.94900             611.58994 
           -522.73751               6.89408            -515.84343             533.34674 
           -521.93125               6.33715            -515.59410             490.26086 
           -521.08157               5.65507            -515.42650             437.49341 
           -521.86343               6.72711            -515.13631             520.42954 
           -521.93398               7.09148            -514.84250             548.61797 
           -523.49000               8.49201            -514.99799             656.96723 
           -521.83282               6.87115            -514.96167             531.57256 
           -521.78379               6.73226            -515.05153             520.82765 
           -521.98328               6.67543            -515.30786             516.43103 
           -523.32644               8.06576            -515.26068             623.99151 
           -521.71398               6.72504            -514.98894             520.26886 
           -521.52691               6.99620            -514.53071             541.24654 
           -521.95424               7.76234            -514.19190             600.51759 
           -522.23742               7.87122            -514.36620             608.94081 
           -521.31441               6.51538            -514.79903             504.04945 
           -520.40985               5.21026            -515.19958             403.08159 
           -520.23725               4.60351            -515.63374             356.14158 
           -520.28803               4.42471            -515.86332             342.30905 
           -520.64034               4.77093            -515.86941             369.09373 
           -519.81853               4.15678            -515.66175             321.58088 
           -518.92636               3.64118            -515.28517             281.69284 
           -519.79163               4.82320            -514.96844             373.13697 
           -520.62228               5.70516            -514.91711             441.36841 
           -520.36535               5.35244            -515.01291             414.08057 
           -519.53278               4.22669            -515.30609             326.98897 
           -519.93095               4.31087            -515.62008             333.50172 
           -520.36538               4.44516            -515.92022             343.89080 
           -520.23977               4.30995            -515.92983             333.43035 
           -519.76581               4.13709            -515.62872             320.05753 
           -520.21717               4.97287            -515.24430             384.71599 
           -520.45080               5.44383            -515.00697             421.15110 
           -520.32241               5.42227            -514.90014             419.48290 
           -520.62957               5.59987            -515.02970             433.22268 
           -519.38515               4.14042            -515.24472             320.31547 
           -519.62861               4.25420            -515.37441             329.11766 
           -519.15698               3.81519            -515.34179             295.15486 
           -519.25066               4.01184            -515.23882             310.36789 
           -518.67488               3.62860            -515.04628             280.71968 
           -519.08181               4.22075            -514.86106             326.53005 
           -519.49468               4.84818            -514.64650             375.06961 
           -520.50999               5.86006            -514.64993             453.35160 
           -519.92791               4.97049            -514.95743             384.53177 
           -520.31326               4.99481            -515.31845             386.41360 
           -520.86845               5.28689            -515.58156             409.00948 
           -520.16009               4.36598            -515.79411             337.76528 
           -520.71519               4.85084            -515.86436             375.27524 
           -520.38759               4.80537            -515.58222             371.75785 
           -521.45440               5.98227            -515.47213             462.80590 
           -521.69366               6.07498            -515.61868             469.97857 
           -521.53819               5.92382            -515.61437             458.28446 
           -521.12315               5.62812            -515.49503             435.40837 
           -520.41869               5.02051            -515.39819             388.40125 
           -520.75241               5.38141            -515.37100             416.32189 
           -520.61063               5.41982            -515.19081             419.29323 
           -520.58612               5.76607            -514.82005             446.08051 
           -520.95164               6.30122            -514.65041             487.48156 
           -521.44296               6.60906            -514.83391             511.29624 
           -521.62585               6.68222            -514.94363             516.95643 
           -522.22641               7.28775            -514.93865             563.80219 
           -522.01013               6.99217            -515.01796             540.93481 
           -521.18314               6.11116            -515.07198             472.77719 
           -520.61432               5.66812            -514.94620             438.50270 
           -520.52888               5.65933            -514.86956             437.82252 
           -521.31338               6.32533            -514.98806             489.34627 
           -520.51457               5.19653            -515.31804             402.01938 
           -520.94000               5.40871            -515.53129             418.43377 
           -520.47575               4.92865            -515.54710             381.29508 
           -520.56907               5.15560            -515.41347             398.85264 
           -518.99415               3.83562            -515.15853             296.73475 
           -519.59603               4.55681            -515.03922             352.52827 
           -519.56274               4.50656            -515.05618             348.64072 
           -518.99170               3.98067            -515.01104             307.95632 
           -519.80667               4.69300            -515.11366             363.06470 
           -519.92167               4.68811            -515.23356             362.68632 
           -520.13446               5.14020            -514.99426             397.66149 
           -520.37785               5.64806            -514.72978             436.95113 
           -520.28176               5.63880            -514.64295             436.23461 
           -519.90261               5.25967            -514.64294             406.90348 
           -520.66315               5.86138            -514.80177             453.45383 
           -520.69696               5.77194            -514.92502             446.53481 
           -520.80698               5.64103            -515.16595             436.40688 
           -520.86514               5.71668            -515.14845             442.25957 
           -521.53232               6.39410            -515.13822             494.66652 
           -521.46584               6.19510            -515.27074             479.27127 
           -521.60179               6.23451            -515.36728             482.32055 
           -520.60458               5.17440            -515.43018             400.30695 
           -520.81074               5.18304            -515.62770             400.97533 
           -521.48289               5.73759            -515.74530             443.87688 
           -521.74913               6.07271            -515.67642             469.80260 
           -521.38968               5.94394            -515.44574             459.84098 
           -521.22114               5.88931            -515.33183             455.61454 
           -521.16807               5.95462            -515.21345             460.66724 
           -521.05266               5.98901            -515.06365             463.32791 
           -521.37462               6.29726            -515.07735             487.17501 
           -521.03863               5.76820            -515.27042             446.24550 
           -520.84439               5.71675            -515.12763             442.26520 
           -520.98718               6.00982            -514.97736             464.93789 
           -519.99196               5.01752            -514.97444             388.17028 
           -520.15850               5.09347            -515.06503             394.04603 
           -519.88403               4.78508            -515.09896             370.18783 
           -519.91042               4.81285            -515.09757             372.33626 
           -519.31842               3.97303            -515.34539             307.36577 
           -519.93863               4.33586            -515.60277             335.43494 
           -519.90127               4.41593            -515.48534             341.62922 
           -519.90308               4.47269            -515.43039             346.02076 
           -520.22272               4.67771            -515.54501             361.88138 
           -520.02079               4.44581            -515.57498             343.94150 
           -520.39317               4.83527            -515.55789             374.07125 
           -519.34860               3.74314            -515.60546             289.58040 
           -520.13930               4.36675            -515.77255             337.82444 
           -519.79897               3.99950            -515.79948             309.41313 
           -519.82465               4.29100            -515.53365             331.96460 
           -520.13296               4.85745            -515.27552             375.78646 
           -519.83672               4.69750            -515.13922             363.41230 
           -519.56924               4.61836            -514.95088             357.28987 
           -519.78027               4.89115            -514.88912             378.39391 
           -520.55651               5.46547            -515.09104             422.82501 
           -519.77091               4.54287            -515.22804             351.45014 
           -520.09683               4.79143            -515.30541             370.67928 
           -519.98245               4.65684            -515.32561             360.26696 
           -520.61391               5.32609            -515.28783             412.04189 
           -520.23022               5.00881            -515.22141             387.49683 
           -519.47813               4.45087            -515.02726             344.33229 
           -519.69834               4.81828            -514.88006             372.75661 
           -520.43551               5.35477            -515.08074             414.26102 
           -519.97674               4.60728            -515.36946             356.43267 
           -520.52622               4.95030            -515.57592             382.97012 
           -520.91791               5.11919            -515.79871             396.03612 
           -521.04394               5.13382            -515.91013             397.16732 
           -521.18324               5.41054            -515.77271             418.57521 
           -520.81027               5.31020            -515.50007             410.81292 
           -521.15511               5.86547            -515.28964             453.77010 
           -520.59562               5.26972            -515.32590             407.68151 
           -521.62279               6.26523            -515.35756             484.69718 
           -521.04995               5.76914            -515.28081             446.31789 
           -520.96385               5.58436            -515.37949             432.02309 
           -522.04765               6.48116            -515.56650             501.40172 
           -521.83915               6.34747            -515.49168             491.05909 
           -522.65736               7.34828            -515.30908             568.48506 
           -522.49638               7.26927            -515.22711             562.37234 
           -522.99407               7.80688            -515.18718             603.96368 
           -523.63382               8.55929            -515.07452             662.17256 
           -524.01919               8.98455            -515.03464             695.07133 
           -523.56305               8.30864            -515.25441             642.78108 
           -522.94058               7.47382            -515.46676             578.19675 
           -523.37685               7.81123            -515.56561             604.30035 
           -523.12570               7.41885            -515.70684             573.94472 
           -524.16646               8.39653            -515.76993             649.58089 
           -523.73714               8.00075            -515.73639             618.96188 
           -524.24533               8.39920            -515.84612             649.78744 
           -523.77588               7.79765            -515.97823             603.24948 
           -523.92313               7.84477            -516.07836             606.89494 
           -523.63332               7.39150            -516.24181             571.82861 
           -523.28082               6.83619            -516.44463             528.86798 
           -524.14178               7.54154            -516.60025             583.43568 
           -523.96281               7.44801            -516.51479             576.20049 
           -523.48532               6.98093            -516.50439             540.06559 
           -523.26054               6.70920            -516.55134             519.04380 
           -522.40062               5.95484            -516.44578             460.68387 
           -522.73167               6.32412            -516.40755             489.25243 
           -522.77159               6.14003            -516.63155             475.01134 
           -522.45770               5.54896            -516.90874             429.28442 
           -521.98817               5.01868            -516.96949             388.26032 
           -521.48053               4.45506            -517.02547             344.65655 
           -521.59038               4.24925            -517.34113             328.73498 
           -522.49257               4.92377            -517.56880             380.91741 
           -522.04827               4.43392            -517.61435             343.02153 
           -523.04362               5.37608            -517.66754             415.90969 
           -522.60242               5.05606            -517.54636             391.15182 
           -522.48409               5.05227            -517.43182             390.85846 
           -522.37390               5.17548            -517.19842             400.39072 
           -522.87091               5.86614            -517.00477             453.82188 
           -523.12374               6.18253            -516.94121             478.29929 
           -523.65532               6.62653            -517.02879             512.64812 
           -524.32467               7.15451            -517.17016             553.49401 
           -524.71021               7.43265            -517.27756             575.01187 
           -523.89793               6.71215            -517.18578             519.27217 
           -523.90383               6.66391            -517.23992             515.54017 
           -524.52370               7.11924            -517.40447             550.76549 
           -524.90754               7.58370            -517.32384             586.69739 
           -524.92885               7.71311            -517.21574             596.70927 
           -524.40134               7.18282            -517.21852             555.68471 
           -524.85751               7.60424            -517.25328             588.28632 
           -523.92790               6.99325            -516.93465             541.01832 
           -524.35555               7.63630            -516.71925             590.76704 
           -524.37687               7.67255            -516.70431             593.57161 
           -523.99739               7.36436            -516.63303             569.72860 
           -524.06132               7.56787            -516.49345             585.47262 
           -522.80011               6.38273            -516.41738             493.78724 
           -523.02395               6.45038            -516.57357             499.02074 
           -523.54577               6.89075            -516.65502             533.08908 
           -522.91407               6.31754            -516.59653             488.74363 
           -522.74386               6.08541            -516.65845             470.78568 
           -522.29611               5.60091            -516.69521             433.30299 
           -523.28644               6.50509            -516.78135             503.25307 
           -522.78680               6.12396            -516.66283             473.76803 
           -522.45254               5.86827            -516.58427             453.98675 
           -522.01681               5.36896            -516.64785             415.35891 
           -521.37023               4.70974            -516.66049             364.35940 
           -521.78604               5.10093            -516.68511             394.62280 
           -521.80434               5.09603            -516.70831             394.24402 
           -522.43383               5.78517            -516.64867             447.55772 
           -521.65127               5.11803            -516.53325             395.94584 
           -521.53934               5.12043            -516.41891             396.13140 
           -521.14082               4.79198            -516.34884             370.72223 
           -521.28286               4.84548            -516.43738             374.86073 
           -521.13640               4.59578            -516.54062             355.54362 
           -520.83085               4.24044            -516.59041             328.05305 
           -520.83488               4.25352            -516.58136             329.06531 
           -520.18829               3.66204            -516.52625             283.30654 
           -520.88408               4.40134            -516.48274             340.50082 
           -521.63224               5.17357            -516.45867             400.24256 
           -521.55475               5.08440            -516.47034             393.34468 
           -521.39760               4.85695            -516.54065             375.74788 
           -521.36863               4.74026            -516.62837             366.72043 
           -521.12371               4.37943            -516.74428             338.80574 
           -521.39007               4.63581            -516.75426             358.64040 
           -520.91489               4.33288            -516.58201             335.20484 
           -520.41982               3.98661            -516.43321             308.41620 
           -520.81448               4.42456            -516.38992             342.29716 
           -521.18947               4.79534            -516.39413             370.98169 
           -521.67216               5.26854            -516.40362             407.58974 
           -521.75815               5.35119            -516.40696             413.98394 
           -521.74513               5.18462            -516.56050             401.09802 
           -521.34581               4.74254            -516.60327             366.89719 
           -521.11737               4.66978            -516.44759             361.26792 
           -520.94400               4.54871            -516.39528             351.90203 
           -521.20351               4.80867            -516.39484             372.01302 
           -522.12088               5.78416            -516.33673             447.47980 
           -522.32153               6.03996            -516.28157             467.26927 
           -522.06768               5.68564            -516.38204             439.85805 
           -522.03924               5.60599            -516.43325             433.69590 
           -521.77925               5.38238            -516.39687             416.39714 
           -521.24468               4.89532            -516.34935             378.71680 
           -521.59929               5.31396            -516.28533             411.10398 
           -521.33728               5.16131            -516.17596             399.29455 
           -521.17589               5.17240            -516.00349             400.15218 
           -521.48241               5.46737            -516.01505             422.97195 
           -521.66685               5.56737            -516.09948             430.70835 
           -521.57897               5.54234            -516.03663             428.77175 
           -520.95953               4.97414            -515.98538             384.81446 
           -520.36997               4.50263            -515.86734             348.33705 
           -519.94719               4.35583            -515.59136             336.97992 
           -520.46385               5.00451            -515.45934             387.16408 
           -520.42538               4.96564            -515.45974             384.15641 
           -521.14777               5.65054            -515.49723             437.14275 
           -520.64866               5.09082            -515.55785             393.84076 
           -519.85844               4.35550            -515.50294             336.95459 
           -519.73451               4.30447            -515.43005             333.00655 
           -519.47073               4.08753            -515.38320             316.22326 
           -520.87715               5.50741            -515.36974             426.06954 
           -520.02355               4.71600            -515.30755             364.84373 
           -520.80543               5.53865            -515.26678             428.48633 
           -519.83690               4.56721            -515.26970             353.33266 
           -520.91738               5.56369            -515.35369             430.42384 
           -521.07129               5.85698            -515.21431             453.11309 
           -520.83883               5.80518            -515.03366             449.10590 
           -520.98183               5.96962            -515.01221             461.82755 
           -520.81848               5.84235            -514.97613             451.98131 
           -520.59721               5.66892            -514.92828             438.56479 
           -520.93721               6.09361            -514.84360             471.42003 
           -521.73475               6.81700            -514.91775             527.38369 
           -521.68713               6.70185            -514.98528             518.47481 
           -521.62166               6.72267            -514.89899             520.08606 
           -520.75905               5.88956            -514.86949             455.63372 
           -520.75226               5.76393            -514.98833             445.91492 
           -520.89593               5.82657            -515.06937             450.76056 
           -520.42275               5.36762            -515.05513             415.25548 
           -520.62677               5.60848            -515.01829             433.88875 
           -519.75899               4.72085            -515.03815             365.21880 
           -520.92991               5.81129            -515.11861             449.57902 
           -520.43162               5.32931            -515.10231             412.29124 
           -520.97624               5.85047            -515.12577             452.61016 
           -520.34468               5.17350            -515.17118             400.23730 
           -520.31210               5.19969            -515.11242             402.26328 
           -519.91498               4.81394            -515.10104             372.42070 
           -520.38163               5.28918            -515.09245             409.18681 
           -519.95654               4.94719            -515.00934             382.72972 
           -520.17602               5.23931            -514.93671             405.32858 
           -519.93809               4.97105            -514.96704             384.57533 
           -519.22168               4.32100            -514.90067             334.28580 
           -519.42345               4.57506            -514.84839             353.94061 
           -519.04178               4.19151            -514.85027             324.26806 
           -519.66390               4.71054            -514.95336             364.42146 
           -518.74801               3.71537            -515.03265             287.43183 
           -519.54669               4.50132            -515.04538             348.23518 
           -519.22450               4.23248            -514.99202             327.43720 
           -519.68874               4.61906            -515.06969             357.34415 
           -519.62242               4.53909            -515.08333             351.15745 
           -520.08579               5.08504            -515.00076             393.39377 
           -519.37252               4.35864            -515.01388             337.19746 
           -519.51502               4.37225            -515.14276             338.25058 
           -519.21080               4.12193            -515.08887             318.88487 
           -518.68845               3.69144            -514.99701             285.58061 
           -519.63513               4.54849            -515.08663             351.88502 
           -518.86328               3.79278            -515.07050             293.42073 
           -519.55513               4.57497            -514.98016             353.93355 
           -519.65313               4.77032            -514.88281             369.04625 
           -520.45962               5.50054            -514.95908             425.53856 
           -519.76233               4.75175            -515.01058             367.60960 
           -520.47118               5.51840            -514.95278             426.92009 
           -519.56686               4.65925            -514.90762             360.45344 
           -520.16531               5.11607            -515.04923             395.79464 
           -520.10103               5.00089            -515.10014             386.88403 
           -520.62597               5.61973            -515.00624             434.75920 
           -520.74314               5.75048            -514.99267             444.87391 
           -520.76958               5.64763            -515.12195             436.91723 
           -521.04585               5.93476            -515.11109             459.13072 
           -520.52169               5.54536            -514.97633             429.00555 
           -520.85968               5.83169            -515.02799             451.15658 
           -520.75852               5.61001            -515.14851             434.00743 
           -521.75786               6.56901            -515.18885             508.19798 
           -520.67928               5.63171            -515.04757             435.68564 
           -521.21108               6.22547            -514.98561             481.62086 
           -521.14357               6.16588            -514.97770             477.01056 
           -521.74979               6.77027            -514.97952             523.76832 
           -522.77803               7.78869            -514.98935             602.55591 
           -522.31421               7.25088            -515.06334             560.94945 
           -522.95938               7.79450            -515.16488             603.00566 
           -522.62521               7.42489            -515.20032             574.41169 
           -523.22149               7.87872            -515.34277             609.52117 
           -522.46481               7.07014            -515.39468             546.96694 
           -523.27311               7.90525            -515.36785             611.57392 
           -521.91614               6.53980            -515.37633             505.93869 
           -522.04700               6.54575            -515.50126             506.39850 
           -521.87106               6.26889            -515.60217             484.98001 
           -522.18562               6.55173            -515.63388             506.86176 
           -522.73958               7.04491            -515.69467             545.01529 
           -521.86709               5.99998            -515.86711             464.17608 
           -522.16195               6.19810            -515.96385             479.50365 
           -522.00449               6.02611            -515.97838             466.19793 
           -521.73148               5.58953            -516.14195             432.42292 
           -521.94395               5.54622            -516.39773             429.07185 
           -521.85068               5.27913            -516.57155             408.40954 
           -522.13651               5.44784            -516.68866             421.46147 
           -522.23639               5.40771            -516.82868             418.35664 
           -521.84486               4.93175            -516.91311             381.53526 
           -521.87180               4.79977            -517.07203             371.32457 
           -521.90887               4.56752            -517.34135             353.35676 
           -522.26026               4.62147            -517.63879             357.53095 
           -522.18161               4.32941            -517.85220             334.93614 
           -523.16737               5.02848            -518.13889             389.01837 
           -523.39710               5.12559            -518.27151             396.53061 
           -522.95420               4.67424            -518.27995             361.61326 
           -523.38691               5.18752            -518.19939             401.32215 
           -523.55977               5.32271            -518.23706             411.78060 
           -523.76378               5.40952            -518.35426             418.49656 
           -523.92387               5.56993            -518.35394             430.90666 
           -523.25649               4.76195            -518.49454             368.39859 
           -523.26971               4.51769            -518.75203             349.50176 
           -523.96286               5.06925            -518.89361             392.17244 
           -523.88191               4.91536            -518.96654             380.26730 
           -524.09363               5.03702            -519.05661             389.67886 
           -524.33401               5.29069            -519.04332             409.30347 
           -524.73977               5.72625            -519.01352             443.00010 
           -524.78440               5.75201            -519.03239             444.99264 
           -524.77581               5.60128            -519.17453             433.33186 
           -524.72130               5.45076            -519.27054             421.68725 
           -524.19098               4.96394            -519.22704             384.02525 
           -523.91643               4.58211            -519.33432             354.48600 
           -524.01110               4.66317            -519.34793             360.75691 
           -523.01495               3.80438            -519.21057             294.31797 
           -523.89781               4.72009            -519.17772             365.16031 
           -524.56142               5.36881            -519.19261             415.34714 
           -523.88143               4.71041            -519.17102             364.41129 
           -523.87370               4.74531            -519.12839             367.11123 
           -524.25123               5.02767            -519.22355             388.95584 
           -524.00073               4.62961            -519.37111             358.16051 
           -523.97650               4.62449            -519.35201             357.76429 
           -523.53618               4.32886            -519.20732             334.89325 
           -523.49410               4.30088            -519.19322             332.72916 
           -523.68590               4.49161            -519.19429             347.48408 
           -524.16748               4.93018            -519.23731             381.41320 
           -523.94000               4.65703            -519.28297             360.28174 
           -524.22617               4.81077            -519.41541             372.17516 
           -523.64691               4.16060            -519.48631             321.87677 
           -523.09880               3.70132            -519.39748             286.34499 
           -523.19895               3.88209            -519.31686             300.33038 
           -523.79769               4.46859            -519.32911             345.70311 
           -523.93381               4.67595            -519.25785             361.74582 
           -524.02386               4.88955            -519.13431             378.27016 
           -524.53641               5.33944            -519.19697             413.07525 
           -523.53212               4.29500            -519.23712             332.27406 
           -523.72728               4.45892            -519.26837             344.95501 
           -524.35936               5.10771            -519.25165             395.14767 
           -523.84472               4.69707            -519.14764             363.37969 
           -524.05016               4.89061            -519.15955             378.35191 
           -524.32928               5.24528            -519.08400             405.79052 
           -524.92764               5.94683            -518.98081             460.06442 
           -524.49095               5.47115            -519.01980             423.26438 
           -523.93806               4.89826            -519.03980             378.94387 
           -524.10547               5.16346            -518.94201             399.46049 
           -523.38469               4.46890            -518.91579             345.72738 
           -523.13428               4.33410            -518.80018             335.29916 
           -522.90857               4.24026            -518.66831             328.03904 
           -524.24764               5.62257            -518.62508             434.97848 
           -523.96369               5.38570            -518.57799             416.65413 
           -523.90687               5.20909            -518.69778             402.99086 
           -523.38606               4.75996            -518.62610             368.24467 
           -523.55716               5.13130            -518.42586             396.97266 
           -522.97746               4.75237            -518.22510             367.65729 
           -521.94928               3.90690            -518.04237             302.24968 
           -522.90176               5.08550            -517.81626             393.42944 
           -522.57502               5.00745            -517.56757             387.39116 
           -522.92740               5.50577            -517.42163             425.94255 
           -522.69648               5.35869            -517.33780             414.56410 
           -521.98914               4.86987            -517.11927             376.74761 
           -522.32962               5.24995            -517.07967             406.15182 
           -521.79651               4.63494            -517.16157             358.57242 
           -521.84036               4.82208            -517.01828             373.05064 
           -521.77450               5.06355            -516.71094             391.73147 
           -521.75859               5.24592            -516.51267             405.84001 
           -521.51629               5.22064            -516.29565             403.88447 
           -522.58464               6.48536            -516.09928             501.72701 
           -522.17122               6.22717            -515.94405             481.75265 
           -521.57520               5.70577            -515.86943             441.41564 
           -522.31479               6.45331            -515.86149             499.24696 
           -521.77960               6.07318            -515.70642             469.83894 
           -522.42351               6.86258            -515.56093             530.90940 
           -522.10820               6.58870            -515.51949             509.72184 
           -522.03939               6.56771            -515.47168             508.09766 
           -522.19066               6.82367            -515.36700             527.89920 
           -521.82650               6.41339            -515.41311             496.15904 
           -522.74210               7.29671            -515.44539             564.49534 
           -522.09813               6.86620            -515.23193             531.18959 
           -522.48724               7.31246            -515.17478             565.71362 
           -521.85358               6.62614            -515.22744             512.61788 
           -521.43989               6.17455            -515.26535             477.68142 
           -522.17931               6.94924            -515.23006             537.61429 
           -521.99481               6.80478            -515.19004             526.43794 
           -521.60811               6.41328            -515.19483             496.15041 
           -521.35121               6.29092            -515.06029             486.68423 
           -520.96787               6.06793            -514.89994             469.43331 
           -520.92024               5.98712            -514.93313             463.18125 
           -521.70082               6.63025            -515.07057             512.93597 
           -520.73803               5.65553            -515.08251             437.52829 
           -521.53993               6.49289            -515.04704             502.30901 
           -520.50887               5.44196            -515.06691             421.00622 
           -520.71505               5.57584            -515.13921             431.36368 
           -519.78374               4.75094            -515.03280             367.54691 
           -520.35429               5.35089            -515.00340             413.96080 
           -520.53411               5.41046            -515.12365             418.56944 
           -520.30219               5.07190            -515.23029             392.37727 
           -519.83359               4.59972            -515.23387             355.84822 
           -520.06025               4.84137            -515.21888             374.54289 
           -519.92296               4.62823            -515.29473             358.05352 
           -519.74383               4.47652            -515.26731             346.31660 
           -519.65561               4.55859            -515.09702             352.66638 
           -519.16384               4.11798            -515.04586             318.57905 
           -519.90574               4.82040            -515.08534             372.92058 
           -519.27045               4.22844            -515.04200             327.12508 
           -519.99295               4.94561            -515.04734             382.60737 
           -519.41602               4.35458            -515.06144             336.88321 
           -519.90135               4.80958            -515.09178             372.08320 
           -519.73510               4.72186            -515.01324             365.29708 
           -520.20649               5.22971            -514.97678             404.58617 
           -519.75887               4.78225            -514.97662             369.96913 
           -520.47260               5.44561            -515.02699             421.28833 
           -519.36765               4.40042            -514.96723             340.42961 
           -518.94223               3.91083            -515.03140             302.55367 
           -519.59784               4.38108            -515.21676             338.93305 
           -519.93023               4.69545            -515.23478             363.25377 
           -520.57978               5.34628            -515.23350             413.60404 
           -520.51938               5.29940            -515.21998             409.97708 
           -520.39373               5.14350            -515.25023             397.91688 
           -521.13434               5.84990            -515.28444             452.56573 
           -520.04144               4.87629            -515.16515             377.24429 
           -520.16639               5.01572            -515.15067             388.03077 
           -520.03504               4.90289            -515.13215             379.30187 
           -519.92994               4.88378            -515.04616             377.82394 
           -520.69952               5.70814            -514.99138             441.59853 
           -520.05484               5.09719            -514.95765             394.33356 
           -521.06977               6.01167            -515.05809             465.08109 
           -520.46673               5.36853            -515.09820             415.32557 
           -520.35617               5.34374            -515.01243             413.40795 
           -520.28328               5.28769            -514.99559             409.07182 
           -521.46484               6.39523            -515.06961             494.75401 
           -521.76968               6.69029            -515.07939             517.58045 
           -521.36319               6.30740            -515.05579             487.95929 
           -521.26620               6.15003            -515.11617             475.78465 
           -520.81441               5.64400            -515.17041             436.63643 
           -521.87860               6.60807            -515.27053             511.22025 
           -521.34798               6.06989            -515.27809             469.58486 
           -521.91273               6.66351            -515.24922             515.50883 
           -521.33287               6.12803            -515.20484             474.08252 
           -520.93524               5.80285            -515.13239             448.92583 
           -520.44169               5.31155            -515.13014             410.91750 
           -520.12750               4.93137            -515.19613             381.50525 
           -520.90917               5.63468            -515.27449             435.91604 
           -521.03029               5.75423            -515.27607             445.16416 
           -521.45320               6.20172            -515.25149             479.78331 
           -520.95784               5.70984            -515.24800             441.73015 
           -520.52133               5.24047            -515.28087             405.41809 
           -519.92117               4.67652            -515.24465             361.78974 
           -521.17199               5.77872            -515.39327             447.05874 
           -520.72837               5.15540            -515.57297             398.83714 
           -520.62061               4.93386            -515.68675             381.69778 
           -520.05863               4.39239            -515.66624             339.80812 
           -520.59887               4.91781            -515.68105             380.45682 
           -520.47687               4.67922            -515.79765             361.99855 
           -521.28333               5.35943            -515.92391             414.62119 
           -521.32001               5.39535            -515.92466             417.40044 
           -521.00075               5.07019            -515.93056             392.24487 
           -521.05606               5.05308            -516.00298             390.92137 
           -521.83364               5.73089            -516.10275             443.35895 
           -521.92321               5.71082            -516.21239             441.80634 
           -521.71360               5.44967            -516.26393             421.60311 
           -522.04503               5.63158            -516.41345             435.67560 
           -522.43373               5.92209            -516.51165             458.15041 
           -522.09954               5.59954            -516.50000             433.19694 
           -521.89379               5.41094            -516.48285             418.60611 
           -522.60014               6.00480            -516.59534             464.54914 
           -522.00348               5.30568            -516.69780             410.46338 
           -522.52096               5.76916            -516.75180             446.31927 
           -522.00632               5.36482            -516.64150             415.03843 
           -521.52766               4.90612            -516.62153             379.55245 
           -522.22335               5.61454            -516.60881             434.35792 
           -521.45394               4.96151            -516.49244             383.83697 
           -521.99313               5.57712            -516.41601             431.46295 
           -522.21260               5.71110            -516.50150             441.82808 
           -521.86700               5.28307            -516.58393             408.71401 
           -522.08436               5.52832            -516.55604             427.68721 
