           -496.97978               1.32354            -495.65624             102.39284 
           -497.50560               2.02780            -495.47780             156.87670 
           -497.25055               1.94071            -495.30984             150.13874 
           -497.34226               2.19110            -495.15116             169.50993 
           -498.21565               3.19751            -495.01813             247.36912 
           -497.86512               2.84781            -495.01731             220.31480 
           -497.07271               1.91086            -495.16185             147.82964 
           -497.12454               1.74756            -495.37699             135.19623 
           -497.81376               2.24360            -495.57017             173.57127 
           -498.11423               2.43306            -495.68116             188.22896 
           -498.10558               2.33488            -495.77070             180.63353 
           -498.82276               3.14170            -495.68106             243.05142 
           -498.97723               3.55198            -495.42525             274.79181 
           -498.59171               3.39469            -495.19702             262.62331 
           -499.09173               3.98415            -495.10758             308.22557 
           -499.73546               4.67692            -495.05854             361.82025 
           -499.59652               4.55734            -495.03918             352.56920 
           -499.41841               4.23549            -495.18293             327.66994 
           -500.20603               4.75444            -495.45159             367.81773 
           -501.36215               5.75604            -495.60611             445.30434 
           -501.63057               5.98960            -495.64097             463.37336 
           -501.97541               6.34870            -495.62672             491.15400 
           -502.62862               7.09011            -495.53851             548.51175 
           -503.07814               7.75203            -495.32611             599.71981 
           -503.41915               8.34769            -495.07147             645.80191 
           -504.24100               9.28901            -494.95199             718.62548 
           -505.24880              10.24233            -495.00647             792.37720 
           -506.36927              11.15712            -495.21216             863.14775 
           -507.16676              11.57215            -495.59462             895.25580 
           -507.80528              11.69046            -496.11482             904.40879 
           -507.76905              11.05516            -496.71388             855.26048 
           -508.31435              11.18607            -497.12828             865.38805 
           -508.46256              11.31673            -497.14584             875.49573 
           -506.54668              10.01113            -496.53555             774.49103 
           -505.98961              10.24881            -495.74080             792.87858 
           -506.42467              11.18653            -495.23814             865.42364 
           -505.32998              10.24776            -495.08222             792.79704 
           -507.20604              12.11230            -495.09373             937.04380 
           -508.42200              13.41177            -495.01023            1037.57420 
           -507.84066              12.73822            -495.10244             985.46677 
           -505.96138              10.73907            -495.22231             830.80650 
           -503.60483               8.25537            -495.34946             638.66021 
           -501.73175               6.04938            -495.68238             467.99780 
           -501.28929               5.23780            -496.05149             405.21159 
           -502.16220               5.56762            -496.59458             430.72776 
           -503.44282               6.19328            -497.24954             479.13052 
           -504.62822               7.02937            -497.59885             543.81340 
           -504.13293               6.38856            -497.74437             494.23824 
           -503.32623               5.76812            -497.55811             446.23898 
           -501.94913               4.83513            -497.11400             374.06014 
           -500.47759               3.94505            -496.53254             305.20069 
           -500.28160               4.42221            -495.85938             342.11567 
           -501.58872               6.30233            -495.28639             487.56683 
           -503.86198               8.80895            -495.05303             681.48656 
           -504.92623              10.07049            -494.85574             779.08289 
           -504.02084               9.11118            -494.90966             704.86777 
           -502.26637               6.84658            -495.41980             529.67166 
           -502.07264               6.01264            -496.06000             465.15607 
           -502.37756               5.91471            -496.46285             457.57961 
           -504.68468               7.92736            -496.75732             613.28440 
           -506.57651               9.61454            -496.96197             743.80986 
           -507.15243              10.08517            -497.06725             780.21919 
           -506.52468               9.66438            -496.86030             747.66501 
           -506.64048              10.01675            -496.62374             774.92540 
           -505.61807               9.35628            -496.26179             723.83005 
           -504.36351               8.58763            -495.77587             664.36502 
           -504.61112               9.31432            -495.29679             720.58373 
           -505.76979              11.01912            -494.75067             852.47172 
           -507.01990              12.80442            -494.21548             990.58808 
           -507.73405              13.85017            -493.88388            1071.49044 
           -508.12542              14.35224            -493.77319            1110.33176 
           -507.12945              13.23245            -493.89701            1023.70148 
           -507.01462              12.91507            -494.09954             999.14873 
           -506.32426              12.00501            -494.31925             928.74336 
           -504.21984               9.67971            -494.54013             748.85118 
           -503.37986               8.65154            -494.72831             669.30929 
           -503.25647               8.25356            -495.00291             638.52010 
           -503.25599               7.94559            -495.31040             614.69424 
           -503.63758               8.05771            -495.57987             623.36845 
           -503.46684               7.71323            -495.75361             596.71882 
           -503.87669               7.84907            -496.02762             607.22768 
           -503.48047               7.24437            -496.23610             560.44579 
           -502.70139               6.61326            -496.08813             511.62126 
           -501.50318               5.83503            -495.66815             451.41523 
           -500.35211               5.01679            -495.33532             388.11380 
           -500.27877               5.13298            -495.14579             397.10244 
           -498.35436               3.53049            -494.82387             273.12919 
           -499.80239               5.26580            -494.53659             407.37815 
           -499.70412               5.30908            -494.39504             410.72606 
           -500.22832               5.95770            -494.27062             460.90528 
           -500.64569               6.61437            -494.03133             511.70708 
           -500.34683               6.41752            -493.92931             496.47833 
           -500.23701               6.25367            -493.98334             483.80253 
           -499.71801               5.61748            -494.10052             434.58530 
           -499.83998               5.65612            -494.18385             437.57443 
           -499.41067               5.18258            -494.22810             400.93958 
           -499.21210               4.78337            -494.42874             370.05567 
           -498.89544               4.21131            -494.68414             325.79914 
           -499.08573               4.26405            -494.82168             329.87953 
           -499.09060               4.01632            -495.07427             310.71485 
           -500.05989               4.68458            -495.37531             362.41346 
           -500.60220               4.94569            -495.65650             382.61350 
           -501.16028               5.12330            -496.03698             396.35376 
           -501.20349               5.02475            -496.17874             388.72963 
           -500.75573               4.68441            -496.07133             362.39965 
           -500.04029               4.19008            -495.85021             324.15687 
           -499.59867               4.10225            -495.49642             317.36210 
           -500.13667               5.01311            -495.12356             387.82944 
           -500.22600               5.44097            -494.78503             420.92958 
           -501.05699               6.54173            -494.51526             506.08753 
           -501.38573               6.99338            -494.39234             541.02912 
           -501.68026               7.47921            -494.20105             578.61431 
           -502.01584               7.92100            -494.09484             612.79203 
           -502.14370               7.95179            -494.19191             615.17430 
           -502.57399               8.42314            -494.15084             651.63937 
           -502.55065               8.44091            -494.10974             653.01425 
           -503.13269               9.02142            -494.11128             697.92390 
           -502.88915               8.83266            -494.05650             683.32072 
           -503.04106               8.82265            -494.21841             682.54619 
           -503.00142               8.60111            -494.40031             665.40724 
           -503.83687               8.98157            -494.85530             694.84092 
           -502.66725               7.29538            -495.37186             564.39274 
           -503.12779               7.49103            -495.63676             579.52832 
           -502.95557               7.28405            -495.67152             563.51596 
           -501.79670               6.34079            -495.45591             490.54267 
           -501.09476               6.14941            -494.94535             475.73659 
           -502.27174               7.70382            -494.56791             595.99066 
           -501.10956               6.74172            -494.36784             521.55952 
           -500.14819               5.95785            -494.19034             460.91703 
           -500.12760               6.12323            -494.00437             473.71130 
           -498.72265               5.28748            -493.43517             409.05509 
           -498.12208               5.19631            -492.92577             402.00198 
           -499.82030               7.13607            -492.68423             552.06748 
           -500.24665               7.77095            -492.47569             601.18419 
           -500.28345               7.59755            -492.68589             587.76940 
           -500.79544               7.78305            -493.01239             602.12004 
           -499.68104               6.57929            -493.10175             508.99371 
           -499.43533               6.22771            -493.20763             481.79418 
           -498.86160               5.47703            -493.38457             423.71917 
           -498.24788               4.56698            -493.68090             353.31489 
           -499.83213               5.94170            -493.89044             459.66743 
           -500.73752               6.74290            -493.99463             521.65073 
           -502.09374               7.96990            -494.12384             616.57517 
           -501.49290               7.49035            -494.00255             579.47572 
           -500.72776               6.92955            -493.79820             536.09101 
           -501.55882               8.02171            -493.53711             620.58334 
           -502.27032               9.05150            -493.21883             700.25068 
           -501.91643               8.82502            -493.09141             682.72989 
           -501.31504               8.40958            -492.90546             650.59048 
           -501.36555               8.58814            -492.77741             664.40429 
           -501.35375               8.67106            -492.68269             670.81886 
           -502.02655               9.32979            -492.69675             721.78062 
           -502.02168               9.24277            -492.77892             715.04794 
           -501.47691               8.68681            -492.79010             672.03725 
           -501.39786               8.54942            -492.84843             661.40891 
           -501.08240               7.98056            -493.10184             617.39972 
           -500.76569               7.32088            -493.44481             566.36539 
           -500.48705               6.87337            -493.61368             531.74433 
           -500.47606               6.80231            -493.67375             526.24699 
           -499.97521               6.28688            -493.68833             486.37147 
           -500.15609               6.32099            -493.83510             489.01062 
           -499.51685               5.72931            -493.78753             443.23673 
           -499.62527               5.94050            -493.68476             459.57505 
           -498.45928               4.86853            -493.59075             376.64362 
           -498.61518               5.02047            -493.59471             388.39841 
           -498.70256               5.23554            -493.46703             405.03667 
           -498.49877               5.23543            -493.26334             405.02855 
           -498.91893               5.76646            -493.15247             446.11046 
           -498.68055               5.49265            -493.18789             424.92799 
           -500.00482               6.84037            -493.16445             529.19158 
           -499.02156               6.23157            -492.78999             482.09269 
           -498.69913               6.19576            -492.50337             479.32244 
           -498.67937               6.17553            -492.50384             477.75716 
           -497.60461               5.03994            -492.56467             389.90462 
           -498.36533               5.71809            -492.64724             442.36865 
           -498.30008               5.33592            -492.96416             412.80283 
           -498.93642               5.59531            -493.34111             432.86953 
           -498.80686               5.23852            -493.56835             405.26721 
           -498.65815               5.02599            -493.63217             388.82543 
           -499.45542               5.76350            -493.69192             445.88160 
           -498.82698               5.10650            -493.72048             395.05375 
           -499.11225               5.43264            -493.67961             420.28505 
           -498.22035               4.68323            -493.53712             362.30833 
           -498.90823               5.39648            -493.51175             417.48747 
           -499.30582               5.75080            -493.55503             444.89869 
           -499.38881               5.88833            -493.50048             455.53900 
           -500.03431               6.56830            -493.46601             508.14320 
           -500.90621               7.42901            -493.47719             574.73047 
           -501.34673               7.99375            -493.35298             618.42037 
           -501.39841               8.36472            -493.03368             647.12006 
           -501.60397               8.85887            -492.74510             685.34893 
           -502.32675               9.71388            -492.61287             751.49489 
           -501.80932               9.24623            -492.56309             715.31587 
           -502.45341               9.69644            -492.75697             750.14544 
           -502.62885               9.48679            -493.14206             733.92618 
           -503.02263               9.64888            -493.37375             746.46577 
           -503.22147               9.81014            -493.41133             758.94151 
           -502.79088               9.35080            -493.44008             723.40571 
           -503.34838               9.84312            -493.50527             761.49294 
           -503.43045              10.00684            -493.42361             774.15888 
           -503.97708              10.55854            -493.41854             816.84044 
           -504.23488              10.59706            -493.63782             819.82044 
           -503.82336               9.81522            -494.00814             759.33446 
           -504.26106               9.77301            -494.48804             756.06959 
           -503.51360               8.61144            -494.90216             666.20681 
           -504.47139               9.25845            -495.21294             716.26103 
           -504.28070               8.90992            -495.37078             689.29821 
           -502.57105               7.18291            -495.38815             555.69117 
           -502.13131               6.99409            -495.13722             541.08348 
           -501.63893               6.76387            -494.87507             523.27304 
           -501.55155               6.73518            -494.81637             521.05367 
           -502.35111               7.32986            -495.02125             567.06018 
           -502.04974               6.75658            -495.29316             522.70883 
           -502.34487               6.74922            -495.59565             522.13990 
           -502.51253               6.48924            -496.02329             502.02693 
           -502.71911               6.25381            -496.46530             483.81319 
           -502.58475               5.86868            -496.71607             454.01831 
           -502.58316               5.55135            -497.03181             429.46883 
           -503.01435               5.58393            -497.43043             431.98917 
           -504.33962               6.42441            -497.91521             497.01181 
           -503.54757               5.20879            -498.33878             402.96721 
           -504.51295               5.93923            -498.57372             459.47641 
           -504.11349               5.51463            -498.59887             426.62790 
           -503.83928               5.23030            -498.60899             404.63128 
           -504.10684               5.59635            -498.51049             432.95029 
           -504.34295               5.91123            -498.43173             457.31003 
           -505.30605               6.71077            -498.59529             519.16483 
           -506.39542               7.70172            -498.69371             595.82788 
           -505.91462               7.29498            -498.61964             564.36179 
           -506.37592               7.76384            -498.61209             600.63353 
           -507.05574               8.27348            -498.78226             640.06071 
           -506.49406               7.57960            -498.91445             586.38074 
           -505.76290               6.64558            -499.11732             514.12212 
           -505.11958               5.77996            -499.33962             447.15473 
           -505.60679               6.07348            -499.53332             469.86220 
           -506.23929               6.62297            -499.61633             512.37256 
           -506.39662               6.83107            -499.56555             528.47204 
           -507.11139               7.58168            -499.52971             586.54157 
           -505.77671               6.35108            -499.42563             491.33867 
           -505.22701               5.82214            -499.40487             450.41805 
           -505.07207               5.57519            -499.49688             431.31333 
           -504.54809               4.98034            -499.56775             385.29379 
           -505.56911               5.89819            -499.67092             456.30195 
           -505.37732               5.70659            -499.67072             441.47901 
           -504.85696               5.30064            -499.55632             410.07345 
           -505.92891               6.51730            -499.41161             504.19815 
           -505.13148               5.94594            -499.18554             459.99560 
           -505.55727               6.42169            -499.13558             496.80132 
           -504.71668               5.49994            -499.21674             425.49169 
           -504.38350               5.07222            -499.31128             392.40177 
           -505.29313               5.90775            -499.38538             457.04132 
           -504.08376               4.62124            -499.46252             357.51322 
           -505.48456               5.81093            -499.67363             449.55119 
           -505.12072               5.51180            -499.60892             426.40908 
           -505.17567               5.77660            -499.39907             446.89521 
           -505.09582               5.71146            -499.38436             441.85542 
           -505.73567               6.23560            -499.50007             482.40494 
           -505.47552               6.02604            -499.44948             466.19270 
           -505.01552               5.59462            -499.42091             432.81647 
           -505.98624               6.44592            -499.54033             498.67526 
           -505.80878               6.24273            -499.56605             482.95640 
           -505.47215               6.03955            -499.43260             467.23755 
           -505.88644               6.72606            -499.16038             520.34787 
           -505.52335               6.46580            -499.05755             500.21336 
           -505.71842               6.66715            -499.05127             515.79059 
           -506.41007               7.40017            -499.00990             572.49959 
           -506.68244               7.53854            -499.14390             583.20368 
           -505.53878               6.27310            -499.26568             485.30576 
           -506.27618               6.96438            -499.31180             538.78492 
           -506.46827               7.20941            -499.25887             557.74113 
           -506.47833               7.40724            -499.07110             573.04599 
           -505.28312               6.44588            -498.83724             498.67237 
           -505.74494               7.18317            -498.56177             555.71181 
           -505.66340               7.22788            -498.43551             559.17043 
           -504.58112               6.15522            -498.42590             476.18601 
           -506.21576               7.81007            -498.40569             604.21004 
           -504.82864               6.52882            -498.29982             505.08886 
           -504.53468               6.33763            -498.19705             490.29786 
           -504.95887               6.99470            -497.96417             541.13103 
           -503.58304               5.86423            -497.71881             453.67469 
           -502.19830               4.71248            -497.48582             364.57166 
           -502.59626               5.21465            -497.38161             403.42105 
           -502.56775               5.47129            -497.09645             423.27566 
           -502.06012               5.33521            -496.72491             412.74776 
           -501.51853               5.04575            -496.47278             390.35448 
           -502.10783               5.68034            -496.42748             439.44840 
           -502.21270               5.93151            -496.28119             458.87941 
           -502.51354               6.44503            -496.06851             498.60665 
           -502.72905               6.84714            -495.88191             529.71538 
           -502.54993               7.10830            -495.44162             549.91954 
           -502.07868               7.15109            -494.92758             553.23001 
           -501.61205               7.33351            -494.27855             567.34203 
           -502.86084               8.92178            -493.93906             690.21565 
           -503.21096               9.26835            -493.94261             717.02724 
           -502.69766               8.75791            -493.93976             677.53781 
           -501.94246               7.99449            -493.94797             618.47762 
           -504.04698              10.06160            -493.98538             778.39537 
           -503.07517               9.30520            -493.76996             719.87839 
           -503.25425               9.68298            -493.57127             749.10421 
           -503.46878              10.25554            -493.21324             793.39928 
           -504.00284              10.81918            -493.18366             837.00421 
           -503.01658               9.68853            -493.32804             749.53390 
           -502.73208               9.43609            -493.29599             730.00400 
           -503.53970              10.15447            -493.38524             785.57999 
           -503.36084               9.95799            -493.40285             770.37977 
           -502.84085               9.52484            -493.31601             736.87004 
           -501.90716               8.88248            -493.02468             687.17524 
           -501.84955               9.10006            -492.74949             704.00754 
           -501.52461               8.76544            -492.75917             678.12047 
           -501.42141               8.59588            -492.82553             665.00278 
           -501.36634               8.57447            -492.79187             663.34657 
           -500.75112               7.77049            -492.98063             601.14807 
           -499.64748               6.54377            -493.10371             506.24568 
           -500.22873               7.08458            -493.14415             548.08429 
           -500.66330               7.58857            -493.07472             587.07476 
           -500.56603               7.57239            -492.99365             585.82232 
           -499.12350               6.17432            -492.94918             477.66390 
           -499.37138               6.44404            -492.92734             498.52982 
           -499.20836               6.19041            -493.01794             478.90895 
           -498.56454               5.31094            -493.25360             410.87022 
           -498.39564               5.03650            -493.35915             389.63840 
           -498.27900               4.97414            -493.30486             384.81441 
           -498.72869               5.45261            -493.27608             421.83018 
           -498.15044               5.05743            -493.09300             391.25792 
           -498.50602               5.62450            -492.88151             435.12826 
           -498.45217               5.75373            -492.69844             445.12605 
           -499.29249               6.61953            -492.67296             512.10684 
           -499.30811               6.49058            -492.81753             502.13047 
           -498.65565               5.69642            -492.95922             440.69218 
           -498.77409               5.73625            -493.03784             443.77311 
           -498.36857               5.29528            -493.07328             409.65903 
           -498.75668               5.76625            -492.99043             446.09413 
           -498.20784               5.32792            -492.87991             412.18414 
           -499.25192               6.40542            -492.84650             495.54219 
           -498.97011               6.15129            -492.81883             475.88178 
           -498.63201               5.60361            -493.02839             433.51222 
           -498.31664               5.06047            -493.25617             391.49285 
           -499.04943               5.68851            -493.36091             440.08026 
           -499.50829               6.05005            -493.45824             468.05010 
           -499.61366               6.15356            -493.46010             476.05795 
           -500.51166               7.16820            -493.34345             554.55348 
           -500.59936               7.51147            -493.08789             581.10995 
           -501.68652               8.80194            -492.88458             680.94432 
           -500.75564               7.94840            -492.80724             614.91199 
           -500.45714               7.58671            -492.87043             586.93057 
           -501.29082               8.38188            -492.90894             648.44727 
           -502.09448               9.16805            -492.92643             709.26789 
           -502.00790               9.22215            -492.78575             713.45318 
           -501.32825               8.63933            -492.68892             668.36436 
           -502.66972               9.96412            -492.70559             770.85428 
           -501.30334               8.67509            -492.62825             671.13079 
           -502.34165               9.48853            -492.85311             734.06126 
           -501.65076               8.59005            -493.06071             664.55193 
           -501.58222               8.25353            -493.32869             638.51764 
           -501.65016               8.24483            -493.40533             637.84461 
           -500.81178               7.44107            -493.37071             575.66334 
           -500.47539               7.08037            -493.39503             547.75818 
           -499.88054               6.46697            -493.41357             500.30411 
           -499.76938               6.38168            -493.38769             493.70609 
           -499.83931               6.46578            -493.37353             500.21234 
           -500.14153               6.80048            -493.34106             526.10504 
           -499.21418               5.97113            -493.24306             461.94420 
           -499.40145               6.32435            -493.07710             489.27036 
           -499.30396               6.39216            -492.91180             494.51642 
           -500.65058               7.56072            -493.08986             584.92021 
           -500.08923               6.90982            -493.17941             534.56415 
           -499.25761               5.99492            -493.26269             463.78489 
           -499.42228               6.08833            -493.33394             471.01175 
           -500.71707               7.28019            -493.43688             563.21712 
           -500.66652               7.14321            -493.52332             552.61966 
           -500.41580               6.90448            -493.51132             534.15104 
           -501.24112               7.52051            -493.72061             581.80928 
           -501.40224               7.30357            -494.09868             565.02560 
           -501.10762               6.75854            -494.34908             522.86106 
           -501.40149               6.86232            -494.53917             530.88930 
           -502.05573               7.37883            -494.67690             570.84831 
           -502.65638               8.03131            -494.62508             621.32573 
           -503.08722               8.55670            -494.53052             661.97174 
           -502.80212               8.44992            -494.35220             653.71083 
           -502.63404               8.38096            -494.25308             648.37610 
           -501.99971               7.77301            -494.22670             601.34301 
           -500.97952               6.88503            -494.09449             532.64676 
           -501.69301               7.48670            -494.20632             579.19312 
           -501.97049               7.74716            -494.22333             599.34335 
           -501.68232               7.55479            -494.12754             584.46086 
           -501.32341               7.17322            -494.15019             554.94188 
           -501.81995               7.71946            -494.10049             597.20072 
           -500.33084               6.24623            -494.08460             483.22735 
           -501.09982               6.94990            -494.14992             537.66519 
           -500.53117               6.32830            -494.20287             489.57644 
           -499.86800               5.49840            -494.36960             425.37281 
           -500.64260               6.15628            -494.48632             476.26821 
           -500.45922               5.92931            -494.52991             458.70922 
           -500.56711               5.88665            -494.68046             455.40906 
           -499.61366               4.87597            -494.73769             377.21961 
           -500.97064               6.19739            -494.77326             479.44832 
           -499.27808               4.58873            -494.68935             354.99809 
           -501.65461               6.96495            -494.68966             538.82961 
           -500.57029               5.97728            -494.59302             462.42015 
           -500.37647               5.92385            -494.45262             458.28694 
           -500.80325               6.34989            -494.45335             491.24659 
           -500.80906               6.26324            -494.54582             484.54285 
           -500.80201               6.39857            -494.40344             495.01275 
           -500.26313               6.07821            -494.18492             470.22873 
           -500.92427               6.80911            -494.11515             526.77333 
           -500.92465               6.84724            -494.07740             529.72316 
           -501.17560               7.11418            -494.06142             550.37426 
           -501.50963               7.41866            -494.09097             573.92965 
           -501.38409               7.17968            -494.20441             555.44118 
           -502.06902               7.60439            -494.46464             588.29793 
           -501.44410               6.82842            -494.61568             528.26720 
           -502.29025               7.63130            -494.65895             590.38043 
           -502.55410               7.81570            -494.73840             604.64591 
           -503.02711               8.30153            -494.72558             642.23079 
           -504.04592               9.27081            -494.77511             717.21758 
           -503.92593               9.04521            -494.88072             699.76429 
           -505.31991              10.30226            -495.01765             797.01336 
           -504.48770               9.39703            -495.09067             726.98229 
           -505.12094              10.15527            -494.96567             785.64182 
           -504.25642               9.44544            -494.81098             730.72736 
           -504.90695              10.20795            -494.69901             789.71736 
           -505.08432              10.55920            -494.52512             816.89086 
           -505.49121              10.85985            -494.63136             840.15072 
           -505.84673              10.89595            -494.95079             842.94283 
           -505.87323              10.69741            -495.17582             827.58366 
           -505.65872              10.38561            -495.27310             803.46216 
           -504.40486               9.11160            -495.29326             704.90051 
           -504.90125               9.45995            -495.44130             731.84993 
           -504.71891               9.12065            -495.59826             705.60086 
           -503.85187               8.01585            -495.83602             620.13006 
           -504.07476               7.73254            -496.34222             598.21236 
           -504.34327               7.60564            -496.73763             588.39475 
           -504.83270               7.94770            -496.88501             614.85757 
           -504.31551               7.48226            -496.83325             578.84970 
           -503.69314               6.88340            -496.80974             532.52069 
           -502.94066               5.92209            -497.01857             458.15039 
           -502.27626               5.30876            -496.96750             410.70113 
           -503.25637               6.40996            -496.84640             495.89388 
           -503.41060               6.47428            -496.93632             500.86959 
           -502.75159               5.88016            -496.87143             454.90681 
           -504.23898               7.34167            -496.89730             567.97380 
           -503.44910               6.26659            -497.18251             484.80217 
           -503.92574               6.35118            -497.57456             491.34622 
           -504.70743               6.89293            -497.81450             533.25770 
           -505.78044               7.98381            -497.79662             617.65164 
           -505.36924               7.63446            -497.73478             590.62437 
           -506.39959               8.55848            -497.84111             662.10930 
           -505.06899               7.21639            -497.85259             558.28165 
           -505.48981               7.66251            -497.82730             592.79455 
           -505.82412               8.08664            -497.73749             625.60628 
           -506.64012               9.02635            -497.61377             698.30545 
           -506.74086               9.28190            -497.45897             718.07533 
           -506.62350               9.23192            -497.39158             714.20878 
           -506.37626               9.03361            -497.34266             698.86670 
           -505.78131               8.32003            -497.46129             643.66213 
           -506.51396               8.85373            -497.66023             684.95082 
           -506.75566               9.06353            -497.69213             701.18147 
           -506.83259               9.25228            -497.58032             715.78374 
           -505.70841               8.32387            -497.38454             643.95968 
           -505.29997               8.12340            -497.17658             628.45014 
           -505.57157               8.58750            -496.98406             664.35501 
           -505.09156               8.27432            -496.81724             640.12634 
           -505.82170               8.94054            -496.88116             691.66665 
           -505.78179               8.61737            -497.16442             666.66558 
           -505.53553               8.35743            -497.17810             646.55573 
           -502.97921               5.88036            -497.09885             454.92233 
           -504.80824               7.69207            -497.11617             595.08122 
           -503.75904               6.75893            -497.00011             522.89081 
           -504.38030               7.32181            -497.05849             566.43671 
           -502.97129               5.94852            -497.02277             460.19511 
           -503.22524               6.20826            -497.01697             480.28985 
           -503.06809               5.91271            -497.15538             457.42487 
           -502.92089               5.73682            -497.18407             443.81713 
           -503.72851               6.54552            -497.18299             506.38064 
           -502.88299               5.85267            -497.03032             452.78013 
           -502.44742               5.52022            -496.92720             427.06045 
           -502.81252               5.88090            -496.93162             454.96399 
           -502.95748               6.16812            -496.78936             477.18444 
           -503.15225               6.55352            -496.59872             506.99998 
           -503.12890               6.60569            -496.52321             511.03580 
           -503.31049               6.79719            -496.51330             525.85061 
           -502.27194               5.69112            -496.58081             440.28207 
           -502.17706               5.47876            -496.69829             423.85357 
           -502.81477               6.03776            -496.77700             467.09948 
           -502.49142               5.61062            -496.88080             434.05462 
           -503.70606               6.85250            -496.85356             530.12961 
           -503.67650               6.94345            -496.73304             537.16628 
           -503.89934               7.18289            -496.71645             555.68976 
           -503.41368               6.72644            -496.68724             520.37780 
           -502.36138               5.60733            -496.75406             433.79942 
           -503.10955               6.39985            -496.70970             495.11129 
           -502.86427               6.36752            -496.49675             492.61008 
           -503.50034               7.03217            -496.46817             544.02959 
           -503.69111               7.31078            -496.38033             565.58346 
           -503.24082               7.04887            -496.19195             545.32148 
           -503.57888               7.45583            -496.12305             576.80492 
           -503.27348               7.15270            -496.12078             553.35445 
           -503.55339               7.36146            -496.19194             569.50420 
           -502.38382               6.24339            -496.14044             483.00698 
           -503.04444               7.21071            -495.83373             557.84188 
           -501.42934               6.03738            -495.39195             467.06996 
           -502.35028               7.32907            -495.02121             566.99883 
           -502.25240               7.42663            -494.82578             574.54611 
           -501.94179               7.21709            -494.72470             558.33552 
           -500.80435               6.03797            -494.76638             467.11528 
           -502.85739               7.81678            -495.04062             604.72905 
           -500.62522               5.63938            -494.98584             436.27907 
           -501.30483               6.56279            -494.74204             507.71700 
           -500.04482               5.41590            -494.62892             418.99030 
           -501.57712               7.12932            -494.44780             551.54539 
           -501.09095               6.83590            -494.25504             528.84582 
           -500.30411               6.14828            -494.15583             475.64922 
           -500.49110               6.35383            -494.13728             491.55088 
           -501.29656               7.14588            -494.15069             552.82623 
           -499.95148               5.98598            -493.96551             463.09298 
           -501.60694               7.77347            -493.83346             601.37899 
           -500.80455               7.09998            -493.70456             549.27594 
           -502.36981               8.79779            -493.57202             680.62338 
           -501.30387               8.13276            -493.17111             629.17487 
           -501.03860               8.22313            -492.81547             636.16590 
           -502.01504               9.30089            -492.71415             719.54439 
           -501.49125               8.83391            -492.65734             683.41758 
           -501.74498               9.10836            -492.63662             704.65018 
           -501.38938               8.59249            -492.79690             664.74047 
           -501.48298               8.39619            -493.08679             649.55465 
           -501.60150               8.51931            -493.08218             659.07935 
           -500.88049               7.88729            -492.99320             610.18441 
           -501.80616               8.76768            -493.03848             678.29392 
           -501.15931               8.10370            -493.05561             626.92673 
           -501.02948               7.89715            -493.13233             610.94718 
           -500.36518               7.17653            -493.18864             555.19802 
           -500.44595               7.06606            -493.37989             546.65117 
           -500.76026               7.24343            -493.51683             560.37360 
           -500.70107               7.32875            -493.37231             566.97408 
           -499.68638               6.56806            -493.11832             508.12459 
           -499.00301               6.09079            -492.91222             471.20156 
           -499.81041               7.02601            -492.78439             543.55330 
           -499.25744               6.56225            -492.69519             507.67488 
           -499.73209               7.03577            -492.69633             544.30802 
           -499.33904               6.53263            -492.80642             505.38351 
           -499.47910               6.65969            -492.81941             515.21360 
           -499.00713               6.33844            -492.66868             490.36096 
           -500.10340               7.46976            -492.63364             577.88291 
           -499.73443               7.13126            -492.60317             551.69543 
           -500.15224               7.44311            -492.70913             575.82107 
           -499.40127               6.59316            -492.80811             510.06681 
           -498.51515               5.53479            -492.98036             428.18793 
           -498.36969               5.16064            -493.20906             399.24224 
           -500.01939               6.66319            -493.35621             515.48404 
           -499.11384               5.80952            -493.30432             449.44153 
           -499.10133               5.89474            -493.20659             456.03491 
           -499.48280               6.38098            -493.10182             493.65177 
           -500.01413               6.98854            -493.02558             540.65465 
           -499.43724               6.45771            -492.97953             499.58754 
           -499.63045               6.61307            -493.01738             511.60666 
           -499.02959               5.89117            -493.13843             455.75836 
           -499.96698               6.86955            -493.09744             531.44858 
           -499.89472               6.97015            -492.92457             539.23186 
           -500.35503               7.59078            -492.76425             587.24544 
           -500.21015               7.67466            -492.53550             593.73435 
           -500.53567               8.12769            -492.40798             628.78240 
           -501.06893               8.55771            -492.51121             662.05036 
           -500.29024               7.56949            -492.72075             585.59812 
           -502.19666               9.23597            -492.96069             714.52201 
           -501.95752               8.88426            -493.07327             687.31253 
           -501.50121               8.35099            -493.15022             646.05777 
           -502.06898               8.87919            -493.18978             686.92099 
           -501.44327               8.37270            -493.07058             647.73680 
           -500.58410               7.59024            -492.99385             587.20378 
           -501.62071               8.41695            -493.20376             651.16066 
           -502.07008               8.72246            -493.34762             674.79549 
           -500.87033               7.49155            -493.37878             579.56860 
           -500.97811               7.44985            -493.52826             576.34281 
           -501.35465               7.79697            -493.55768             603.19668 
           -500.77448               7.38869            -493.38579             571.61136 
           -501.77583               8.41408            -493.36175             650.93856 
           -501.76291               8.34362            -493.41929             645.48725 
           -500.78186               7.30020            -493.48166             564.76544 
           -500.66415               7.13605            -493.52810             552.06602 
           -501.31258               7.60109            -493.71149             588.04338 
           -500.47452               6.79827            -493.67625             525.93407 
           -501.31546               7.72643            -493.58902             597.73977 
           -500.74381               7.05436            -493.68945             545.74617 
           -501.82945               7.94079            -493.88867             614.32300 
           -499.57307               5.52333            -494.04974             427.30109 
           -501.14343               6.83395            -494.30948             528.69491 
           -501.20669               6.65949            -494.54720             515.19784 
           -501.92484               7.20280            -494.72205             557.22999 
           -500.37497               5.70031            -494.67466             440.99295 
           -501.90471               7.07373            -494.83098             547.24504 
           -501.00477               6.04286            -494.96191             467.49378 
           -502.46236               7.31536            -495.14701             565.93773 
           -502.53896               7.22116            -495.31781             558.65027 
           -501.06217               5.81747            -495.24470             450.05658 
           -502.34924               7.14457            -495.20467             552.72560 
           -502.50308               7.39110            -495.11198             571.79787 
           -502.32369               7.20492            -495.11877             557.39428 
           -502.47251               7.24900            -495.22351             560.80424 
           -502.54425               7.26761            -495.27663             562.24436 
           -503.05749               7.71518            -495.34230             596.86968 
