           -534.32660               1.21174            -533.11486              93.74397 
           -534.80561               1.80246            -533.00315             139.44391 
           -534.48767               1.69325            -532.79442             130.99497 
           -534.70432               2.12764            -532.57668             164.60078 
           -535.18042               2.62873            -532.55169             203.36644 
           -534.59674               2.03900            -532.55774             157.74329 
           -534.25158               1.59619            -532.65539             123.48583 
           -534.03921               1.20051            -532.83869              92.87536 
           -534.70116               1.65802            -533.04314             128.26950 
           -534.62034               1.42188            -533.19846             110.00082 
           -534.75315               1.54714            -533.20600             119.69168 
           -535.23401               2.14921            -533.08479             166.26959 
           -534.72203               1.76572            -532.95630             136.60162 
           -534.14105               1.37861            -532.76244             106.65353 
           -534.11756               1.53392            -532.58364             118.66846 
           -534.59994               2.07168            -532.52826             160.27129 
           -534.61326               2.03364            -532.57962             157.32839 
           -534.55187               1.84196            -532.70991             142.49941 
           -535.12421               2.23849            -532.88573             173.17605 
           -535.21130               2.17122            -533.04009             167.97172 
           -534.70079               1.52418            -533.17661             117.91488 
           -534.63047               1.45774            -533.17273             112.77505 
           -534.61078               1.59132            -533.01946             123.10912 
           -534.47082               1.60255            -532.86827             123.97788 
           -534.49823               1.79885            -532.69937             139.16450 
           -535.09265               2.52882            -532.56384             195.63687 
           -535.21983               2.68502            -532.53481             207.72140 
           -534.77113               2.17877            -532.59236             168.55644 
           -534.48709               1.72040            -532.76669             133.09535 
           -534.42306               1.45042            -532.97263             112.20914 
           -534.60500               1.50671            -533.09829             116.56344 
           -534.54980               1.34758            -533.20222             104.25269 
           -534.86107               1.68339            -533.17768             130.23232 
           -535.18044               2.16111            -533.01933             167.18990 
           -534.77772               1.96526            -532.81246             152.03833 
           -534.81874               2.17032            -532.64842             167.90228 
           -534.96305               2.40586            -532.55719             186.12417 
           -535.03756               2.49749            -532.54007             193.21318 
           -534.51064               1.93422            -532.57642             149.63740 
           -534.38951               1.62001            -532.76950             125.32906 
           -534.99803               2.02992            -532.96811             157.04063 
           -535.04894               1.97219            -533.07674             152.57478 
           -535.30627               2.18750            -533.11877             169.23162 
           -535.45809               2.38976            -533.06832             184.87930 
           -535.92555               2.97015            -532.95539             229.77994 
           -535.79046               3.01650            -532.77396             233.36515 
           -536.34198               3.75567            -532.58631             290.54969 
           -537.05234               4.51690            -532.53543             349.44105 
           -536.34316               3.77754            -532.56562             292.24185 
           -536.48966               3.85294            -532.63671             298.07530 
           -537.24901               4.53094            -532.71807             350.52691 
           -537.63764               4.89669            -532.74095             378.82252 
           -537.53440               4.89020            -532.64420             378.32046 
           -537.72721               5.22841            -532.49879             404.48577 
           -538.07948               5.64213            -532.43735             436.49220 
           -537.94409               5.45915            -532.48494             422.33614 
           -538.13967               5.55546            -532.58421             429.78728 
           -537.54215               4.87663            -532.66552             377.27047 
           -536.87306               4.16887            -532.70419             322.51630 
           -537.43717               4.68124            -532.75593             362.15484 
           -537.95293               5.09216            -532.86078             393.94446 
           -537.84533               4.82101            -533.02432             372.96777 
           -537.46736               4.30519            -533.16217             333.06245 
           -536.91790               3.69588            -533.22202             285.92406 
           -536.97539               3.76302            -533.21237             291.11837 
           -537.28073               4.17243            -533.10830             322.79171 
           -537.99300               5.04027            -532.95273             389.93018 
           -538.37673               5.57522            -532.80151             431.31562 
           -537.38962               4.71759            -532.67202             364.96699 
           -536.52231               3.91412            -532.60819             302.80775 
           -536.09494               3.62543            -532.46951             280.47402 
           -536.48088               4.26631            -532.21457             330.05473 
           -536.74326               4.76190            -531.98137             368.39447 
           -536.79223               5.00798            -531.78425             387.43210 
           -537.11308               5.44102            -531.67207             420.93320 
           -537.16786               5.49663            -531.67123             425.23578 
           -537.25238               5.39935            -531.85303             417.70956 
           -537.72107               5.65276            -532.06831             437.31462 
           -536.84138               4.70270            -532.13868             363.81514 
           -535.45510               3.40715            -532.04795             263.58721 
           -534.08001               2.21899            -531.86102             171.66754 
           -535.49105               3.78676            -531.70430             292.95472 
           -535.87615               4.28832            -531.58783             331.75742 
           -535.75610               4.35926            -531.39684             337.24529 
           -535.18969               3.91581            -531.27387             302.93902 
           -535.31299               4.04574            -531.26725             312.99067 
           -535.48360               4.45649            -531.02712             344.76703 
           -535.62392               4.99664            -530.62728             386.55486 
           -536.57973               6.28438            -530.29535             486.17813 
           -536.56176               6.45814            -530.10362             499.62072 
           -535.68292               5.76814            -529.91478             446.24064 
           -535.07175               5.36609            -529.70566             415.13693 
           -535.94466               6.33392            -529.61074             490.01103 
           -536.48412               6.69877            -529.78536             518.23652 
           -536.33880               6.41406            -529.92475             496.21057 
           -536.12137               6.18310            -529.93826             478.34320 
           -535.81781               5.81375            -530.00406             449.76923 
           -536.64846               6.45439            -530.19407             499.33088 
           -537.24974               6.95622            -530.29353             538.15374 
           -536.72661               6.56929            -530.15732             508.21973 
           -536.27281               6.25102            -530.02179             483.59766 
           -536.65788               6.57272            -530.08516             508.48540 
           -536.10079               6.10503            -529.99575             472.30368 
           -536.17864               6.38189            -529.79675             493.72168 
           -536.17357               6.51231            -529.66126             503.81162 
           -536.11323               6.62741            -529.48582             512.71636 
           -536.46854               7.22310            -529.24544             558.80090 
           -536.11946               7.09092            -529.02854             548.57478 
           -536.35466               7.36695            -528.98771             569.92927 
           -535.90492               6.77172            -529.13320             523.88045 
           -535.76774               6.43454            -529.33321             497.79501 
           -535.64262               6.13771            -529.50491             474.83167 
           -535.33757               5.64988            -529.68769             437.09173 
           -535.30596               5.45217            -529.85379             421.79634 
           -535.24607               5.42022            -529.82585             419.32451 
           -535.53109               5.81427            -529.71682             449.80932 
           -535.41744               5.80114            -529.61630             448.79376 
           -536.01968               6.39411            -529.62557             494.66719 
           -535.38021               5.61917            -529.76104             434.71577 
           -534.80844               4.82261            -529.98584             373.09132 
           -535.15720               4.97641            -530.18079             384.99006 
           -535.22616               5.01588            -530.21028             388.04360 
           -535.35189               5.26598            -530.08591             407.39160 
           -534.79221               4.95005            -529.84216             382.95098 
           -534.58947               5.08278            -529.50669             393.21912 
           -534.71528               5.56224            -529.15303             430.31185 
           -534.57756               5.54262            -529.03494             428.79342 
           -534.01561               4.94444            -529.07116             382.51688 
           -534.19800               4.94589            -529.25211             382.62856 
           -534.54436               5.07412            -529.47024             392.54913 
           -535.01573               5.33137            -529.68435             412.45098 
           -535.11307               5.30942            -529.80365             410.75282 
           -534.83293               5.11108            -529.72185             395.40820 
           -534.33129               4.83260            -529.49869             373.86445 
           -534.47000               5.08589            -529.38411             393.45999 
           -534.35118               4.94755            -529.40363             382.75740 
           -534.20710               4.67103            -529.53607             361.36490 
           -534.46231               4.67805            -529.78427             361.90780 
           -534.99744               4.99064            -530.00679             386.09100 
           -535.23490               5.14228            -530.09263             397.82185 
           -534.44849               4.46400            -529.98450             345.34818 
           -533.51147               3.69393            -529.81755             285.77309 
           -533.40669               3.73478            -529.67191             288.93348 
           -533.52585               4.05321            -529.47264             313.56855 
           -534.19565               4.86926            -529.32638             376.70084 
           -534.57288               5.25901            -529.31387             406.85241 
           -534.38847               5.07458            -529.31389             392.58499 
           -534.13721               4.76358            -529.37364             368.52449 
           -534.55971               5.04767            -529.51203             390.50317 
           -534.28704               4.67908            -529.60796             361.98786 
           -534.01823               4.29706            -529.72117             332.43375 
           -534.59700               4.79123            -529.80576             370.66404 
           -534.66269               4.85644            -529.80625             375.70857 
           -534.20492               4.42210            -529.78282             342.10672 
           -533.90336               4.15149            -529.75187             321.17198 
           -533.70544               3.93604            -529.76940             304.50416 
           -534.12495               4.26911            -529.85584             330.27121 
           -533.47006               3.58402            -529.88604             277.27053 
           -534.02823               4.02524            -530.00298             311.40485 
           -534.30528               4.29347            -530.01181             332.15558 
           -534.23134               4.38576            -529.84557             339.29574 
           -534.21450               4.57027            -529.64424             353.56952 
           -533.67994               4.23081            -529.44913             327.30807 
           -533.49584               4.19253            -529.30331             324.34683 
           -533.21641               4.00185            -529.21456             309.59485 
           -533.65484               4.46194            -529.19289             345.18916 
           -533.19322               3.79447            -529.39875             293.55139 
           -533.43794               3.81763            -529.62031             295.34312 
           -534.29794               4.56411            -529.73383             353.09287 
           -533.94290               4.12147            -529.82143             318.84917 
           -534.15102               4.33556            -529.81546             335.41174 
           -533.85070               4.18024            -529.67046             323.39593 
           -534.34381               4.84578            -529.49802             374.88437 
           -534.26255               4.90758            -529.35496             379.66535 
           -534.15121               4.66047            -529.49074             360.54775 
           -533.99734               4.32617            -529.67117             334.68521 
           -533.25972               3.45251            -529.80721             267.09684 
           -533.40952               3.41907            -529.99045             264.50939 
           -533.77902               3.74198            -530.03704             289.49096 
           -533.76680               3.86547            -529.90132             299.04457 
           -534.13606               4.57605            -529.56001             354.01714 
           -534.12117               4.86142            -529.25975             376.09380 
           -534.38028               5.16355            -529.21673             399.46800 
           -533.79825               4.60427            -529.19398             356.20006 
           -533.16778               3.89610            -529.27168             301.41412 
           -533.07196               3.48708            -529.58488             269.77095 
           -532.91184               3.04398            -529.86786             235.49155 
           -533.39193               3.45598            -529.93595             267.36459 
           -534.11202               4.27636            -529.83566             330.83196 
           -534.31192               4.63559            -529.67633             358.62269 
           -534.08673               4.54386            -529.54287             351.52695 
           -534.06313               4.62002            -529.44311             357.41883 
           -533.36274               3.80721            -529.55553             294.53674 
           -533.36971               3.53910            -529.83062             273.79523 
           -533.12706               3.15039            -529.97667             243.72363 
           -533.92248               3.84812            -530.07436             297.70211 
           -534.16735               4.10375            -530.06361             317.47824 
           -533.94898               4.04664            -529.90235             313.05981 
           -533.43480               3.83090            -529.60391             296.36952 
           -533.16397               3.84579            -529.31817             297.52211 
           -533.61051               4.38959            -529.22092             339.59175 
           -533.74986               4.54166            -529.20819             351.35663 
           -533.90987               4.67583            -529.23403             361.73641 
           -534.13584               4.69288            -529.44296             363.05513 
           -534.14683               4.53648            -529.61035             350.95573 
           -533.73759               4.14227            -529.59532             320.45834 
           -533.04938               3.56522            -529.48416             275.81632 
           -532.94029               3.46759            -529.47270             268.26320 
           -533.23089               3.64540            -529.58549             282.01888 
           -533.36504               3.69874            -529.66630             286.14519 
           -534.17530               4.37814            -529.79715             338.70618 
           -533.82571               3.86248            -529.96323             298.81289 
           -533.58602               3.57675            -530.00927             276.70821 
           -533.06645               3.12292            -529.94352             241.59879 
           -533.22387               3.32890            -529.89496             257.53385 
           -532.74184               2.96029            -529.78156             229.01661 
           -533.10872               3.42285            -529.68587             264.80193 
           -533.13323               3.61368            -529.51955             279.56520 
           -533.83661               4.41394            -529.42266             341.47587 
           -533.68697               4.30311            -529.38386             332.90121 
           -533.63643               4.27829            -529.35813             330.98154 
           -533.84734               4.46065            -529.38669             345.08903 
           -533.54837               4.05803            -529.49035             313.94115 
           -533.87224               4.33744            -529.53480             335.55730 
           -533.53774               4.01746            -529.52028             310.80243 
           -533.47522               3.97652            -529.49871             307.63507 
           -533.76202               4.27829            -529.48373             330.98095 
           -533.76472               4.24929            -529.51543             328.73770 
           -533.46708               3.85751            -529.60957             298.42822 
           -532.93454               3.12730            -529.80724             241.93742 
           -533.48244               3.49466            -529.98778             270.35761 
           -534.16647               4.12295            -530.04352             318.96389 
           -534.02255               3.93195            -530.09060             304.18746 
           -534.35379               4.28451            -530.06927             331.46276 
           -533.34789               3.50684            -529.84106             271.29927 
           -533.05271               3.37611            -529.67660             261.18580 
           -532.73764               3.15280            -529.58484             243.90964 
           -533.05868               3.51377            -529.54491             271.83609 
           -534.05567               4.49260            -529.56307             347.56060 
           -534.10571               4.57734            -529.52836             354.11685 
           -534.36311               4.86255            -529.50056             376.18175 
           -533.63324               4.26991            -529.36332             330.33335 
           -533.26875               4.03601            -529.23274             312.23785 
           -533.07133               3.79888            -529.27244             293.89295 
           -533.12685               3.79559            -529.33126             293.63851 
           -532.98027               3.60173            -529.37854             278.64050 
           -533.06444               3.52409            -529.54035             272.63445 
           -533.30740               3.59912            -529.70828             278.43858 
           -533.79885               3.91813            -529.88072             303.11835 
           -533.84504               3.85424            -529.99079             298.17585 
           -533.48252               3.53501            -529.94752             273.47864 
           -533.42409               3.50092            -529.92317             270.84155 
           -533.27400               3.38098            -529.89303             261.56256 
           -533.43030               3.51306            -529.91724             271.78066 
           -533.57823               3.59686            -529.98137             278.26391 
           -534.06770               4.09196            -529.97574             316.56590 
           -533.65764               3.84947            -529.80817             297.80658 
           -533.63615               4.08362            -529.55253             315.92108 
           -533.82377               4.47839            -529.34538             346.46169 
           -533.50923               4.28960            -529.21963             331.85655 
           -533.92626               4.73085            -529.19542             365.99250 
           -533.56088               4.32849            -529.23238             334.86510 
           -533.46646               4.04554            -529.42092             312.97469 
           -533.27127               3.66925            -529.60202             283.86436 
           -533.23816               3.51286            -529.72530             271.76531 
           -533.36802               3.63510            -529.73293             281.22183 
           -533.57916               3.89487            -529.68429             301.31873 
           -534.09199               4.43697            -529.65502             343.25689 
           -534.32187               4.69288            -529.62900             363.05486 
           -533.98825               4.29203            -529.69621             332.04436 
           -533.43481               3.56619            -529.86861             275.89143 
           -533.51456               3.46182            -530.05275             267.81645 
           -533.28000               3.22973            -530.05028             249.86120 
           -533.46072               3.55301            -529.90771             274.87161 
           -533.71153               3.92694            -529.78459             303.79994 
           -534.21177               4.55634            -529.65543             352.49180 
           -533.92585               4.47845            -529.44740             346.46624 
           -534.29621               4.93590            -529.36031             381.85594 
           -533.51711               4.13728            -529.37983             320.07240 
           -533.01809               3.58709            -529.43100             277.50764 
           -533.55993               4.08192            -529.47801             315.78962 
           -533.86703               4.33243            -529.53460             335.16962 
           -534.08630               4.48272            -529.60357             346.79695 
           -534.10025               4.52136            -529.57889             349.78583 
           -534.33512               4.84714            -529.48798             374.98951 
           -534.17180               4.71282            -529.45898             364.59785 
           -533.66543               4.11110            -529.55433             318.04686 
           -533.88733               4.19854            -529.68879             324.81171 
           -534.27464               4.47458            -529.80006             346.16670 
           -534.21521               4.24128            -529.97393             328.11791 
           -534.62228               4.51643            -530.10586             349.40435 
           -534.00945               3.97479            -530.03466             307.50142 
           -533.95775               4.03389            -529.92387             312.07365 
           -533.26645               3.49168            -529.77477             270.12644 
           -533.63366               4.02766            -529.60600             311.59186 
           -533.48915               4.02860            -529.46055             311.66436 
           -534.08732               4.73442            -529.35290             366.26896 
           -534.46155               5.03978            -529.42177             389.89264 
           -534.57908               5.02507            -529.55401             388.75426 
           -534.17271               4.53636            -529.63635             350.94671 
           -533.99161               4.28027            -529.71133             331.13479 
           -533.71396               4.05449            -529.65947             313.66728 
           -533.91463               4.38566            -529.52897             339.28758 
           -533.95638               4.57585            -529.38052             354.00175 
           -534.30906               4.96606            -529.34299             384.18946 
           -534.20420               4.71409            -529.49011             364.69570 
           -534.53041               4.80974            -529.72067             372.09552 
           -534.34337               4.36139            -529.98198             337.41046 
           -533.88929               3.77944            -530.10985             292.38883 
           -533.60686               3.58543            -530.02143             277.37959 
           -533.92619               4.04622            -529.87997             313.02732 
           -533.67763               4.01304            -529.66459             310.46053 
           -534.68359               5.19851            -529.48508             402.17219 
           -534.70351               5.25889            -529.44462             406.84314 
           -534.54011               5.09481            -529.44530             394.14997 
           -534.12792               4.51240            -529.61552             349.09280 
           -534.38335               4.56733            -529.81602             353.34229 
           -534.65741               4.80233            -529.85507             371.52286 
           -534.93738               5.11142            -529.82596             395.43440 
           -534.22279               4.65276            -529.57003             359.95121 
           -534.37672               4.99784            -529.37888             386.64817 
           -534.28458               4.96084            -529.32374             383.78514 
           -533.66159               4.34013            -529.32145             335.76555 
           -533.83843               4.31484            -529.52359             333.80914 
           -534.37721               4.58611            -529.79110             354.79497 
           -535.27291               5.32128            -529.95163             411.66974 
           -534.83578               4.86748            -529.96829             376.56303 
           -534.70449               4.87968            -529.82481             377.50635 
           -534.44239               4.80685            -529.63553             371.87257 
           -533.97878               4.46993            -529.50884             345.80744 
           -534.38102               4.93774            -529.44328             381.99841 
           -534.08749               4.61153            -529.47596             356.76184 
           -534.58601               4.98248            -529.60353             385.45973 
           -534.73259               4.98848            -529.74412             385.92338 
           -535.23633               5.33705            -529.89929             412.88973 
           -534.83258               4.99452            -529.83806             386.39085 
           -534.93724               5.22652            -529.71072             404.33880 
           -534.52372               4.90450            -529.61922             379.42640 
           -534.74379               5.23702            -529.50677             405.15169 
           -534.48978               5.05003            -529.43975             390.68571 
           -534.35503               4.89838            -529.45665             378.95310 
           -534.82237               5.20605            -529.61633             402.75536 
           -534.45310               4.67436            -529.77873             361.62259 
           -534.61985               4.80956            -529.81029             372.08182 
           -534.50782               4.73606            -529.77176             366.39571 
           -535.21096               5.42594            -529.78502             419.76687 
           -535.27310               5.59422            -529.67888             432.78550 
           -535.67270               6.16228            -529.51042             476.73228 
           -535.28269               5.85656            -529.42613             453.08066 
           -535.50525               6.02313            -529.48212             465.96708 
           -535.53187               5.96092            -529.57095             461.15461 
           -535.41616               5.79334            -529.62282             448.19006 
           -535.26050               5.59103            -529.66946             432.53912 
           -535.73589               6.01499            -529.72090             465.33733 
           -536.24213               6.55065            -529.69149             506.77758 
           -536.52848               6.91794            -529.61054             535.19269 
           -536.53267               6.96748            -529.56519             539.02516 
           -536.04473               6.49497            -529.54976             502.47020 
           -535.29549               5.69955            -529.59593             440.93438 
           -535.56532               5.83703            -529.72829             451.56996 
           -536.06768               6.25419            -529.81349             483.84279 
           -536.90606               7.00955            -529.89651             542.27964 
           -536.75795               6.84846            -529.90949             529.81730 
           -536.02376               6.22440            -529.79936             481.53790 
           -534.85098               5.20840            -529.64258             402.93708 
           -534.99174               5.43133            -529.56040             420.18412 
           -535.19576               5.60137            -529.59438             433.33901 
           -535.85089               6.17988            -529.67100             478.09426 
           -535.72871               6.04410            -529.68461             467.58999 
           -534.53390               4.82187            -529.71203             373.03447 
           -533.73705               4.03954            -529.69751             312.51049 
           -534.68371               5.01088            -529.67282             387.65696 
           -535.11734               5.41895            -529.69839             419.22630 
           -534.49747               4.70503            -529.79243             363.99533 
           -534.36470               4.33043            -530.03426             335.01509 
           -534.10048               3.83386            -530.26662             296.59899 
           -534.89451               4.50902            -530.38549             348.83137 
           -534.66236               4.24370            -530.41866             328.30548 
           -534.92153               4.39541            -530.52612             340.04186 
           -535.03527               4.54995            -530.48532             351.99760 
           -535.01013               4.62289            -530.38724             357.64071 
           -535.29066               4.89689            -530.39376             378.83822 
           -535.94529               5.46334            -530.48195             422.66053 
           -535.95649               5.40015            -530.55634             417.77173 
           -535.37133               4.86598            -530.50535             376.44662 
           -535.88477               5.42571            -530.45906             419.74900 
           -536.55456               6.03949            -530.51507             467.23275 
           -536.46723               5.93218            -530.53505             458.93094 
           -536.30978               5.80672            -530.50306             449.22481 
           -536.53505               6.02656            -530.50849             466.23269 
           -535.85430               5.25766            -530.59664             406.74862 
           -536.45834               5.72836            -530.72998             443.16334 
           -535.81170               5.06183            -530.74988             391.59790 
           -536.13908               5.38596            -530.75312             416.67384 
           -536.12097               5.29960            -530.82137             409.99278 
           -536.01537               5.09672            -530.91865             394.29733 
           -536.00461               5.10843            -530.89617             395.20360 
           -535.48446               4.70812            -530.77633             364.23450 
           -535.54444               4.72546            -530.81898             365.57541 
           -535.96085               5.01931            -530.94154             388.30885 
           -535.60473               4.63329            -530.97144             358.44510 
           -535.98627               4.99380            -530.99247             386.33492 
           -536.08200               5.11404            -530.96797             395.63711 
           -535.88388               5.00560            -530.87827             387.24846 
           -535.80928               5.15518            -530.65409             398.82044 
           -535.58700               5.09527            -530.49174             394.18497 
           -535.85180               5.33415            -530.51765             412.66592 
           -535.55221               4.97419            -530.57801             384.81846 
           -534.66860               4.01193            -530.65666             310.37522 
           -534.87574               4.12024            -530.75550             318.75396 
           -534.99663               4.19432            -530.80232             324.48498 
           -535.50820               4.73005            -530.77814             365.93114 
           -535.20129               4.52721            -530.67408             350.23858 
           -535.51812               4.86059            -530.65753             376.02973 
           -535.43278               4.73932            -530.69346             366.64809 
           -535.40094               4.63010            -530.77084             358.19805 
           -535.34095               4.40501            -530.93593             340.78485 
           -535.56575               4.39282            -531.17293             339.84140 
           -535.09941               3.88372            -531.21569             300.45624 
           -535.07410               3.96660            -531.10750             306.86805 
           -534.85419               3.87330            -530.98089             299.64992 
           -535.08594               4.20126            -530.88468             325.02208 
           -535.29766               4.57219            -530.72547             353.71826 
           -534.95953               4.32078            -530.63875             334.26852 
           -534.53325               3.77827            -530.75498             292.29849 
           -534.24589               3.41116            -530.83473             263.89783 
           -534.87944               4.04735            -530.83209             313.11531 
           -535.17425               4.38135            -530.79290             338.95468 
           -534.62991               3.92896            -530.70096             303.95580 
           -534.66549               4.08783            -530.57766             316.24707 
           -535.02692               4.62209            -530.40484             357.57842 
           -535.15983               4.78518            -530.37465             370.19574 
           -534.50078               3.97911            -530.52166             307.83600 
           -534.93814               4.23239            -530.70575             327.43057 
           -534.37692               3.56350            -530.81342             275.68328 
           -534.11439               3.25970            -530.85470             252.17994 
           -534.50292               3.62647            -530.87645             280.55441 
           -534.88109               3.97915            -530.90194             307.83870 
           -535.11191               4.23601            -530.87590             327.71048 
           -534.85974               4.00603            -530.85371             309.91827 
           -534.53315               3.68871            -530.84444             285.36962 
           -534.33665               3.43525            -530.90139             265.76149 
           -534.85236               3.88452            -530.96785             300.51788 
           -534.77996               3.86454            -530.91542             298.97220 
           -535.28464               4.41442            -530.87022             341.51280 
           -534.88784               4.07124            -530.81660             314.96342 
           -534.80734               4.07049            -530.73685             314.90538 
           -535.10638               4.47950            -530.62687             346.54759 
           -534.33470               3.79084            -530.54386             293.27082 
           -534.82553               4.23041            -530.59512             327.27695 
           -534.96583               4.37994            -530.58589             338.84543 
           -534.57474               4.11010            -530.46464             317.96939 
           -534.36799               3.91381            -530.45419             302.78368 
           -534.44811               3.82484            -530.62326             295.90138 
           -534.41783               3.68593            -530.73190             285.15456 
           -534.38421               3.61985            -530.76436             280.04227 
           -534.11930               3.29252            -530.82678             254.71931 
           -535.02715               4.11345            -530.91370             318.22903 
           -534.70849               3.82156            -530.88693             295.64744 
           -534.74968               3.91815            -530.83153             303.11985 
           -534.53625               3.72104            -530.81521             287.87097 
           -534.40662               3.52467            -530.88195             272.67898 
           -534.30020               3.36094            -530.93926             260.01197 
           -534.92641               3.98026            -530.94616             307.92442 
           -534.69769               3.75866            -530.93903             290.78081 
           -535.06169               4.18899            -530.87270             324.07257 
           -535.28038               4.57471            -530.70567             353.91356 
           -535.30494               4.68317            -530.62177             362.30421 
           -534.72904               4.18793            -530.54111             323.99087 
           -534.71785               4.16074            -530.55710             321.88728 
           -534.62545               4.03953            -530.58592             312.50992 
           -534.35379               3.73660            -530.61719             289.07467 
           -534.70318               3.99351            -530.70967             308.94971 
           -534.90558               4.21342            -530.69216             325.96277 
           -534.44128               3.79131            -530.64997             293.30737 
           -535.05305               4.34241            -530.71065             335.94144 
           -534.91735               4.19532            -530.72204             324.56228 
           -535.51205               4.71070            -530.80135             364.43385 
           -535.20943               4.29030            -530.91913             331.91037 
           -535.79482               4.69012            -531.10470             362.84134 
           -535.36900               4.26162            -531.10738             329.69198 
           -535.57344               4.52166            -531.05178             349.80929 
           -535.56478               4.59591            -530.96887             355.55351 
           -535.35741               4.47502            -530.88239             346.20078 
           -535.25811               4.51110            -530.74701             348.99195 
           -535.50416               4.80601            -530.69816             371.80722 
           -535.31014               4.55528            -530.75486             352.40983 
           -535.35753               4.52755            -530.82998             350.26483 
           -535.51297               4.72690            -530.78607             365.68713 
           -534.89788               4.21513            -530.68275             326.09519 
           -535.40289               4.73929            -530.66361             366.64547 
           -535.88308               5.27665            -530.60642             408.21768 
           -535.44773               4.95566            -530.49207             383.38479 
           -536.25872               5.72551            -530.53321             442.94253 
           -536.06180               5.41104            -530.65076             418.61423 
           -536.05423               5.28916            -530.76507             409.18526 
           -535.65414               4.82765            -530.82649             373.48145 
           -535.94859               5.08880            -530.85978             393.68496 
           -536.72306               5.83461            -530.88845             451.38301 
           -536.33889               5.45360            -530.88529             421.90654 
           -536.15068               5.25508            -530.89561             406.54854 
           -536.49626               5.60479            -530.89147             433.60348 
           -536.25296               5.39663            -530.85633             417.49922 
           -536.64518               5.74848            -530.89670             444.71933 
           -536.02991               5.17039            -530.85952             399.99654 
           -535.62040               4.89684            -530.72356             378.83406 
           -536.56961               5.89549            -530.67412             456.09297 
           -536.75825               6.11594            -530.64230             473.14755 
           -535.73992               5.15411            -530.58581             398.73712 
           -536.06737               5.62371            -530.44365             435.06718 
           -535.63067               5.41899            -530.21168             419.22929 
           -535.49939               5.43791            -530.06147             420.69309 
           -535.32588               5.34983            -529.97605             413.87865 
           -534.57786               4.72868            -529.84918             365.82469 
           -534.27372               4.35642            -529.91730             337.02545 
           -533.99592               3.96273            -530.03319             306.56831 
           -534.47145               4.35951            -530.11194             337.26456 
           -534.99499               4.95723            -530.03776             383.50600 
           -534.86508               4.95996            -529.90512             383.71695 
           -533.85456               4.01556            -529.83899             310.65596 
           -533.83855               3.99282            -529.84574             308.89634 
           -534.22138               4.41746            -529.80393             341.74764 
           -534.72228               4.90276            -529.81952             379.29243 
           -534.76171               4.98611            -529.77559             385.74054 
           -534.10335               4.56709            -529.53626             353.32346 
           -533.89605               4.62556            -529.27050             357.84687 
           -535.15183               6.06327            -529.08856             469.07266 
           -535.26916               6.23903            -529.03014             482.66994 
           -535.26925               6.24682            -529.02243             483.27291 
           -535.50270               6.50711            -528.99559             503.40974 
           -535.88806               6.94352            -528.94454             537.17129 
           -535.48177               6.59489            -528.88687             510.20060 
           -536.53211               7.61507            -528.91704             589.12475 
           -535.75218               6.87399            -528.87819             531.79253 
           -536.30791               7.36561            -528.94230             569.82553 
           -536.09977               6.94562            -529.15415             537.33386 
           -535.82818               6.46190            -529.36628             499.91208 
           -535.70739               6.29951            -529.40788             487.34880 
           -535.83380               6.43496            -529.39884             497.82771 
           -535.86488               6.43981            -529.42507             498.20290 
           -535.68944               6.28167            -529.40777             485.96889 
           -535.54542               6.26744            -529.27798             484.86804 
           -535.90206               6.71269            -529.18937             519.31403 
           -535.16343               5.88618            -529.27725             455.37275 
           -535.46190               6.14011            -529.32179             475.01712 
           -535.84481               6.64242            -529.20240             513.87709 
           -535.42054               6.34844            -529.07210             491.13428 
           -535.48006               6.49794            -528.98212             502.70013 
           -534.89767               5.98344            -528.91423             462.89658 
           -535.17537               6.37615            -528.79922             493.27805 
           -535.20340               6.47182            -528.73159             500.67908 
           -534.89481               6.05436            -528.84045             468.38317 
           -534.76978               5.87330            -528.89648             454.37628 
           -534.32025               5.41056            -528.90969             418.57733 
           -535.18124               6.07106            -529.11018             469.67500 
           -534.74107               5.48663            -529.25444             424.46225 
           -534.77996               5.47205            -529.30791             423.33422 
           -534.39165               5.09235            -529.29930             393.95938 
           -534.12960               4.82521            -529.30439             373.29271 
           -534.49448               5.07808            -529.41640             392.85527 
           -534.43572               5.06360            -529.37212             391.73494 
           -535.47704               6.09623            -529.38081             471.62291 
           -534.35755               4.94107            -529.41648             382.25575 
           -534.53148               5.14321            -529.38827             397.89403 
           -534.14071               4.90107            -529.23964             379.16121 
           -534.85332               5.71003            -529.14329             441.74501 
           -534.27843               5.28752            -528.99091             409.05820 
           -534.40489               5.51786            -528.88704             426.87776 
           -533.94112               5.17655            -528.76457             400.47315 
           -533.77269               5.00597            -528.76673             387.27654 
           -533.81181               4.92141            -528.89040             380.73518 
           -534.05112               5.09343            -528.95769             394.04273 
           -534.35651               5.33718            -529.01933             412.90002 
           -534.31694               5.26603            -529.05090             407.39599 
           -533.68740               4.64888            -529.03852             359.65110 
           -533.78434               4.70371            -529.08062             363.89327 
           -533.51227               4.46195            -529.05032             345.18955 
           -534.30967               5.08931            -529.22036             393.72413 
           -534.79688               5.25670            -529.54018             406.67399 
           -534.13942               4.58138            -529.55804             354.42938 
           -534.33460               4.83197            -529.50263             373.81578 
           -534.05391               4.58867            -529.46524             354.99324 
           -533.77928               4.43910            -529.34018             343.42222 
           -534.34854               5.17234            -529.17620             400.14767 
           -533.65699               4.67901            -528.97798             361.98221 
           -533.88239               4.97105            -528.91134             384.57522 
           -533.56765               4.58279            -528.98486             354.53829 
           -533.36276               4.45078            -528.91198             344.32571 
           -534.18985               5.30241            -528.88744             410.21051 
           -533.70409               4.77203            -528.93205             369.17880 
           -533.64813               4.77429            -528.87384             369.35319 
           -533.67637               4.87914            -528.79723             377.46464 
           -533.82306               5.04138            -528.78168             390.01611 
           -533.81292               4.85646            -528.95646             375.71051 
           -533.94631               4.73924            -529.20707             366.64172 
           -533.55474               4.34954            -529.20520             336.49365 
           -533.36315               4.08221            -529.28095             315.81172 
           -533.55395               4.11980            -529.43415             318.72024 
           -534.32532               4.90329            -529.42203             379.33293 
           -533.81265               4.45300            -529.35965             344.49769 
