           -523.23531               1.14988            -522.08543              88.95843 
           -523.82701               1.86979            -521.95722             144.65235 
           -523.42515               1.59003            -521.83512             123.00982 
           -523.97376               2.22636            -521.74740             172.23755 
           -524.50295               2.85332            -521.64963             220.74140 
           -524.27803               2.61551            -521.66252             202.34361 
           -523.52177               1.75693            -521.76484             135.92123 
           -523.40653               1.51015            -521.89638             116.82996 
           -523.76224               1.75975            -522.00248             136.13987 
           -523.57749               1.49176            -522.08573             115.40698 
           -523.68739               1.54104            -522.14635             119.21970 
           -524.48707               2.39793            -522.08914             185.51121 
           -524.36583               2.44761            -521.91822             189.35444 
           -523.67303               1.87877            -521.79426             145.34735 
           -523.90634               2.17831            -521.72803             168.52028 
           -524.22705               2.53154            -521.69551             195.84784 
           -523.63062               1.95960            -521.67102             151.60044 
           -523.64926               1.88236            -521.76690             145.62493 
           -524.08605               2.16756            -521.91849             167.68880 
           -524.74585               2.71852            -522.02733             210.31297 
           -524.51690               2.45559            -522.06131             189.97158 
           -524.12625               2.05313            -522.07312             158.83604 
           -523.94900               1.91867            -522.03033             148.43424 
           -523.81009               1.90049            -521.90960             147.02746 
           -523.72296               1.96952            -521.75344             152.36828 
           -524.26352               2.56793            -521.69559             198.66283 
           -524.78783               3.08278            -521.70505             238.49329 
           -524.95796               3.22854            -521.72942             249.76935 
           -524.65908               2.87943            -521.77964             222.76162 
           -524.46999               2.54904            -521.92095             197.20114 
           -524.53228               2.46169            -522.07059             190.44403 
           -524.38968               2.29657            -522.09311             177.66961 
           -524.79417               2.72990            -522.06427             211.19359 
           -525.25621               3.24059            -522.01562             250.70181 
           -525.21559               3.31135            -521.90424             256.17615 
           -525.40123               3.63384            -521.76738             281.12499 
           -525.91545               4.25125            -521.66420             328.88958 
           -526.05120               4.39858            -521.65261             340.28764 
           -526.25459               4.55818            -521.69641             352.63462 
           -526.99335               5.25773            -521.73562             406.75383 
           -528.39345               6.57107            -521.82239             508.35741 
           -528.69441               6.77568            -521.91873             524.18682 
           -528.85521               6.84663            -522.00858             529.67569 
           -529.02100               6.92865            -522.09235             536.02111 
           -527.79543               5.45340            -522.34203             421.89110 
           -526.95519               4.32202            -522.63317             334.36421 
           -527.58906               4.99065            -522.59841             386.09162 
           -528.30196               5.95570            -522.34626             460.75110 
           -528.56633               6.56350            -522.00282             507.77223 
           -529.21082               7.63399            -521.57683             590.58813 
           -529.32374               8.03794            -521.28580             621.83922 
           -528.82249               7.61499            -521.20750             589.11808 
           -528.47280               7.09906            -521.37374             549.20420 
           -528.19397               6.56489            -521.62908             507.87981 
           -528.28564               6.34211            -521.94353             490.64456 
           -527.66206               5.47543            -522.18662             423.59574 
           -527.69284               5.32825            -522.36459             412.20940 
           -528.06642               5.76955            -522.29687             446.34994 
           -528.72890               6.73233            -521.99658             520.83287 
           -528.82705               7.24041            -521.58663             560.13982 
           -530.00341               8.68780            -521.31561             672.11411 
           -529.84893               8.69629            -521.15264             672.77084 
           -528.70456               7.43242            -521.27215             574.99394 
           -526.37339               4.90323            -521.47016             379.32854 
           -524.93670               3.44071            -521.49599             266.18336 
           -525.68522               4.21564            -521.46958             326.13444 
           -526.86487               5.42395            -521.44092             419.61285 
           -525.85565               4.52364            -521.33200             349.96250 
           -525.63241               4.50330            -521.12911             348.38891 
           -526.06560               5.04694            -521.01866             390.44605 
           -527.05271               6.19314            -520.85957             479.11986 
           -526.27145               5.84100            -520.43046             451.87689 
           -525.73533               5.57022            -520.16511             430.92913 
           -524.40315               4.28513            -520.11801             331.51074 
           -525.07991               4.86780            -520.21211             376.58758 
           -524.79702               4.56591            -520.23110             353.23271 
           -524.98558               4.88493            -520.10065             377.91242 
           -526.81085               6.82501            -519.98583             528.00345 
           -526.69106               7.10111            -519.58995             549.36288 
           -527.30271               8.23653            -519.06618             637.20273 
           -526.79140               8.21868            -518.57272             635.82143 
           -526.96487               8.73476            -518.23011             675.74728 
           -526.74710               8.62410            -518.12300             667.18637 
           -526.57837               8.23362            -518.34475             636.97715 
           -526.53466               8.04089            -518.49377             622.06718 
           -527.95332               9.44017            -518.51315             730.31986 
           -527.35093               8.90645            -518.44448             689.02955 
           -526.06061               7.83329            -518.22732             606.00675 
           -527.27609               9.34234            -517.93375             722.75117 
           -528.73438              10.93526            -517.79912             845.98422 
           -527.95049               9.90045            -518.05004             765.92817 
           -527.48949               9.13118            -518.35831             706.41564 
           -527.57486               9.07092            -518.50394             701.75364 
           -526.55563               7.99104            -518.56459             618.21032 
           -526.15084               7.49970            -518.65114             580.19893 
           -525.62984               7.07664            -518.55320             547.47013 
           -525.35063               7.17460            -518.17603             555.04832 
           -525.28893               7.55210            -517.73683             584.25276 
           -526.17901               8.66615            -517.51286             670.43922 
           -526.51528               9.00865            -517.50663             696.93578 
           -525.65378               8.14439            -517.50940             630.07423 
           -525.89665               8.36493            -517.53173             647.13558 
           -525.46640               7.91994            -517.54646             612.71012 
           -524.33917               6.89814            -517.44103             533.66049 
           -524.30405               7.01667            -517.28737             542.83088 
           -524.43217               7.06043            -517.37175             546.21561 
           -523.96571               6.35309            -517.61263             491.49371 
           -522.97549               5.08059            -517.89490             393.04923 
           -522.79730               4.57865            -518.21865             354.21766 
           -523.11556               4.57895            -518.53660             354.24156 
           -523.77121               5.09312            -518.67809             394.01907 
           -523.78400               5.15761            -518.62639             399.00823 
           -523.98274               5.57690            -518.40585             431.44529 
           -523.99424               5.85976            -518.13448             453.32851 
           -525.07639               7.08421            -517.99219             548.05546 
           -524.39122               6.51874            -517.87249             504.30885 
           -522.97207               5.02677            -517.94530             388.88555 
           -522.42784               4.17868            -518.24916             323.27537 
           -523.16559               4.79896            -518.36663             371.26223 
           -523.58897               5.40321            -518.18576             418.00877 
           -523.43536               5.54198            -517.89338             428.74388 
           -524.45735               6.83141            -517.62595             528.49791 
           -524.15921               6.74319            -517.41601             521.67364 
           -524.16549               6.76054            -517.40495             523.01527 
           -522.21818               4.51059            -517.70759             348.95300 
           -522.61565               4.52203            -518.09362             349.83793 
           -522.03932               3.76500            -518.27432             291.27146 
           -522.40292               4.02381            -518.37911             311.29430 
           -521.32560               2.96573            -518.35987             229.43750 
           -521.83806               3.67472            -518.16334             284.28729 
           -522.24181               4.37060            -517.87121             338.12270 
           -522.78053               5.12094            -517.65958             396.17126 
           -522.58984               4.72360            -517.86624             365.43181 
           -522.37132               4.24190            -518.12942             328.16596 
           -523.27599               5.03834            -518.23765             389.78099 
           -524.02536               5.68089            -518.34446             439.49096 
           -523.40697               5.17961            -518.22736             400.71018 
           -522.90698               5.04394            -517.86304             390.21447 
           -523.29402               5.70854            -517.58548             441.62988 
           -522.41988               4.89233            -517.52755             378.48511 
           -521.78554               4.08990            -517.69564             316.40714 
           -522.00012               4.06990            -517.93022             314.85954 
           -522.87384               4.71757            -518.15626             364.96565 
           -523.18183               4.82183            -518.36000             373.03091 
           -523.02450               4.60030            -518.42421             355.89269 
           -522.65226               4.46123            -518.19103             345.13386 
           -522.09260               4.17230            -517.92031             322.78122 
           -522.13848               4.38968            -517.74880             339.59876 
           -521.97221               4.25612            -517.71610             329.26594 
           -521.55590               3.61126            -517.94463             279.37813 
           -521.99059               3.73028            -518.26030             288.58570 
           -522.54710               4.14494            -518.40216             320.66489 
           -522.45974               4.21337            -518.24637             325.95861 
           -522.07717               4.07040            -518.00677             314.89832 
           -522.73019               4.89141            -517.83878             378.41437 
           -523.25522               5.64259            -517.61263             436.52734 
           -523.60717               6.03264            -517.57453             466.70333 
           -522.94087               5.16990            -517.77097             399.95898 
           -522.45662               4.33188            -518.12474             335.12721 
           -522.55543               4.15020            -518.40522             321.07207 
           -522.36591               3.97114            -518.39477             307.21897 
           -522.67096               4.32285            -518.34811             334.42846 
           -522.62603               4.41102            -518.21501             341.24950 
           -523.27483               5.35454            -517.92029             414.24357 
           -523.92918               6.22391            -517.70527             481.49995 
           -523.37381               5.65640            -517.71742             437.59570 
           -523.17102               5.25738            -517.91364             406.72661 
           -523.23047               5.10190            -518.12858             394.69792 
           -523.48969               5.43157            -518.05812             420.20263 
           -522.72198               4.76573            -517.95625             368.69081 
           -522.60789               4.71244            -517.89545             364.56812 
           -522.65872               4.92559            -517.73313             381.05841 
           -523.15661               5.44374            -517.71287             421.14383 
           -522.65064               4.87698            -517.77366             377.29795 
           -522.54053               4.63927            -517.90126             358.90814 
           -522.32634               4.28315            -518.04318             331.35759 
           -524.02800               5.94010            -518.08790             459.54358 
           -524.14130               5.99360            -518.14770             463.68309 
           -524.84812               6.54156            -518.30656             506.07459 
           -524.40708               6.20565            -518.20142             480.08783 
           -524.62824               6.56340            -518.06484             507.76387 
           -523.29410               5.21345            -518.08065             403.32805 
           -523.89838               5.78591            -518.11248             447.61495 
           -524.13119               6.12770            -518.00349             474.05712 
           -524.68169               6.77155            -517.91014             523.86738 
           -525.56075               7.59670            -517.96404             587.70373 
           -525.62320               7.61787            -518.00533             589.34136 
           -525.29798               7.42168            -517.87630             574.16343 
           -525.33983               7.51687            -517.82296             581.52754 
           -524.78415               6.95733            -517.82682             538.23972 
           -525.19946               7.44060            -517.75887             575.62669 
           -524.95361               7.25751            -517.69611             561.46239 
           -524.88625               7.21707            -517.66918             558.33406 
           -525.05222               7.35549            -517.69674             569.04230 
           -525.28071               7.43883            -517.84188             575.48999 
           -525.46476               7.48048            -517.98429             578.71195 
           -525.60671               7.45103            -518.15568             576.43368 
           -526.12431               7.69588            -518.42843             595.37618 
           -527.20015               8.60853            -518.59162             665.98186 
           -527.36378               8.68508            -518.67870             671.90382 
           -527.26379               8.62384            -518.63995             667.16573 
           -527.02717               8.48576            -518.54142             656.48342 
           -526.92757               8.43744            -518.49012             652.74583 
           -525.67478               7.26058            -518.41420             561.70021 
           -525.64277               7.25671            -518.38606             561.40110 
           -525.45418               7.08329            -518.37089             547.98423 
           -526.30755               8.01117            -518.29638             619.76795 
           -526.86786               8.68203            -518.18583             671.66764 
           -526.42806               8.33238            -518.09568             644.61745 
           -526.39855               8.21862            -518.17994             635.81659 
           -526.22328               7.71810            -518.50518             597.09543 
           -525.71596               6.74357            -518.97239             521.70274 
           -524.91845               5.45593            -519.46252             422.08705 
           -525.06929               5.10905            -519.96024             395.25138 
           -524.77894               4.58693            -520.19200             354.85871 
           -525.92322               5.68035            -520.24287             439.44905 
           -526.36355               6.01658            -520.34697             465.46062 
           -525.92152               5.37784            -520.54368             416.04536 
           -525.48200               4.72981            -520.75220             365.91184 
           -525.37586               4.61342            -520.76244             356.90824 
           -525.52781               4.65480            -520.87302             360.10886 
           -525.52565               4.42982            -521.09583             342.70388 
           -525.59989               4.42760            -521.17229             342.53231 
           -526.71566               5.60440            -521.11126             433.57339 
           -526.59150               5.38641            -521.20509             416.70910 
           -527.66861               6.36265            -521.30595             492.23385 
           -527.34371               6.07245            -521.27126             469.78301 
           -527.97259               6.57055            -521.40204             508.31752 
           -527.67655               5.91644            -521.76011             457.71367 
           -528.72922               6.68442            -522.04480             517.12676 
           -527.61190               5.52267            -522.08923             427.25007 
           -528.30007               6.14036            -522.15971             475.03643 
           -526.90807               4.77907            -522.12900             369.72279 
           -528.11594               6.06379            -522.05215             469.11296 
           -527.84700               5.98195            -521.86506             462.78115 
           -528.82909               7.08586            -521.74322             548.18335 
           -529.38995               7.47365            -521.91630             578.18378 
           -528.69853               6.58257            -522.11596             509.24705 
           -527.78953               5.58111            -522.20842             431.77126 
           -528.24758               5.88530            -522.36228             455.30443 
           -527.68437               5.20236            -522.48201             402.47000 
           -527.81870               5.46251            -522.35619             422.59601 
           -527.76021               5.54917            -522.21104             429.30009 
           -528.54581               6.39113            -522.15468             494.43665 
           -528.40417               6.30149            -522.10268             487.50212 
           -528.09161               5.92261            -522.16900             458.19100 
           -527.48781               5.26908            -522.21874             407.63150 
           -526.91203               4.62577            -522.28626             357.86332 
           -526.57034               4.29449            -522.27585             332.23436 
           -527.22098               5.08532            -522.13566             393.41527 
           -526.49668               4.46217            -522.03451             345.20674 
           -526.93218               4.95096            -521.98122             383.02103 
           -526.81452               4.95492            -521.85960             383.32754 
           -527.79707               5.91870            -521.87837             457.88824 
           -527.32067               5.33544            -521.98523             412.76581 
           -527.88974               5.75688            -522.13286             445.36925 
           -526.86639               4.67714            -522.18925             361.83780 
           -527.03500               4.85044            -522.18455             375.24475 
           -527.39529               5.16609            -522.22920             399.66424 
           -526.70645               4.44154            -522.26491             343.61078 
           -526.97509               4.74993            -522.22516             367.46864 
           -527.65535               5.42526            -522.23009             419.71424 
           -527.39489               5.14773            -522.24716             398.24387 
           -526.54542               4.24821            -522.29720             328.65441 
           -527.03695               4.71882            -522.31814             365.06170 
           -526.29686               4.06437            -522.23249             314.43151 
           -526.43412               4.25022            -522.18390             328.80959 
           -526.23505               4.06438            -522.17067             314.43240 
           -527.25817               5.15029            -522.10788             398.44203 
           -526.68642               4.71197            -521.97445             364.53224 
           -527.49270               5.49962            -521.99308             425.46690 
           -528.07663               6.07076            -522.00587             469.65199 
           -528.00130               6.06636            -521.93494             469.31168 
           -527.26298               5.58463            -521.67835             432.04393 
           -527.36359               5.87038            -521.49321             454.14978 
           -526.92312               5.43331            -521.48981             420.33685 
           -527.37105               5.91600            -521.45505             457.67969 
           -527.45441               6.05132            -521.40310             468.14780 
           -528.28157               6.70426            -521.57731             518.66157 
           -527.37974               5.62308            -521.75666             435.01806 
           -527.99857               6.11352            -521.88506             472.95992 
           -527.09847               5.28540            -521.81307             408.89395 
           -527.12414               5.31418            -521.80996             411.12052 
           -526.93741               5.12414            -521.81326             396.41905 
           -527.21860               5.51659            -521.70201             426.77994 
           -525.84733               4.36404            -521.48329             337.61548 
           -526.11810               4.72272            -521.39538             365.36341 
           -526.61048               5.39961            -521.21087             417.73031 
           -526.81348               5.94566            -520.86783             459.97364 
           -526.96439               6.42137            -520.54302             496.77672 
           -526.07651               5.88426            -520.19225             455.22375 
           -526.04664               6.05992            -519.98672             468.81373 
           -525.06162               5.22207            -519.83955             403.99489 
           -524.75718               5.01053            -519.74666             387.62924 
           -524.54619               4.71277            -519.83343             364.59363 
           -524.74796               4.91691            -519.83106             380.38646 
           -525.56876               5.74276            -519.82599             444.27709 
           -525.51705               5.87938            -519.63768             454.84624 
           -525.38813               5.99035            -519.39778             463.43109 
           -526.09516               6.79700            -519.29815             525.83655 
           -525.92278               6.75710            -519.16568             522.74974 
           -525.14969               6.07837            -519.07132             470.24117 
           -525.21707               6.08638            -519.13069             470.86055 
           -525.60177               6.53211            -519.06966             505.34354 
           -525.91239               7.11904            -518.79335             550.74984 
           -525.67936               7.24038            -518.43898             560.13775 
           -525.61196               7.42833            -518.18363             574.67791 
           -526.19286               8.04356            -518.14930             622.27372 
           -525.84593               7.61568            -518.23025             589.17182 
           -525.68025               7.35999            -518.32026             569.39092 
           -524.47838               5.94257            -518.53581             459.73476 
           -525.44796               6.68470            -518.76325             517.14847 
           -526.16359               7.45097            -518.71262             576.42909 
           -526.49940               7.93997            -518.55944             614.25944 
           -526.04040               7.60702            -518.43338             588.50167 
           -526.27018               8.06239            -518.20778             623.73090 
           -525.30974               7.34237            -517.96737             568.02782 
           -525.41436               7.48758            -517.92678             579.26115 
           -524.21740               6.16008            -518.05732             476.56207 
           -524.89803               6.67517            -518.22285             516.41125 
           -525.17033               6.88457            -518.28577             532.61056 
           -525.10300               6.84837            -518.25463             529.81055 
           -525.21677               6.94768            -518.26910             537.49317 
           -524.45009               6.29115            -518.15894             486.70215 
           -524.47209               6.49798            -517.97411             502.70287 
           -524.13837               6.16895            -517.96942             477.24864 
           -523.65341               5.51488            -518.13853             426.64735 
           -523.68422               5.41474            -518.26948             418.90038 
           -523.71048               5.38637            -518.32410             416.70591 
           -524.04374               5.65879            -518.38494             437.78113 
           -523.96226               5.46282            -518.49943             422.62029 
           -524.00835               5.45576            -518.55258             422.07424 
           -524.51937               6.09564            -518.42373             471.57695 
           -523.91675               5.51353            -518.40322             426.54310 
           -523.74895               5.26822            -518.48073             407.56532 
           -523.72964               5.36589            -518.36375             415.12132 
           -523.72868               5.43836            -518.29032             420.72801 
           -523.81860               5.44655            -518.37206             421.36112 
           -523.81124               5.40798            -518.40326             418.37783 
           -523.48320               5.20366            -518.27954             402.57065 
           -523.16334               5.09060            -518.07274             393.82429 
           -523.38121               5.33939            -518.04183             413.07077 
           -523.29733               5.22863            -518.06870             404.50221 
           -523.85848               5.84758            -518.01089             452.38653 
           -522.85995               4.83909            -518.02086             374.36632 
           -522.97853               4.78620            -518.19233             370.27483 
           -523.75937               5.38749            -518.37188             416.79264 
           -523.48128               5.06146            -518.41982             391.56989 
           -523.50699               5.14003            -518.36696             397.64824 
           -523.26031               4.86406            -518.39625             376.29855 
           -523.83707               5.44568            -518.39138             421.29434 
           -523.34335               5.03364            -518.30971             389.41752 
           -524.15521               5.65023            -518.50499             437.11827 
           -523.50996               4.84641            -518.66355             374.93256 
           -523.03208               4.46973            -518.56234             345.79192 
           -522.84750               4.38253            -518.46497             339.04546 
           -523.36544               4.90082            -518.46462             379.14168 
           -522.72134               4.32517            -518.39616             334.60843 
           -523.42512               5.18690            -518.23821             401.27414 
           -522.51257               4.47093            -518.04164             345.88431 
           -523.78785               5.70675            -518.08109             441.49148 
           -523.16648               5.04708            -518.11940             390.45728 
           -523.80137               5.74941            -518.05195             444.79183 
           -523.28223               5.17112            -518.11111             400.05354 
           -523.12953               4.90737            -518.22216             379.64851 
           -523.71116               5.38979            -518.32137             416.97061 
           -523.50014               5.26627            -518.23386             407.41451 
           -523.57125               5.47468            -518.09657             423.53774 
           -523.59298               5.43038            -518.16260             420.11010 
           -524.02432               5.79040            -518.23392             447.96296 
           -523.97522               5.79941            -518.17582             448.65942 
           -524.01170               5.63472            -518.37699             435.91860 
           -524.32077               5.73847            -518.58230             443.94512 
           -523.62388               5.01022            -518.61366             387.60584 
           -523.62932               5.14910            -518.48022             398.34944 
           -523.99249               5.63701            -518.35548             436.09585 
           -523.95866               5.68879            -518.26987             440.10192 
           -524.62717               6.48257            -518.14460             501.51093 
           -524.98837               7.03318            -517.95519             544.10788 
           -524.33104               6.26589            -518.06515             484.74803 
           -525.18038               6.79532            -518.38506             525.70600 
           -525.59594               7.15396            -518.44198             553.45163 
           -525.52783               7.11761            -518.41022             550.63934 
           -525.00978               6.73286            -518.27691             520.87426 
           -525.54403               7.39223            -518.15180             571.88463 
           -525.30347               7.37749            -517.92598             570.74439 
           -525.86709               8.01828            -517.84881             620.31819 
           -525.13373               7.04111            -518.09262             544.72144 
           -526.02327               7.61808            -518.40519             589.35712 
           -525.77129               7.29519            -518.47609             564.37804 
           -526.20627               7.59357            -518.61270             587.46141 
           -526.13128               7.53506            -518.59622             582.93436 
           -525.76986               7.38985            -518.38001             571.70123 
           -526.33397               8.16638            -518.16759             631.77542 
           -526.77336               8.72170            -518.05166             674.73703 
           -526.24695               8.03936            -518.20758             621.94921 
           -525.88511               7.37377            -518.51133             570.45715 
           -526.45223               7.58556            -518.86667             586.84133 
           -526.63701               7.41676            -519.22025             573.78280 
           -525.35910               6.25171            -519.10739             483.65084 
           -525.67634               6.70220            -518.97414             518.50242 
           -525.81416               6.82803            -518.98614             528.23645 
           -525.32241               6.36247            -518.95994             492.21947 
           -525.31404               6.18309            -519.13096             478.34194 
           -525.12431               5.75924            -519.36507             445.55184 
           -525.63726               6.00919            -519.62807             464.88911 
           -525.69703               5.81579            -519.88124             449.92671 
           -525.40293               5.63018            -519.77275             435.56754 
           -525.72401               5.96797            -519.75603             461.70019 
           -525.49818               5.52792            -519.97026             427.65641 
           -525.60783               5.62020            -519.98764             434.79508 
           -525.53334               5.35369            -520.17965             414.17762 
           -525.94127               5.50771            -520.43356             426.09302 
           -525.36803               4.68520            -520.68283             362.46107 
           -525.83579               4.89326            -520.94253             378.55750 
           -526.24487               5.21281            -521.03206             403.27850 
           -526.61902               5.26436            -521.35466             407.26667 
           -527.64486               5.85759            -521.78727             453.16085 
           -527.00991               5.15551            -521.85440             398.84547 
           -526.59902               4.65339            -521.94563             359.99996 
           -527.24229               5.23971            -522.00257             405.35998 
           -527.76599               5.88133            -521.88466             454.99722 
           -527.43489               5.68776            -521.74713             440.02208 
           -527.89286               6.25417            -521.63868             483.84155 
           -527.81580               6.11645            -521.69936             473.18678 
           -528.04427               6.20019            -521.84409             479.66509 
           -527.05277               5.16162            -521.89115             399.31811 
           -528.06403               6.01426            -522.04977             465.28116 
           -527.05824               5.07968            -521.97857             392.97885 
           -527.95978               6.06607            -521.89371             469.28941 
           -527.79493               5.79228            -522.00265             448.10835 
           -528.05761               6.07287            -521.98474             469.81502 
           -527.14523               5.22624            -521.91899             404.31734 
           -527.79924               5.69873            -522.10050             440.87106 
           -527.50374               5.16424            -522.33949             399.52124 
           -527.57366               5.04664            -522.52702             390.42324 
           -527.87717               5.28915            -522.58802             409.18432 
           -526.85700               4.34073            -522.51627             335.81153 
           -527.64378               5.03203            -522.61175             389.29268 
           -527.20044               4.75982            -522.44062             368.23364 
           -527.22192               4.93595            -522.28597             381.85966 
           -527.38267               4.96291            -522.41976             383.94552 
           -527.38820               4.94353            -522.44467             382.44595 
           -526.56933               4.25627            -522.31306             329.27754 
           -527.25117               5.01109            -522.24008             387.67310 
           -527.32644               5.16077            -522.16567             399.25248 
           -526.92490               4.76206            -522.16284             368.40731 
           -526.84841               4.83397            -522.01444             373.97046 
           -527.47233               5.66678            -521.80555             438.39877 
           -526.91918               4.99034            -521.92885             386.06726 
           -527.20361               5.11625            -522.08736             395.80868 
           -527.80668               5.68443            -522.12225             439.76427 
           -527.20612               4.93815            -522.26798             382.02984 
           -527.99005               5.66160            -522.32846             437.99792 
           -527.25073               4.92511            -522.32562             381.02095 
           -528.12715               5.76030            -522.36685             445.63436 
           -527.89503               5.46317            -522.43186             422.64689 
           -528.05512               5.44281            -522.61231             421.07177 
           -527.66158               5.13559            -522.52599             397.30477 
           -527.41805               4.91621            -522.50184             380.33264 
           -528.62233               5.98893            -522.63341             463.32131 
           -527.15720               4.70605            -522.45115             364.07374 
           -527.89195               5.65624            -522.23571             437.58368 
           -528.32356               6.17037            -522.15319             477.35824 
           -527.91329               5.82030            -522.09299             450.27584 
           -527.99455               5.92439            -522.07016             458.32842 
           -527.68861               5.71556            -521.97305             442.17277 
           -528.27687               6.44022            -521.83664             498.23483 
           -528.03177               6.23322            -521.79856             482.22017 
           -527.40445               5.81073            -521.59372             449.53523 
           -527.43965               6.06004            -521.37961             468.82251 
           -527.71570               6.21440            -521.50130             480.76462 
           -527.05812               5.46539            -521.59273             422.81880 
           -527.22027               5.50687            -521.71340             426.02802 
           -527.50074               5.62478            -521.87595             435.14996 
           -527.00398               5.13030            -521.87368             396.89509 
           -526.88366               5.11109            -521.77257             395.40936 
           -526.12334               4.71301            -521.41034             364.61245 
           -527.20533               5.86709            -521.33824             453.89554 
           -526.30328               5.10575            -521.19753             394.99594 
           -526.22952               5.31028            -520.91924             410.81920 
           -525.20682               4.63035            -520.57646             358.21788 
           -524.62627               4.36359            -520.26268             337.58070 
           -526.44877               6.47587            -519.97289             500.99296 
           -525.62119               5.88803            -519.73316             455.51568 
           -525.64174               6.11730            -519.52443             473.25289 
           -525.68700               6.30502            -519.38197             487.77541 
           -525.54864               6.30798            -519.24065             488.00422 
           -524.71251               5.69996            -519.01255             440.96626 
           -525.57265               6.64992            -518.92274             514.45733 
           -526.10574               7.20363            -518.90210             557.29462 
           -525.81011               6.96400            -518.84611             538.75618 
           -526.04856               7.14818            -518.90038             553.00481 
           -525.85386               6.97244            -518.88142             539.40869 
           -526.22825               7.33690            -518.89135             567.60470 
           -526.56007               7.70879            -518.85128             596.37473 
           -526.44014               7.74548            -518.69465             599.21368 
           -526.07381               7.53397            -518.53984             582.85035 
           -526.85461               8.49858            -518.35603             657.47533 
           -527.10254               8.88209            -518.22046             687.14465 
           -526.52159               8.34498            -518.17661             645.59225 
           -526.11051               7.98647            -518.12404             617.85699 
           -525.99421               7.89684            -518.09737             610.92324 
           -526.08566               8.01183            -518.07383             619.81931 
           -526.24995               8.22070            -518.02925             635.97766 
           -525.24579               7.19310            -518.05270             556.47937 
           -525.75451               7.76896            -517.98555             601.03013 
           -526.07036               8.33606            -517.73430             644.90266 
           -525.86771               8.09227            -517.77544             626.04210 
           -524.80680               6.95751            -517.84929             538.25347 
           -524.81007               6.91539            -517.89468             534.99502 
           -524.79567               6.71231            -518.08336             519.28425 
           -525.20218               6.94598            -518.25620             537.36196 
           -524.66278               6.31788            -518.34490             488.77001 
           -524.34522               6.10213            -518.24309             472.07929 
           -524.65715               6.49167            -518.16548             502.21471 
           -524.06368               5.81252            -518.25116             449.67388 
           -524.53875               6.28542            -518.25333             486.25922 
           -524.01276               5.87435            -518.13841             454.45758 
           -523.79324               5.58529            -518.20794             432.09474 
           -523.59508               5.32906            -518.26602             412.27165 
           -524.59942               6.22192            -518.37750             481.34629 
           -523.66315               5.40747            -518.25569             418.33792 
           -524.10160               6.03568            -518.06592             466.93810 
           -523.43829               5.43450            -518.00379             420.42913 
           -523.01292               5.11099            -517.90193             395.40105 
           -523.97961               6.22989            -517.74973             481.96266 
           -523.17656               5.45403            -517.72253             421.93976 
           -524.30575               6.44366            -517.86209             498.50095 
           -522.91125               4.94732            -517.96393             382.73936 
           -524.04983               5.98077            -518.06907             462.68986 
           -522.58999               4.59562            -517.99436             355.53123 
           -522.98397               4.90466            -518.07931             379.43891 
           -522.68080               4.59526            -518.08554             355.50291 
           -522.85651               4.81716            -518.03935             372.66961 
           -523.00850               4.88187            -518.12662             377.67619 
           -523.09797               4.89236            -518.20561             378.48733 
           -523.36473               5.05620            -518.30853             391.16292 
           -523.03724               4.63300            -518.40424             358.42276 
           -523.43662               5.05188            -518.38475             390.82843 
           -523.45470               5.15437            -518.30034             398.75725 
           -523.21251               4.93254            -518.27997             381.59623 
           -523.13141               4.95784            -518.17358             383.55315 
           -523.30736               5.22374            -518.08361             404.12449 
           -523.40868               5.39268            -518.01600             417.19353 
           -523.29188               5.26204            -518.02984             407.08726 
           -523.07049               4.98091            -518.08958             385.33801 
           -522.88807               4.98610            -517.90197             385.73929 
           -522.42419               4.60180            -517.82240             356.00871 
           -522.63925               4.69082            -517.94843             362.89613 
           -522.81446               4.86177            -517.95269             376.12141 
           -523.33714               5.38950            -517.94765             416.94745 
           -522.60640               4.61818            -517.98823             357.27595 
           -523.50400               5.36771            -518.13629             415.26195 
           -523.85894               5.50546            -518.35349             425.91855 
           -523.79813               5.51188            -518.28625             426.41556 
           -523.13081               4.93881            -518.19200             382.08090 
           -523.01831               4.73251            -518.28580             366.12084 
           -522.89138               4.67438            -518.21699             361.62428 
           -522.84115               4.70849            -518.13265             364.26311 
           -523.03277               4.87797            -518.15480             377.37433 
           -523.84901               5.66855            -518.18046             438.53565 
           -523.67015               5.49140            -518.17875             424.83116 
           -523.33603               5.34367            -517.99237             413.40219 
           -523.21954               5.28880            -517.93073             409.15768 
           -523.38550               5.39917            -517.98633             417.69568 
           -523.60731               5.71397            -517.89334             442.04989 
           -523.55861               5.70392            -517.85469             441.27218 
           -524.14891               6.18315            -517.96576             478.34663 
           -524.37463               6.33371            -518.04092             489.99440 
           -524.83246               6.72178            -518.11068             520.01668 
           -524.51622               6.40650            -518.10972             495.62566 
           -524.46432               6.37621            -518.08811             493.28250 
           -525.46440               7.27663            -518.18777             562.94165 
           -524.58339               6.46127            -518.12212             499.86334 
           -525.26628               7.08128            -518.18500             547.82894 
           -524.86648               6.58705            -518.27943             509.59391 
           -524.91549               6.72308            -518.19240             520.11785 
           -525.10657               6.88913            -518.21744             532.96344 
           -525.32317               7.08606            -518.23712             548.19845 
           -525.72564               7.55382            -518.17182             584.38596 
           -525.59781               7.48586            -518.11195             579.12860 
           -525.63141               7.62077            -518.01064             589.56539 
           -525.71251               7.69689            -518.01562             595.45420 
           -525.73680               7.60515            -518.13164             588.35743 
           -525.61793               7.61593            -518.00199             589.19129 
           -526.33961               8.28312            -518.05649             640.80694 
           -526.44140               8.25073            -518.19067             638.30118 
           -526.62677               8.50093            -518.12584             657.65764 
           -525.70280               7.61053            -518.09227             588.77329 
           -525.53442               7.35860            -518.17583             569.28306 
           -525.13021               6.77405            -518.35615             524.06110 
           -525.10612               6.61336            -518.49276             511.62957 
           -524.99335               6.50152            -518.49182             502.97719 
           -525.11496               6.42324            -518.69172             496.92110 
           -525.63072               6.66623            -518.96449             515.71928 
           -525.12901               6.10111            -519.02789             472.00023 
           -524.29533               5.13456            -519.16077             397.22458 
           -524.65592               5.28498            -519.37093             408.86185 
           -524.84871               5.34114            -519.50757             413.20683 
