           -528.61641               1.27987            -527.33654              99.01491 
           -529.07600               1.91624            -527.15976             148.24621 
           -528.86512               1.87096            -526.99416             144.74340 
           -528.92668               2.08772            -526.83895             161.51257 
           -529.64606               2.94358            -526.70249             227.72389 
           -529.25543               2.56523            -526.69020             198.45419 
           -528.44885               1.61785            -526.83100             125.16168 
           -528.33652               1.29306            -527.04346             100.03511 
           -528.83862               1.60013            -527.23849             123.79057 
           -529.04380               1.69586            -527.34794             131.19660 
           -528.91250               1.46696            -527.44554             113.48825 
           -529.39656               2.01873            -527.37783             156.17478 
           -529.35630               2.22752            -527.12878             172.32794 
           -528.83789               1.94347            -526.89442             150.35230 
           -529.05250               2.25341            -526.79909             174.33033 
           -529.33117               2.58855            -526.74262             200.25783 
           -528.95971               2.24708            -526.71263             173.84070 
           -528.51485               1.67967            -526.83517             129.94463 
           -528.85960               1.75833            -527.10127             136.02991 
           -529.65265               2.37450            -527.27816             183.69820 
           -529.50602               2.17741            -527.32861             168.45092 
           -529.19849               1.87217            -527.32632             144.83658 
           -529.08871               1.82678            -527.26192             141.32551 
           -528.76438               1.68875            -527.07563             130.64710 
           -528.48944               1.66022            -526.82922             128.43950 
           -529.03454               2.33161            -526.70293             180.38051 
           -529.66880               2.94268            -526.72611             227.65470 
           -529.49979               2.70471            -526.79508             209.24446 
           -529.32509               2.41106            -526.91403             186.52701 
           -529.43797               2.31691            -527.12106             179.24316 
           -529.57263               2.20185            -527.37078             170.34168 
           -529.13448               1.68729            -527.44719             130.53352 
           -529.49942               2.13205            -527.36737             164.94156 
           -529.72058               2.48360            -527.23698             192.13885 
           -529.55686               2.48465            -527.07221             192.21971 
           -529.69333               2.84301            -526.85032             219.94391 
           -529.97404               3.28577            -526.68827             254.19701 
           -530.16167               3.45718            -526.70449             267.45769 
           -529.37561               2.55020            -526.82541             197.29101 
           -529.27187               2.31403            -526.95784             179.02002 
           -529.95370               2.80999            -527.14372             217.38891 
           -530.18907               2.87823            -527.31083             222.66883 
           -530.64473               3.25740            -527.38732             252.00251 
           -531.00992               3.70554            -527.30438             286.67171 
           -531.65307               4.51389            -527.13918             349.20808 
           -532.16904               5.18629            -526.98274             401.22724 
           -532.88751               6.04376            -526.84375             467.56303 
           -534.02147               7.29825            -526.72323             564.61423 
           -532.93779               6.24831            -526.68948             483.38763 
           -531.60339               4.81182            -526.79156             372.25709 
           -531.47221               4.58876            -526.88345             355.00019 
           -530.65856               3.93840            -526.72016             304.68663 
           -531.32290               4.77590            -526.54700             369.47780 
           -533.29928               6.67766            -526.62162             516.60344 
           -534.46236               7.73695            -526.72541             598.55359 
           -534.89143               8.00504            -526.88640             619.29349 
           -534.57768               7.48583            -527.09185             579.12605 
           -533.85151               6.63393            -527.21758             513.22032 
           -532.74753               5.57318            -527.17435             431.15789 
           -531.59844               4.58402            -527.01442             354.63336 
           -530.41033               3.57801            -526.83232             276.80522 
           -530.11353               3.42562            -526.68791             265.01627 
           -530.57498               4.04990            -526.52507             313.31240 
           -531.50020               5.08027            -526.41992             393.02518 
           -532.81577               6.30118            -526.51459             487.47828 
           -533.29053               6.56236            -526.72817             507.68371 
           -533.75717               6.87561            -526.88156             531.91765 
           -533.69887               6.83186            -526.86701             528.53308 
           -532.18313               5.57621            -526.60692             431.39231 
           -531.28934               5.14833            -526.14102             398.28987 
           -531.42764               5.90101            -525.52663             456.51937 
           -530.57445               5.34434            -525.23012             413.45373 
           -530.67024               5.37341            -525.29683             415.70302 
           -530.98585               5.46826            -525.51760             423.04062 
           -532.13601               6.37675            -525.75926             493.32451 
           -531.80435               5.92706            -525.87728             458.53526 
           -530.94310               5.20883            -525.73427             402.97080 
           -529.75787               4.27834            -525.47953             330.98523 
           -529.37925               4.11905            -525.26020             318.66183 
           -530.62457               5.47786            -525.14671             423.78348 
           -531.36453               6.33257            -525.03195             489.90661 
           -530.81895               5.86012            -524.95883             453.35632 
           -529.86059               4.92768            -524.93291             381.22006 
           -530.13691               5.16130            -524.97561             399.29351 
           -530.32785               5.40801            -524.91984             418.37989 
           -529.50344               4.87719            -524.62625             377.31388 
           -529.18433               4.91661            -524.26772             380.36363 
           -529.73003               5.88084            -523.84919             454.95926 
           -530.26586               6.66422            -523.60164             515.56392 
           -530.28805               6.83683            -523.45122             528.91730 
           -530.93266               7.67003            -523.26262             593.37672 
           -531.71702               8.45883            -523.25818             654.40056 
           -531.61618               8.36454            -523.25164             647.10578 
           -530.26211               7.13384            -523.12827             551.89535 
           -530.38143               7.34366            -523.03777             568.12722 
           -530.76147               7.79129            -522.97018             602.75725 
           -531.80491               8.76008            -523.04484             677.70555 
           -531.15011               7.94420            -523.20592             614.58684 
           -531.36602               8.05549            -523.31053             623.19707 
           -531.73692               8.24162            -523.49530             637.59662 
           -531.31800               7.68719            -523.63081             594.70376 
           -531.30863               7.73401            -523.57462             598.32594 
           -530.94365               7.59420            -523.34945             587.50967 
           -530.92548               7.78131            -523.14417             601.98529 
           -530.19698               7.15038            -523.04660             553.17499 
           -530.39620               7.34190            -523.05430             567.99165 
           -529.78220               6.72648            -523.05572             520.38050 
           -529.22629               6.04810            -523.17819             467.89886 
           -529.47257               6.12110            -523.35147             473.54685 
           -529.19924               5.78445            -523.41479             447.50227 
           -529.29611               5.97449            -523.32162             462.20464 
           -528.42714               5.26369            -523.16345             407.21458 
           -529.75619               6.70254            -523.05365             518.52845 
           -530.26986               7.34830            -522.92155             568.48651 
           -528.78903               6.05415            -522.73488             468.36679 
           -529.43714               6.71573            -522.72142             519.54861 
           -529.34859               6.51969            -522.82890             504.38266 
           -528.73581               5.91117            -522.82463             457.30605 
           -529.10727               6.39438            -522.71289             494.68799 
           -529.71793               6.88948            -522.82845             532.99046 
           -529.98927               7.09023            -522.89904             548.52163 
           -528.91890               6.02068            -522.89822             465.77755 
           -529.48978               6.40346            -523.08631             495.39112 
           -529.10793               5.71551            -523.39242             442.16918 
           -528.19647               4.59271            -523.60376             355.30560 
           -527.54495               4.04686            -523.49809             313.07703 
           -527.89144               4.46168            -523.42976             345.16884 
           -527.54156               4.12425            -523.41731             319.06425 
           -527.74741               4.47639            -523.27102             346.30662 
           -527.61730               4.60184            -523.01546             356.01223 
           -528.97079               6.12119            -522.84960             473.55340 
           -528.87244               5.91872            -522.95372             457.88975 
           -528.33805               5.22561            -523.11243             404.26909 
           -528.85700               5.70213            -523.15487             441.13406 
           -528.68291               5.44310            -523.23981             421.09446 
           -527.81924               4.54851            -523.27073             351.88624 
           -527.40331               4.35397            -523.04934             336.83607 
           -527.94108               5.22820            -522.71288             404.46937 
           -528.57629               5.88027            -522.69602             454.91511 
           -528.49385               5.61216            -522.88169             434.17342 
           -528.65231               5.64988            -523.00243             437.09189 
           -528.77070               5.58710            -523.18359             432.23500 
           -528.04613               4.67407            -523.37206             361.60008 
           -528.72911               5.29119            -523.43792             409.34197 
           -527.69460               4.48967            -523.20493             347.33451 
           -527.73088               4.76918            -522.96170             368.95805 
           -527.26153               4.40741            -522.85412             340.97064 
           -527.66405               4.85499            -522.80906             375.59645 
           -527.89278               5.10980            -522.78298             395.30941 
           -527.84778               4.93916            -522.90862             382.10838 
           -527.18604               4.03488            -523.15116             312.15007 
           -528.49892               5.03337            -523.46555             389.39652 
           -527.91456               4.37501            -523.53955             338.46383 
           -527.54597               4.08684            -523.45913             316.16998 
           -527.61368               4.20306            -523.41061             325.16152 
           -528.28952               4.99565            -523.29387             386.47867 
           -527.78883               4.59479            -523.19404             355.46676 
           -526.93842               3.75776            -523.18066             290.71155 
           -527.02336               3.79730            -523.22606             293.77036 
           -527.64429               4.39345            -523.25084             339.89020 
           -527.42077               4.28542            -523.13535             331.53298 
           -528.56697               5.48939            -523.07759             424.67546 
           -528.35280               5.26663            -523.08617             407.44222 
           -527.81199               4.76313            -523.04886             368.49024 
           -527.63710               4.66761            -522.96949             361.10014 
           -528.32746               5.35855            -522.96890             414.55372 
           -528.09824               5.14516            -522.95308             398.04520 
           -528.16305               5.25158            -522.91147             406.27799 
           -527.67736               4.88036            -522.79700             377.55915 
           -527.28968               4.53162            -522.75806             350.57966 
           -527.09604               4.20928            -522.88676             325.64277 
           -527.64663               4.57605            -523.07059             354.01654 
           -528.25005               5.02110            -523.22895             388.44705 
           -528.39478               5.01121            -523.38357             387.68202 
           -527.71784               4.35981            -523.35803             337.28792 
           -528.51386               5.18396            -523.32990             401.04687 
           -528.07429               4.79298            -523.28131             370.79944 
           -527.66291               4.47953            -523.18338             346.54989 
           -527.13173               4.04754            -523.08419             313.13015 
           -527.32412               4.18576            -523.13836             323.82298 
           -527.93333               4.65578            -523.27755             360.18493 
           -528.87506               5.49532            -523.37974             425.13464 
           -529.37133               5.97007            -523.40126             461.86237 
           -528.80741               5.44540            -523.36201             421.27224 
           -527.81402               4.57109            -523.24293             353.63320 
           -527.70186               4.71384            -522.98802             364.67669 
           -527.97363               5.20827            -522.76536             402.92765 
           -527.69209               5.08158            -522.61051             393.12606 
           -528.07540               5.42662            -522.64878             419.81956 
           -527.68506               4.96891            -522.71614             384.41003 
           -528.00206               5.21358            -522.78848             403.33802 
           -528.19232               5.32327            -522.86906             411.82386 
           -528.60607               5.60327            -523.00280             433.48570 
           -528.48878               5.41021            -523.07857             418.55004 
           -528.25325               5.14791            -523.10533             398.25797 
           -527.99223               4.91587            -523.07636             380.30661 
           -528.18171               5.10315            -523.07856             394.79516 
           -527.82284               4.71445            -523.10839             364.72370 
           -527.79139               4.64452            -523.14687             359.31366 
           -528.96818               5.77110            -523.19707             446.46983 
           -528.59078               5.38880            -523.20198             416.89372 
           -528.69833               5.42676            -523.27157             419.83033 
           -529.71962               6.36734            -523.35228             492.59626 
           -529.03627               5.63267            -523.40360             435.75994 
           -529.62280               6.11159            -523.51120             472.81113 
           -528.89477               5.26844            -523.62632             407.58242 
           -529.43128               5.87623            -523.55505             454.60279 
           -528.76407               5.44242            -523.32164             421.04198 
           -528.91115               5.71639            -523.19476             442.23728 
           -528.55503               5.54686            -523.00817             429.12153 
           -528.83287               6.03843            -522.79444             467.15094 
           -528.67936               5.97983            -522.69953             462.61770 
           -528.44623               5.63994            -522.80628             436.32279 
           -529.34584               6.31529            -523.03055             488.56978 
           -529.53523               6.39377            -523.14146             494.64079 
           -530.05719               6.88477            -523.17242             532.62640 
           -530.37251               7.12280            -523.24971             551.04089 
           -530.15469               6.91417            -523.24052             534.90086 
           -530.39572               7.33956            -523.05616             567.81009 
           -530.45355               7.58723            -522.86632             586.97068 
           -530.72239               7.97468            -522.74771             616.94501 
           -530.85213               8.16389            -522.68825             631.58285 
           -530.80961               8.09542            -522.71419             626.28593 
           -531.44378               8.56414            -522.87964             662.54753 
           -531.30493               8.19524            -523.10969             634.00840 
           -531.78508               8.45645            -523.32864             654.21597 
           -531.76871               8.47762            -523.29109             655.85400 
           -531.29579               8.11251            -523.18328             627.60780 
           -531.23202               8.11689            -523.11513             627.94672 
           -530.73780               7.81229            -522.92552             604.38171 
           -532.06040               9.21255            -522.84785             712.71047 
           -530.87604               8.03126            -522.84478             621.32215 
           -531.70052               8.72192            -522.97860             674.75402 
           -532.29911               9.12534            -523.17377             705.96360 
           -533.62038              10.25935            -523.36103             793.69406 
           -533.45346               9.90726            -523.54620             766.45538 
           -532.53442               8.86235            -523.67208             685.61759 
           -531.95021               8.29633            -523.65387             641.82899 
           -531.69973               8.09718            -523.60256             626.42166 
           -531.35282               7.73743            -523.61540             598.59060 
           -531.33859               7.70160            -523.63698             595.81911 
           -532.22238               8.55153            -523.67085             661.57194 
           -532.20183               8.54753            -523.65430             661.26247 
           -531.40208               7.75612            -523.64596             600.03622 
           -530.19852               6.64846            -523.55005             514.34481 
           -529.38654               5.93167            -523.45487             458.89143 
           -529.75819               6.17530            -523.58289             477.73994 
           -529.71084               5.89310            -523.81774             455.90757 
           -530.11128               6.07096            -524.04032             469.66764 
           -529.52827               5.42079            -524.10749             419.36817 
           -529.19325               5.21350            -523.97976             403.33159 
           -528.37745               4.62338            -523.75407             357.67817 
           -529.16979               5.59768            -523.57212             433.05318 
           -528.99295               5.53774            -523.45520             428.41638 
           -529.74854               6.31023            -523.43831             488.17824 
           -529.76238               6.24732            -523.51506             483.31132 
           -530.30671               6.61525            -523.69146             511.77560 
           -530.16866               6.42305            -523.74561             496.90634 
           -530.67105               7.05843            -523.61262             546.06098 
           -531.16876               7.68705            -523.48171             594.69293 
           -530.17850               6.83580            -523.34269             528.83819 
           -531.36807               8.22299            -523.14507             636.15524 
           -531.50245               8.64090            -522.86156             668.48546 
           -532.27069               9.55046            -522.72023             738.85196 
           -532.24399               9.58333            -522.66066             741.39514 
           -532.17026               9.51423            -522.65603             736.04916 
           -531.77598               9.14277            -522.63322             707.31170 
           -531.45635               8.81705            -522.63930             682.11308 
           -532.14493               9.38204            -522.76289             725.82242 
           -532.79845               9.94895            -522.84950             769.68046 
           -532.63707               9.88115            -522.75592             764.43516 
           -532.12544               9.38583            -522.73961             726.11608 
           -532.15392               9.40551            -522.74841             727.63841 
           -531.02126               8.40233            -522.61893             650.02900 
           -532.27039               9.79737            -522.47302             757.95401 
           -531.91436               9.52198            -522.39238             736.64855 
           -531.31966               8.91160            -522.40806             689.42809 
           -530.80920               8.42237            -522.38683             651.57983 
           -530.23371               7.86326            -522.37044             608.32553 
           -529.54096               7.12746            -522.41349             551.40182 
           -529.61112               7.13719            -522.47393             552.15451 
           -529.93108               7.46988            -522.46120             577.89212 
           -529.92499               7.54362            -522.38137             583.59718 
           -529.74502               7.43636            -522.30866             575.29866 
           -529.43323               7.09067            -522.34256             548.55537 
           -530.00938               7.63973            -522.36965             591.03265 
           -529.47398               7.06476            -522.40922             546.55128 
           -529.38667               6.79749            -522.58917             525.87424 
           -528.30250               5.60668            -522.69582             433.74969 
           -529.28980               6.45910            -522.83070             499.69541 
           -528.91568               6.15450            -522.76119             476.13028 
           -529.04991               6.46421            -522.58570             500.09069 
           -529.24967               6.74325            -522.50642             521.67767 
           -528.82463               6.34838            -522.47625             491.12978 
           -529.09968               6.65879            -522.44089             515.14363 
           -528.56396               6.06613            -522.49783             469.29379 
           -528.63446               6.06937            -522.56509             469.54493 
           -528.10707               5.52077            -522.58630             427.10330 
           -528.39327               5.82811            -522.56517             450.87968 
           -528.35135               5.92132            -522.43002             458.09128 
           -528.39738               6.04577            -522.35161             467.71884 
           -527.99773               5.67897            -522.31876             439.34203 
           -528.20842               5.92866            -522.27975             458.65902 
           -528.92139               6.65829            -522.26310             515.10514 
           -527.48147               5.19115            -522.29033             401.60251 
           -528.10288               5.70036            -522.40251             440.99715 
           -528.21727               5.77328            -522.44399             446.63829 
           -528.53698               6.05391            -522.48306             468.34892 
           -527.71622               5.25295            -522.46327             406.38401 
           -528.25896               5.68377            -522.57519             439.71347 
           -528.04486               5.38163            -522.66323             416.33908 
           -527.99498               5.34621            -522.64877             413.59890 
           -527.77242               5.11411            -522.65831             395.64301 
           -528.04301               5.33019            -522.71282             412.35939 
           -527.72260               5.13699            -522.58561             397.41319 
           -527.28152               4.79389            -522.48763             370.86996 
           -527.83930               5.33110            -522.50820             412.42951 
           -527.82792               5.30882            -522.51910             410.70625 
           -527.59498               5.10258            -522.49240             394.75073 
           -527.73868               5.26153            -522.47715             407.04750 
           -526.94701               4.57949            -522.36752             354.28288 
           -526.83071               4.53052            -522.30019             350.49437 
           -527.69621               5.48299            -522.21322             424.18022 
           -528.13473               5.89993            -522.23479             456.43656 
           -527.94663               5.60787            -522.33876             433.84160 
           -527.35294               5.01329            -522.33965             387.84331 
           -527.08026               4.60986            -522.47040             356.63249 
           -527.47682               4.85248            -522.62434             375.40202 
           -527.81119               5.19257            -522.61862             401.71264 
           -526.80485               4.32317            -522.48169             334.45302 
           -526.77623               4.37252            -522.40371             338.27146 
           -527.11490               4.71709            -522.39781             364.92795 
           -527.02504               4.61727            -522.40777             357.20591 
           -527.84960               5.39597            -522.45364             417.44813 
           -527.94905               5.35890            -522.59014             414.58073 
           -528.12679               5.31401            -522.81277             411.10795 
           -527.17693               4.29022            -522.88671             331.90415 
           -527.51675               4.68656            -522.83019             362.56628 
           -527.18462               4.50813            -522.67649             348.76219 
           -526.82381               4.27715            -522.54666             330.89279 
           -527.42977               4.97520            -522.45457             384.89661 
           -526.51063               4.15992            -522.35071             321.82419 
           -527.61047               5.18717            -522.42330             401.29525 
           -527.08120               4.49831            -522.58289             348.00278 
           -528.15518               5.51042            -522.64476             426.30224 
           -527.04265               4.58018            -522.46247             354.33624 
           -527.01902               4.68044            -522.33859             362.09271 
           -527.36346               5.09456            -522.26890             394.13074 
           -527.60894               5.42489            -522.18405             419.68572 
           -527.63805               5.45275            -522.18530             421.84083 
           -527.58014               5.32397            -522.25617             411.87833 
           -527.47164               5.01791            -522.45372             388.20073 
           -527.46215               4.81778            -522.64437             372.71813 
           -527.85640               5.14386            -522.71254             397.94460 
           -527.94190               5.23424            -522.70766             404.93638 
           -528.18634               5.48694            -522.69940             424.48630 
           -527.60806               4.93038            -522.67768             381.42911 
           -528.02791               5.29478            -522.73313             409.61985 
           -527.12847               4.39963            -522.72883             340.36872 
           -527.32445               4.58720            -522.73725             354.87972 
           -526.67119               3.99446            -522.67673             309.02312 
           -526.61800               4.09826            -522.51974             317.05383 
           -526.65523               4.30604            -522.34919             333.12847 
           -527.09372               4.84598            -522.24774             374.89966 
           -527.92417               5.73115            -522.19302             443.37887 
           -528.06794               5.86213            -522.20581             453.51217 
           -527.73756               5.48811            -522.24945             424.57629 
           -527.34224               5.03413            -522.30811             389.45538 
           -527.60970               5.18785            -522.42186             401.34721 
           -527.74463               5.29348            -522.45114             409.51971 
           -527.58668               5.20545            -522.38123             402.70919 
           -528.11306               5.69251            -522.42055             440.38994 
           -527.84313               5.34085            -522.50228             413.18415 
           -528.28641               5.64427            -522.64214             436.65752 
           -528.37657               5.61419            -522.76238             434.33045 
           -528.18639               5.33793            -522.84846             412.95804 
           -528.67659               5.78876            -522.88782             447.83613 
           -528.20170               5.43433            -522.76737             420.41561 
           -527.61254               5.05879            -522.55375             391.36303 
           -527.25258               4.79271            -522.45987             370.77840 
           -527.56464               5.11959            -522.44505             396.06702 
           -527.70081               5.28892            -522.41189             409.16675 
           -527.42380               5.00273            -522.42107             387.02607 
           -528.26321               5.74185            -522.52136             444.20635 
           -527.78758               5.31079            -522.47679             410.85871 
           -529.24754               6.88269            -522.36485             532.46569 
           -528.35421               6.12387            -522.23034             473.76052 
           -529.29804               7.09319            -522.20485             548.75024 
           -528.52038               6.36134            -522.15905             492.13193 
           -528.50499               6.18217            -522.32282             478.27107 
           -528.30161               5.75590            -522.54571             445.29364 
           -528.44428               5.82103            -522.62325             450.33208 
           -528.32774               5.71730            -522.61044             442.30740 
           -528.40147               5.76007            -522.64140             445.61620 
           -528.18694               5.64876            -522.53818             437.00474 
           -528.71075               6.30553            -522.40522             487.81444 
           -529.09996               6.70701            -522.39294             518.87458 
           -528.81216               6.35437            -522.45779             491.59333 
           -529.54594               6.93742            -522.60852             536.69964 
           -528.68655               6.07656            -522.61000             470.10060 
           -529.13267               6.48274            -522.64993             501.52375 
           -528.94932               6.22283            -522.72649             481.41692 
           -528.26849               5.70926            -522.55923             441.68553 
           -529.55461               7.18335            -522.37126             555.72511 
           -529.94231               7.57880            -522.36350             586.31894 
           -530.15387               7.84559            -522.30828             606.95859 
           -530.40411               8.11947            -522.28464             628.14656 
           -530.30485               7.96660            -522.33825             616.32031 
           -530.47595               8.04156            -522.43439             622.11886 
           -530.15584               7.65995            -522.49589             592.59643 
           -530.11588               7.64939            -522.46649             591.77961 
           -530.17558               7.81894            -522.35664             604.89624 
           -530.64178               8.22592            -522.41586             636.38158 
           -531.57590               9.14566            -522.43024             707.53569 
           -531.00230               8.70203            -522.30027             673.21514 
           -531.34168               9.03720            -522.30448             699.14491 
           -531.21304               8.80353            -522.40951             681.06748 
           -531.00673               8.46096            -522.54577             654.56518 
           -531.59930               8.82851            -522.77079             683.00015 
           -531.55178               8.63171            -522.92007             667.77473 
           -532.42175               9.42180            -522.99994             728.89881 
           -531.99741               9.00477            -522.99264             696.63583 
           -531.86230               8.95301            -522.90929             692.63150 
           -531.48238               8.59962            -522.88277             665.29200 
           -532.19274               9.19905            -522.99369             711.66591 
           -531.24120               8.13791            -523.10329             629.57321 
           -531.46857               8.18136            -523.28721             632.93451 
           -531.47409               8.08054            -523.39355             625.13468 
           -531.65033               8.26310            -523.38723             639.25837 
           -530.46241               7.10690            -523.35552             549.81084 
           -530.24385               6.99872            -523.24513             541.44197 
           -531.10514               7.66429            -523.44085             592.93266 
           -530.96491               7.28268            -523.68222             563.41023 
           -529.94671               5.91808            -524.02863             457.84052 
           -529.88207               5.42921            -524.45286             420.01985 
           -530.08894               5.38498            -524.70396             416.59832 
           -529.79076               5.03393            -524.75683             389.44017 
           -528.96713               4.13517            -524.83196             319.90909 
           -529.92950               5.15795            -524.77156             399.03402 
           -529.65318               4.94719            -524.70599             382.72973 
           -530.78181               5.97927            -524.80254             462.57412 
           -531.17808               6.39391            -524.78417             494.65163 
           -531.33445               6.62615            -524.70830             512.61859 
           -530.41222               5.85514            -524.55708             452.97104 
           -530.03435               5.51579            -524.51856             426.71813 
           -530.61593               6.04032            -524.57562             467.29683 
           -530.58688               6.00729            -524.57958             464.74222 
           -531.37111               6.60887            -524.76224             511.28182 
           -532.13674               7.20575            -524.93099             557.45852 
           -532.56226               7.50633            -525.05593             580.71221 
           -532.74454               7.54679            -525.19775             583.84197 
           -532.07690               6.81488            -525.26203             527.21919 
           -531.67530               6.42903            -525.24626             497.36905 
           -532.05145               6.85916            -525.19228             530.64535 
           -532.97475               7.95073            -525.02402             615.09212 
           -533.10453               8.15773            -524.94680             631.10640 
           -533.32506               8.49736            -524.82770             657.38137 
           -532.81535               8.09564            -524.71971             626.30276 
           -532.97025               8.23776            -524.73249             637.29805 
           -532.00716               7.35893            -524.64823             569.30909 
           -531.66609               7.08093            -524.58516             547.80148 
           -531.25153               6.74694            -524.50459             521.96353 
           -531.66977               7.25437            -524.41540             561.22002 
           -531.59972               7.24128            -524.35844             560.20697 
           -531.29738               6.97276            -524.32462             539.43335 
           -531.60237               7.26735            -524.33502             562.22393 
           -531.42377               6.89984            -524.52393             533.79217 
           -531.34573               6.63505            -524.71068             513.30756 
           -531.04747               6.21078            -524.83669             480.48413 
           -531.07875               6.14986            -524.92888             475.77175 
           -530.20153               5.31750            -524.88403             411.37746 
           -530.53582               5.60549            -524.93032             433.65749 
           -530.32379               5.43860            -524.88519             420.74597 
           -530.87996               6.02368            -524.85628             466.00983 
           -530.61245               5.65928            -524.95317             437.81846 
           -530.67739               5.76404            -524.91335             445.92344 
           -529.90300               5.13129            -524.77171             396.97182 
           -530.29840               5.74638            -524.55202             444.55716 
           -530.00446               5.56016            -524.44430             430.15056 
           -529.32747               4.88809            -524.43938             378.15726 
           -529.25008               4.83996            -524.41012             374.43380 
           -529.06648               4.69605            -524.37044             363.30017 
           -529.60074               4.99715            -524.60359             386.59445 
           -530.23757               5.44840            -524.78917             421.50456 
           -530.48895               5.76964            -524.71931             446.35671 
           -530.18487               5.55731            -524.62755             429.93024 
           -529.53446               5.01055            -524.52391             387.63121 
           -529.29166               4.88718            -524.40448             378.08649 
           -529.73290               5.47624            -524.25665             423.65851 
           -529.49430               5.24463            -524.24966             405.74058 
           -529.28409               4.84204            -524.44205             374.59458 
           -528.92633               4.29745            -524.62888             332.46332 
           -529.61583               4.88342            -524.73241             377.79626 
           -530.13781               5.23369            -524.90413             404.89350 
           -530.21301               5.25903            -524.95399             406.85396 
           -529.91853               5.11947            -524.79906             396.05764 
           -529.69292               5.08888            -524.60404             393.69089 
           -529.00757               4.49525            -524.51232             347.76568 
           -530.03152               5.46134            -524.57018             422.50552 
           -529.34570               4.79968            -524.54602             371.31756 
           -529.76874               5.18359            -524.58515             401.01799 
           -529.64030               4.86233            -524.77797             376.16450 
           -529.64132               4.70592            -524.93540             364.06425 
           -529.25210               4.44895            -524.80315             344.18388 
           -530.77823               6.09355            -524.68468             471.41515 
           -530.19640               5.61142            -524.58498             434.11637 
           -530.12327               5.75028            -524.37299             444.85913 
           -529.94587               5.71085            -524.23501             441.80876 
           -528.97425               4.60488            -524.36937             356.24720 
           -530.14190               5.43924            -524.70267             420.79547 
           -529.88097               5.09426            -524.78671             394.10713 
           -529.49025               4.76996            -524.72028             369.01863 
           -529.57579               4.87027            -524.70552             376.77875 
           -529.53851               4.88029            -524.65821             377.55398 
           -530.18988               5.65306            -524.53681             437.33782 
           -531.11003               6.70497            -524.40506             518.71678 
           -530.81719               6.42974            -524.38745             497.42404 
           -530.02570               5.43320            -524.59249             420.32880 
           -530.20865               5.49095            -524.71770             424.79620 
           -530.20500               5.41598            -524.78901             418.99660 
           -531.14023               6.22765            -524.91258             481.78933 
           -530.33259               5.60535            -524.72724             433.64639 
           -529.99258               5.47185            -524.52073             423.31832 
           -530.26277               5.90188            -524.36088             456.58723 
           -531.37954               7.04616            -524.33339             545.11176 
           -530.09245               5.64108            -524.45137             436.41059 
           -529.65464               5.14212            -524.51251             397.80987 
           -530.08505               5.50395            -524.58110             425.80166 
           -529.76634               5.12690            -524.63944             396.63242 
           -530.14716               5.76267            -524.38449             445.81729 
           -529.53908               5.38055            -524.15853             416.25578 
           -530.54589               6.44111            -524.10478             498.30312 
           -530.26456               6.32490            -523.93966             489.31322 
           -529.87206               5.83669            -524.03536             451.54409 
           -529.53561               5.44923            -524.08638             421.56895 
           -529.40475               5.30452            -524.10023             410.37365 
           -529.83615               5.79123            -524.04492             448.02672 
           -528.89071               5.02109            -523.86961             388.44684 
           -528.99082               5.02501            -523.96581             388.75007 
           -529.51025               5.40724            -524.10301             418.32018 
           -530.39356               6.21465            -524.17891             480.78395 
           -529.57444               5.25903            -524.31541             406.85449 
           -529.06284               4.75278            -524.31006             367.68947 
           -529.69751               5.42883            -524.26868             419.99083 
           -530.87604               6.70259            -524.17344             518.53266 
           -530.21619               6.24784            -523.96835             483.35191 
           -529.57013               5.55080            -524.01933             429.42629 
           -529.72215               5.61115            -524.11100             434.09514 
           -529.45364               5.35295            -524.10069             414.12009 
           -530.00658               5.79007            -524.21651             447.93722 
           -530.44276               6.36052            -524.08224             492.06899 
           -530.58447               6.70173            -523.88274             518.46586 
           -530.84328               7.10412            -523.73916             549.59586 
           -530.55251               6.90033            -523.65219             533.82988 
           -529.78393               5.98211            -523.80182             462.79396 
           -529.98179               6.07475            -523.90704             469.96062 
           -530.46732               6.48832            -523.97900             501.95587 
           -530.18412               6.09713            -524.08699             471.69203 
           -529.81994               5.84242            -523.97752             451.98675 
           -529.78837               5.88755            -523.90082             455.47833 
           -529.69105               5.66620            -524.02485             438.35422 
           -530.28206               6.13157            -524.15048             474.35689 
           -528.78538               4.52816            -524.25721             350.31213 
           -529.81132               5.46675            -524.34457             422.92383 
           -528.72624               4.40480            -524.32144             340.76845 
           -529.46405               5.09967            -524.36437             394.52583 
           -529.90205               5.74770            -524.15435             444.65902 
           -529.63548               5.68816            -523.94731             440.05316 
           -529.67282               5.59627            -524.07655             432.94413 
           -529.23725               5.17259            -524.06466             400.16701 
           -529.31141               5.29426            -524.01715             409.57981 
           -529.27840               5.28678            -523.99161             409.00136 
           -529.46272               5.57069            -523.89203             430.96534 
           -529.22148               5.52536            -523.69612             427.45799 
           -528.91819               5.48783            -523.43037             424.55453 
           -529.52003               6.01513            -523.50490             465.34844 
           -529.33847               5.55991            -523.77856             430.13126 
           -528.84593               4.92594            -523.91999             381.08547 
           -528.79653               4.73466            -524.06188             366.28721 
           -528.77828               4.45766            -524.32061             344.85810 
           -528.80836               4.50990            -524.29846             348.89914 
           -528.68723               4.51365            -524.17359             349.18939 
           -528.45536               4.48921            -523.96615             347.29906 
           -529.59248               5.64527            -523.94721             436.73496 
           -529.85974               5.69448            -524.16526             440.54170 
           -529.04896               4.80804            -524.24092             371.96439 
           -529.09870               4.64758            -524.45112             359.55097 
           -529.29694               4.65817            -524.63877             360.37030 
           -529.56148               5.15854            -524.40294             399.08012 
           -528.42158               4.39480            -524.02678             339.99504 
           -529.34690               5.47484            -523.87206             423.55015 
           -529.08721               5.49648            -523.59072             425.22428 
           -529.14868               5.58216            -523.56652             431.85256 
           -528.13506               4.48264            -523.65242             346.79045 
           -529.28783               5.36722            -523.92061             415.22428 
           -530.07494               5.96200            -524.11294             461.23809 
           -529.65817               5.58508            -524.07309             432.07846 
           -529.22764               5.19748            -524.03015             402.09280 
           -528.73389               4.81833            -523.91555             372.76076 
           -528.95713               5.28386            -523.67327             408.77551 
