           -502.72156               1.28661            -501.43495              99.53614 
           -503.26116               1.93939            -501.32177             150.03695 
           -502.89906               1.79257            -501.10649             138.67846 
           -503.17909               2.29123            -500.88787             177.25611 
           -503.82379               2.95163            -500.87216             228.34678 
           -503.25980               2.37939            -500.88041             184.07690 
           -502.95642               1.97179            -500.98463             152.54327 
           -502.91183               1.74040            -501.17143             134.64255 
           -503.74397               2.36486            -501.37912             182.95226 
           -503.69561               2.16562            -501.52999             167.53902 
           -503.91346               2.39749            -501.51598             185.47674 
           -504.62961               3.23880            -501.39081             250.56316 
           -504.28764               3.02643            -501.26120             234.13401 
           -503.84939               2.79053            -501.05887             215.88345 
           -504.06757               3.18116            -500.88641             246.10377 
           -504.85644               4.00824            -500.84820             310.08967 
           -505.02746               4.11232            -500.91513             318.14168 
           -505.17127               4.11928            -501.05198             318.68009 
           -506.10238               4.88128            -501.22110             377.63044 
           -506.45480               5.08176            -501.37305             393.13975 
           -506.36148               4.86430            -501.49718             376.31646 
           -506.88715               5.42384            -501.46330             419.60463 
           -507.58166               6.28619            -501.29546             486.31867 
           -508.10692               6.97705            -501.12987             539.76531 
           -508.69326               7.73457            -500.95869             598.36958 
           -509.59609               8.77906            -500.81703             679.17395 
           -510.42002               9.58053            -500.83949             741.17870 
           -511.18540              10.11571            -501.06969             782.58179 
           -511.22553               9.70825            -501.51728             751.05929 
           -510.66272               8.62727            -502.03545             667.43111 
           -511.45259               8.89172            -502.56087             687.88978 
           -512.68462               9.82683            -502.85779             760.23250 
           -511.30599               8.78052            -502.52546             679.28753 
           -510.59123               8.72673            -501.86450             675.12611 
           -510.92925               9.61821            -501.31105             744.09309 
           -510.73370               9.86904            -500.86466             763.49835 
           -511.37800              10.67969            -500.69832             826.21249 
           -511.92601              11.27296            -500.65304             872.10987 
           -512.04048              11.38051            -500.65997             880.43030 
           -511.26221              10.43931            -500.82289             807.61642 
           -511.35053              10.33880            -501.01173             799.84076 
           -509.05698               7.99682            -501.06017             618.65770 
           -507.52409               6.28604            -501.23805             486.30674 
           -507.11081               5.62718            -501.48363             435.33580 
           -507.60907               5.67056            -501.93850             438.69170 
           -508.77559               6.18314            -502.59246             478.34581 
           -510.42350               7.38549            -503.03801             571.36366 
           -510.61530               7.29785            -503.31744             564.58374 
           -509.22514               5.96645            -503.25869             461.58212 
           -507.00117               4.32618            -502.67500             334.68587 
           -505.45935               3.43287            -502.02648             265.57676 
           -505.05508               3.55608            -501.49900             275.10861 
           -506.04250               4.95211            -501.09039             383.11004 
           -507.84341               7.01820            -500.82521             542.94869 
           -509.65994               9.06153            -500.59841             701.02688 
           -510.68510              10.23489            -500.45021             791.80136 
           -509.21438               8.65787            -500.55651             669.79888 
           -508.39619               7.49302            -500.90318             579.68213 
           -507.10163               5.75395            -501.34769             445.14242 
           -507.44774               5.72425            -501.72350             442.84489 
           -508.87592               6.86007            -502.01585             530.71524 
           -510.43548               8.20771            -502.22776             634.97319 
           -511.61913               9.35159            -502.26755             723.46667 
           -511.48266               9.32475            -502.15791             721.39057 
           -511.41094               9.60499            -501.80595             743.07045 
           -511.14961               9.71314            -501.43647             751.43781 
           -509.78216               8.63464            -501.14752             668.00185 
           -509.85513               9.15484            -500.70030             708.24550 
           -509.53035               9.30089            -500.22946             719.54445 
           -509.48491               9.71127            -499.77364             751.29260 
           -510.38623              10.96690            -499.41933             848.43198 
           -511.17494              11.86331            -499.31162             917.78140 
           -511.67766              12.31837            -499.35929             952.98604 
           -510.27187              10.71418            -499.55769             828.88089 
           -509.18196               9.21088            -499.97107             712.58129 
           -508.38950               8.19705            -500.19245             634.14843 
           -507.36448               7.08836            -500.27612             548.37681 
           -508.05226               7.62311            -500.42915             589.74692 
           -507.84241               7.25561            -500.58680             561.31590 
           -508.24965               7.47468            -500.77498             578.26331 
           -507.88279               6.96940            -500.91339             539.17359 
           -507.34380               6.29958            -501.04422             487.35421 
           -507.47756               6.23658            -501.24098             482.48030 
           -506.70216               5.40217            -501.29999             417.92784 
           -506.83450               5.72413            -501.11037             442.83608 
           -505.86250               4.97554            -500.88696             384.92264 
           -505.10018               4.44845            -500.65173             344.14559 
           -504.89722               4.52734            -500.36988             350.24842 
           -504.82953               4.70007            -500.12945             363.61182 
           -505.77692               5.88358            -499.89334             455.17157 
           -505.73788               6.05737            -499.68050             468.61637 
           -505.28736               5.73660            -499.55075             443.80073 
           -505.23309               5.82083            -499.41226             450.31662 
           -505.74195               6.32058            -499.42137             488.97873 
           -506.03337               6.52432            -499.50905             504.74086 
           -505.29853               5.63082            -499.66771             435.61693 
           -504.66362               4.87859            -499.78503             377.42253 
           -504.57085               4.69219            -499.87865             363.00213 
           -504.90764               4.74244            -500.16521             366.88900 
           -505.23949               4.62874            -500.61076             358.09282 
           -505.53556               4.67106            -500.86450             361.36720 
           -506.19466               5.20602            -500.98864             402.75299 
           -506.36020               5.24386            -501.11634             405.68034 
           -506.36842               5.16552            -501.20291             399.61983 
           -506.62663               5.41846            -501.20817             419.18798 
           -506.36695               5.28890            -501.07805             409.16521 
           -506.16112               5.18642            -500.97470             401.23661 
           -505.94077               5.10635            -500.83442             395.04233 
           -505.99359               5.46929            -500.52430             423.12066 
           -506.33695               6.08415            -500.25280             470.68801 
           -506.43850               6.45891            -499.97959             499.68031 
           -507.24257               7.46632            -499.77625             577.61704 
           -506.91282               7.36824            -499.54458             570.02871 
           -507.52882               8.17671            -499.35211             632.57474 
           -507.50642               8.13000            -499.37642             628.96096 
           -508.15133               8.59925            -499.55208             665.26376 
           -508.19183               8.61778            -499.57405             666.69693 
           -507.81887               8.16907            -499.64980             631.98350 
           -507.79534               8.03157            -499.76377             621.34629 
           -507.55823               7.76421            -499.79402             600.66263 
           -507.33418               7.43863            -499.89555             575.47445 
           -506.81487               6.71327            -500.10159             519.35879 
           -506.63867               6.27448            -500.36419             485.41286 
           -506.48164               6.00434            -500.47730             464.51399 
           -506.74872               6.29413            -500.45458             486.93288 
           -506.08558               5.87613            -500.20945             454.59518 
           -505.13426               5.41311            -499.72115             418.77467 
           -503.73037               4.25636            -499.47401             329.28458 
           -503.88227               4.49351            -499.38876             347.63135 
           -504.05909               4.95358            -499.10550             383.22396 
           -504.48487               5.68291            -498.80196             439.64693 
           -504.23244               5.71006            -498.52238             441.74709 
           -504.57848               6.25546            -498.32303             483.94087 
           -505.04383               6.82159            -498.22223             527.73886 
           -505.04494               6.88554            -498.15941             532.68575 
           -504.29574               6.00841            -498.28733             464.82853 
           -505.06095               6.57370            -498.48725             508.56122 
           -504.20839               5.62496            -498.58343             435.16348 
           -505.06615               6.43369            -498.63246             497.72936 
           -506.04521               7.20822            -498.83699             557.64927 
           -505.98817               6.84999            -499.13818             529.93567 
           -506.77343               7.44423            -499.32920             575.90812 
           -506.46270               7.12189            -499.34081             550.97049 
           -506.44277               7.18044            -499.26234             555.50001 
           -507.44129               8.41157            -499.02971             650.74440 
           -507.60499               8.83268            -498.77232             683.32215 
           -507.30924               8.80182            -498.50742             680.93492 
           -506.90247               8.52242            -498.38005             659.32004 
           -506.64552               8.32100            -498.32452             643.73735 
           -505.97150               7.72612            -498.24538             597.71558 
           -506.45426               8.22505            -498.22920             636.31472 
           -505.49093               7.31305            -498.17788             565.75957 
           -506.52779               8.31228            -498.21552             643.06250 
           -506.33035               8.11140            -498.21894             627.52237 
           -506.02453               7.85353            -498.17101             607.57224 
           -506.00594               7.79344            -498.21250             602.92363 
           -505.05819               6.68439            -498.37380             517.12447 
           -504.92188               6.34228            -498.57960             490.65779 
           -504.77818               5.95185            -498.82633             460.45283 
           -504.67133               5.62094            -499.05039             434.85305 
           -504.96333               5.73083            -499.23250             443.35417 
           -504.72027               5.52262            -499.19765             427.24612 
           -504.65586               5.63571            -499.02016             435.99525 
           -504.09824               5.18235            -498.91589             400.92231 
           -503.68246               4.96167            -498.72079             383.84938 
           -503.39727               4.83063            -498.56664             373.71233 
           -503.99487               5.39784            -498.59703             417.59309 
           -503.14474               4.51765            -498.62709             349.49901 
           -502.91550               4.30812            -498.60738             333.28882 
           -503.20905               4.65945            -498.54960             360.46908 
           -503.12718               4.71648            -498.41070             364.88079 
           -502.82993               4.50269            -498.32724             348.34157 
           -503.85911               5.71160            -498.14750             441.86675 
           -503.58074               5.67453            -497.90621             438.99826 
           -504.56069               6.60966            -497.95103             511.34304 
           -503.76635               5.63202            -498.13433             435.70996 
           -503.06169               4.79697            -498.26471             371.10818 
           -503.25475               4.73863            -498.51611             366.59484 
           -503.20065               4.42953            -498.77112             342.68191 
           -504.32816               5.37847            -498.94969             416.09448 
           -504.51390               5.57449            -498.93941             431.25916 
           -504.74987               5.85000            -498.89987             452.57343 
           -504.46868               5.52210            -498.94658             427.20600 
           -504.48307               5.58416            -498.89891             432.00719 
           -504.84931               6.01915            -498.83017             465.65921 
           -504.12241               5.24573            -498.87668             405.82512 
           -504.72605               5.82402            -498.90203             450.56370 
           -505.36173               6.55997            -498.80176             507.49880 
           -506.01616               7.37181            -498.64435             570.30520 
           -505.37549               6.88522            -498.49027             532.66146 
           -506.41620               8.08279            -498.33341             625.30856 
           -506.93338               8.83775            -498.09562             683.71508 
           -507.02392               9.03657            -497.98735             699.09624 
           -507.76485               9.65503            -498.10981             746.94215 
           -507.48378               9.36808            -498.11569             724.74288 
           -507.64779               9.46693            -498.18086             732.38964 
           -507.94151               9.50458            -498.43693             735.30251 
           -507.62420               9.04216            -498.58204             699.52872 
           -507.77309               9.08777            -498.68532             703.05690 
           -508.41882               9.60303            -498.81580             742.91884 
           -509.08460              10.10573            -498.97887             781.80941 
           -509.15621               9.94707            -499.20914             769.53473 
           -509.32929               9.99303            -499.33626             773.09049 
           -509.25480               9.75260            -499.50220             754.49032 
           -508.62746               9.05424            -499.57322             700.46305 
           -509.09037               9.48253            -499.60784             733.59651 
           -508.42748               8.79379            -499.63368             680.31420 
           -507.76496               8.08459            -499.68037             625.44811 
           -507.54816               7.86816            -499.68000             608.70407 
           -507.55961               7.82385            -499.73576             605.27675 
           -507.40318               7.62679            -499.77640             590.03086 
           -507.21656               7.32641            -499.89015             566.79288 
           -507.78998               7.53304            -500.25694             582.77848 
           -506.50539               5.86273            -500.64266             453.55813 
           -506.68823               5.55093            -501.13730             429.43673 
           -507.29765               5.72888            -501.56876             443.20343 
           -507.23239               5.39101            -501.84138             417.06480 
           -507.44882               5.39878            -502.05004             417.66602 
           -507.87777               5.64448            -502.23329             436.67404 
           -507.61100               5.20375            -502.40724             402.57793 
           -508.28386               5.75164            -502.53222             444.96367 
           -508.16798               5.46608            -502.70189             422.87262 
           -508.57070               5.54601            -503.02469             429.05583 
           -509.23705               5.95624            -503.28081             460.79260 
           -509.36342               5.88249            -503.48093             455.08687 
           -509.87595               6.13111            -503.74484             474.32084 
           -510.04666               6.17951            -503.86715             478.06526 
           -509.22732               5.37184            -503.85549             415.58121 
           -509.92879               6.10108            -503.82772             471.99748 
           -511.01231               7.18184            -503.83047             555.60875 
           -510.91411               6.93681            -503.97730             536.65245 
           -511.52584               7.48543            -504.04041             579.09549 
           -511.08991               6.99916            -504.09075             541.47607 
           -510.95243               6.86154            -504.09089             530.82907 
           -510.71478               6.66438            -504.05040             515.57613 
           -510.73904               6.64464            -504.09440             514.04904 
           -510.12332               6.01885            -504.10448             465.63598 
           -511.02323               6.85115            -504.17208             530.02515 
           -510.68319               6.36143            -504.32176             492.13942 
           -510.86495               6.46884            -504.39611             500.44878 
           -510.84169               6.33024            -504.51145             489.72654 
           -510.91541               6.27824            -504.63717             485.70373 
           -510.95822               6.28259            -504.67563             486.04029 
           -510.43988               5.71694            -504.72293             442.27964 
           -510.29411               5.57941            -504.71469             431.63996 
           -510.23148               5.57120            -504.66028             431.00457 
           -509.87877               5.26646            -504.61231             407.42888 
           -509.78479               5.29414            -504.49065             409.57032 
           -509.61066               5.20080            -504.40986             402.34941 
           -509.34224               4.92652            -504.41572             381.13031 
           -509.15373               4.82935            -504.32438             373.61321 
           -509.28574               4.96208            -504.32366             383.88122 
           -509.60227               5.28781            -504.31446             409.08078 
           -509.81999               5.51605            -504.30395             426.73775 
           -509.76340               5.40991            -504.35349             418.52691 
           -509.73984               5.47158            -504.26826             423.29774 
           -510.39008               6.15922            -504.23085             476.49594 
           -509.99501               5.71025            -504.28475             441.76233 
           -509.58474               5.42309            -504.16166             419.54627 
           -509.90262               5.69655            -504.20608             440.70175 
           -509.69823               5.36987            -504.32836             415.42938 
           -510.80593               6.35623            -504.44970             491.73663 
           -510.66406               6.18838            -504.47568             478.75116 
           -509.98422               5.56771            -504.41651             430.73457 
           -510.03782               5.60458            -504.43324             433.58703 
           -510.15863               5.69522            -504.46341             440.59911 
           -510.63941               6.29112            -504.34829             486.69993 
           -511.22397               6.92538            -504.29858             535.76823 
           -511.01103               6.71944            -504.29159             519.83606 
           -510.89036               6.67398            -504.21638             516.31904 
           -510.44282               6.39709            -504.04574             494.89776 
           -510.04673               6.30476            -503.74197             487.75502 
           -510.91513               7.42025            -503.49488             574.05276 
           -511.11680               7.87249            -503.24431             609.03933 
           -510.30101               7.19702            -503.10399             556.78277 
           -509.30778               6.12689            -503.18089             473.99470 
           -508.92338               5.62814            -503.29525             435.40932 
           -509.47767               6.11700            -503.36066             473.22944 
           -509.98126               6.58449            -503.39677             509.39614 
           -508.75806               5.54015            -503.21791             428.60237 
           -508.46261               5.57828            -502.88433             431.55275 
           -507.83086               5.21348            -502.61738             403.33004 
           -508.33909               6.14261            -502.19648             475.21072 
           -506.82454               5.09140            -501.73314             393.88593 
           -506.80636               5.22471            -501.58165             404.19892 
           -507.17099               5.88045            -501.29054             454.92901 
           -507.73527               6.65859            -501.07669             515.12814 
           -507.32008               6.47808            -500.84200             501.16381 
           -506.92510               6.32977            -500.59533             489.68970 
           -506.94882               6.59647            -500.35235             510.32222 
           -506.95795               6.84225            -500.11570             529.33669 
           -506.45969               6.51463            -499.94506             503.99140 
           -506.85919               7.02719            -499.83199             543.64470 
           -506.86627               7.00710            -499.85917             542.08989 
           -508.36442               8.32084            -500.04358             643.72484 
           -508.06807               8.09662            -499.97145             626.37883 
           -508.69100               8.92514            -499.76586             690.47548 
           -507.91570               8.43212            -499.48358             652.33414 
           -507.98712               8.92715            -499.05996             690.63118 
           -508.54606               9.92482            -498.62124             767.81353 
           -507.77187               9.31686            -498.45501             720.78017 
           -508.20096               9.67210            -498.52886             748.26268 
           -508.15273               9.72203            -498.43070             752.12494 
           -507.35170               9.00358            -498.34812             696.54380 
           -508.07716               9.64109            -498.43607             745.86339 
           -507.04865               8.61111            -498.43754             666.18082 
           -507.51652               9.19720            -498.31932             711.52259 
           -506.79988               8.56804            -498.23184             662.84899 
           -506.73094               8.36078            -498.37016             646.81482 
           -506.93857               8.38462            -498.55395             648.65902 
           -507.13470               8.54196            -498.59274             660.83131 
           -506.26425               7.61304            -498.65121             588.96761 
           -506.33723               7.54721            -498.79003             583.87457 
           -505.38832               6.52681            -498.86151             504.93345 
           -505.92448               7.17490            -498.74959             555.07142 
           -504.40626               5.79494            -498.61132             448.31371 
           -505.20031               6.57258            -498.62773             508.47453 
           -503.83759               5.30063            -498.53696             410.07268 
           -504.37765               5.91625            -498.46139             457.69908 
           -503.80160               5.28779            -498.51381             409.07907 
           -504.15484               5.59719            -498.55764             433.01535 
           -504.39399               5.99212            -498.40188             463.56823 
           -504.19328               5.93058            -498.26270             458.80727 
           -503.60546               5.48100            -498.12446             424.02673 
           -503.82371               5.78099            -498.04272             447.23452 
           -503.22457               5.26415            -497.96041             407.25066 
           -503.54449               5.52576            -498.01872             427.48940 
           -503.66316               5.45667            -498.20650             422.14397 
           -503.50130               5.07268            -498.42862             392.43767 
           -503.58236               5.05664            -498.52572             391.19652 
           -503.44292               4.87951            -498.56341             377.49321 
           -503.93659               5.29770            -498.63889             409.84617 
           -504.44904               5.81101            -498.63803             449.55705 
           -504.31864               5.57905            -498.73960             431.61159 
           -503.54378               4.72626            -498.81752             365.63782 
           -503.87220               5.04106            -498.83114             389.99144 
           -504.37743               5.53863            -498.83880             428.48460 
           -504.24092               5.51197            -498.72895             426.42230 
           -504.16783               5.58548            -498.58235             432.10940 
           -503.62275               5.20196            -498.42078             402.43952 
           -504.70945               6.44446            -498.26499             498.56288 
           -505.31941               7.15730            -498.16211             553.71008 
           -505.77314               7.53037            -498.24277             582.57215 
           -505.35134               7.10355            -498.24779             549.55163 
           -505.16989               6.94697            -498.22292             537.43807 
           -505.45088               7.28140            -498.16948             563.31116 
           -505.16671               7.00948            -498.15722             542.27440 
           -506.93156               8.68022            -498.25133             671.52795 
           -506.10440               7.86492            -498.23948             608.45361 
           -507.57631               9.21191            -498.36440             712.66080 
           -506.33911               7.78068            -498.55843             601.93665 
           -506.62526               7.84050            -498.78476             606.56428 
           -505.53174               6.78444            -498.74729             524.86483 
           -506.06314               7.27196            -498.79118             562.58054 
           -506.53164               7.68652            -498.84511             594.65244 
           -506.82261               8.02279            -498.79982             620.66703 
           -507.02969               8.35691            -498.67279             646.51519 
           -505.91229               7.18381            -498.72848             555.76126 
           -506.74617               7.96028            -498.78589             615.83115 
           -506.35825               7.71947            -498.63877             597.20152 
           -504.80888               6.37037            -498.43851             492.83120 
           -505.75127               7.39270            -498.35857             571.92158 
           -504.87013               6.54299            -498.32714             506.18542 
           -505.38777               7.01691            -498.37086             542.84916 
           -505.04817               6.62198            -498.42619             512.29603 
           -504.50497               5.87618            -498.62879             454.59850 
           -504.75353               5.99144            -498.76209             463.51560 
           -504.17323               5.40849            -498.76474             418.41701 
           -504.88866               6.08612            -498.80253             470.84059 
           -504.68404               5.74917            -498.93487             444.77320 
           -504.85391               5.73466            -499.11926             443.65004 
           -505.50188               6.19216            -499.30972             479.04400 
           -505.97672               6.61598            -499.36074             511.83193 
           -506.39790               7.00296            -499.39494             541.77002 
           -505.32598               5.90731            -499.41867             457.00687 
           -506.72822               7.02385            -499.70437             543.38589 
           -507.10872               7.29573            -499.81299             564.41957 
           -507.59734               7.80428            -499.79306             603.76217 
           -507.61978               7.85536            -499.76442             607.71387 
           -505.97824               6.28045            -499.69779             485.87451 
           -507.16424               7.59865            -499.56559             587.85408 
           -506.66046               7.26116            -499.39930             561.74471 
           -507.85054               8.41306            -499.43748             650.85927 
           -507.89851               8.32477            -499.57375             644.02879 
           -507.97268               8.30173            -499.67096             642.24638 
           -507.37370               7.55759            -499.81611             584.67757 
           -506.81798               6.89458            -499.92340             533.38550 
           -506.85991               6.86591            -499.99400             531.16723 
           -506.33927               6.24993            -500.08934             483.51317 
           -507.33412               7.22750            -500.10662             559.14081 
           -506.60985               6.56068            -500.04917             507.55411 
           -505.52345               5.42291            -500.10054             419.53285 
           -505.82703               5.63831            -500.18871             436.19669 
           -504.94529               4.81920            -500.12610             372.82731 
           -505.77529               5.70371            -500.07158             441.25584 
           -505.09738               5.14558            -499.95180             398.07738 
           -506.02257               6.09547            -499.92711             471.56343 
           -505.83467               5.96289            -499.87178             461.30662 
           -506.80831               7.04052            -499.76779             544.67548 
           -504.76999               5.12967            -499.64032             396.84628 
           -505.68473               5.91909            -499.76563             457.91861 
           -505.16286               5.38124            -499.78162             416.30860 
           -505.61804               5.96046            -499.65757             461.11929 
           -505.69471               5.99566            -499.69905             463.84210 
           -505.54902               5.61501            -499.93401             434.39414 
           -505.64249               5.58206            -500.06042             431.84492 
           -506.03498               6.05084            -499.98413             468.11139 
           -505.67581               5.58981            -500.08601             432.44415 
           -505.20380               4.98141            -500.22239             385.37636 
           -505.66308               5.53463            -500.12845             428.17528 
           -506.34336               6.36242            -499.98093             492.21610 
           -505.56236               5.54204            -500.02032             428.74873 
           -506.96840               6.77089            -500.19751             523.81663 
           -506.66892               6.50282            -500.16610             503.07758 
           -506.97501               6.86796            -500.10705             531.32611 
           -507.14025               6.98666            -500.15358             540.50912 
           -507.68078               7.42782            -500.25296             574.63867 
           -507.23449               7.13924            -500.09525             552.31280 
           -508.20734               8.26632            -499.94102             639.50728 
           -507.93200               8.00088            -499.93111             618.97217 
           -508.65769               8.69638            -499.96131             672.77800 
           -508.77594               8.81912            -499.95682             682.27342 
           -509.09896               9.13369            -499.96528             706.60914 
           -510.18468              10.15279            -500.03189             785.44996 
           -508.76031               8.75024            -500.01007             676.94469 
           -510.01075              10.05244            -499.95831             777.68660 
           -509.47356               9.52664            -499.94691             737.00945 
           -510.14626              10.07109            -500.07518             779.12934 
           -510.23320              10.04997            -500.18323             777.49558 
           -510.40971              10.04146            -500.36825             776.83713 
           -510.15093               9.35774            -500.79319             723.94292 
           -510.70745               9.59966            -501.10779             742.65841 
           -510.93643               9.55154            -501.38489             738.93557 
           -510.46217               8.91788            -501.54429             689.91403 
           -509.97353               8.38554            -501.58799             648.73066 
           -510.73074               9.21766            -501.51308             713.10595 
           -509.77336               8.47024            -501.30312             655.28279 
           -509.78360               8.61723            -501.16637             666.65469 
           -509.65213               8.50629            -501.14585             658.07170 
           -508.71995               7.61515            -501.10480             589.13084 
           -508.48245               7.19681            -501.28564             556.76698 
           -509.17546               7.57413            -501.60133             585.95692 
           -508.50790               6.68390            -501.82400             517.08673 
           -507.78018               5.88831            -501.89187             455.53701 
           -507.89140               5.84813            -502.04328             452.42866 
           -507.23354               4.95087            -502.28267             383.01397 
           -508.87493               6.44041            -502.43452             498.24902 
           -508.14425               5.72266            -502.42160             442.72192 
           -508.30848               5.88190            -502.42658             455.04166 
           -508.46072               6.08446            -502.37627             470.71166 
           -508.30006               5.94767            -502.35238             460.12969 
           -508.99558               6.66635            -502.32923             515.72878 
           -508.41625               6.23346            -502.18280             482.23893 
           -509.31674               7.27850            -502.03824             563.08655 
           -509.89546               8.01817            -501.87729             620.30985 
           -510.06917               8.36539            -501.70378             647.17165 
           -510.20266               8.77088            -501.43178             678.54150 
           -510.42031               9.10278            -501.31752             704.21855 
           -509.95098               8.48704            -501.46394             656.58256 
           -510.69458               9.04456            -501.65003             699.71388 
           -511.46067               9.72439            -501.73628             752.30811 
           -511.16318               9.35818            -501.80500             723.97670 
           -510.73590               8.73730            -501.99860             675.94369 
           -511.16307               9.18107            -501.98200             710.27491 
           -510.87022               9.07723            -501.79300             702.24133 
           -510.62768               8.85015            -501.77753             684.67382 
           -510.30937               8.51182            -501.79755             658.50011 
           -509.91677               8.25796            -501.65882             638.86009 
           -510.54013               9.06127            -501.47885             701.00699 
           -509.56095               8.24109            -501.31986             637.55549 
           -509.31254               8.08929            -501.22325             625.81142 
           -508.72642               7.65689            -501.06953             592.36008 
           -508.27897               7.29941            -500.97956             564.70412 
           -508.21690               7.22129            -500.99560             558.66092 
           -508.07846               7.08523            -500.99323             548.13432 
           -508.33539               7.38238            -500.95301             571.12295 
           -508.21193               7.28696            -500.92497             563.74124 
           -507.73888               6.84601            -500.89287             529.62809 
           -507.47735               6.58101            -500.89634             509.12671 
           -506.87040               6.00555            -500.86485             464.60743 
           -506.68847               5.72565            -500.96282             442.95321 
           -506.15979               5.04509            -501.11470             390.30352 
           -506.05079               4.76017            -501.29063             368.26059 
           -506.80970               5.23530            -501.57440             405.01837 
           -506.39902               4.73670            -501.66232             366.44492 
           -506.86396               5.23518            -501.62878             405.00912 
           -506.37233               4.84037            -501.53196             374.46564 
           -506.39950               4.98421            -501.41529             385.59354 
           -506.04813               4.80096            -501.24716             371.41692 
           -506.01672               4.89951            -501.11721             379.04096 
           -506.83801               5.75642            -501.08159             445.33359 
           -506.05408               4.93867            -501.11540             382.07051 
           -506.20996               5.10752            -501.10243             395.13324 
           -506.20077               5.26410            -500.93668             407.24615 
           -506.88187               6.04312            -500.83875             467.51371 
           -507.12890               6.36462            -500.76428             492.38626 
           -507.23160               6.63678            -500.59482             513.44146 
           -507.92811               7.37218            -500.55594             570.33370 
           -507.18038               6.51142            -500.66896             503.74299 
           -506.98207               6.15637            -500.82570             476.27531 
           -507.24719               6.31420            -500.93298             488.48572 
           -507.33638               6.33292            -501.00346             489.93351 
           -507.62757               6.44981            -501.17777             498.97621 
           -508.22505               6.92695            -501.29810             535.88929 
           -507.42573               6.24787            -501.17786             483.35365 
           -508.44861               7.28495            -501.16366             563.58558 
           -508.07316               6.89562            -501.17754             533.46580 
           -508.35363               7.26224            -501.09139             561.82849 
           -508.23863               7.33675            -500.90188             567.59304 
           -507.34670               6.55472            -500.79198             507.09263 
           -507.11872               6.38946            -500.72925             494.30797 
           -506.65242               6.19331            -500.45911             479.13281 
           -505.92305               5.69971            -500.22334             440.94628 
           -506.72095               6.69432            -500.02663             517.89278 
           -506.33214               6.57152            -499.76062             508.39246 
           -505.68956               6.34733            -499.34223             491.04830 
           -505.50753               6.32580            -499.18172             489.38302 
           -506.81265               7.60540            -499.20725             588.37630 
           -506.05335               7.00403            -499.04932             541.85258 
           -505.29192               6.31685            -498.97507             488.69011 
           -504.62700               5.46376            -499.16324             422.69246 
           -504.72066               5.36777            -499.35289             415.26663 
           -505.20697               5.79759            -499.40939             448.51850 
           -505.06539               5.58552            -499.47988             432.11214 
           -504.60514               5.12068            -499.48445             396.15136 
           -505.76253               6.32734            -499.43519             489.50187 
           -505.99835               6.58115            -499.41720             509.13772 
           -506.02329               6.71375            -499.30954             519.39559 
           -505.47189               6.38421            -499.08767             493.90192 
           -505.81450               6.85808            -498.95642             530.56181 
           -505.14263               6.35679            -498.78584             491.78009 
           -506.55034               7.93518            -498.61516             613.88944 
           -507.03658               8.68675            -498.34984             672.03254 
           -507.26157               9.06568            -498.19589             701.34783 
           -506.78631               8.80413            -497.98218             681.11388 
           -506.14471               8.34024            -497.80447             645.22564 
           -506.03500               8.16808            -497.86692             631.90717 
           -506.49269               8.40226            -498.09044             650.02355 
           -505.88499               7.47855            -498.40645             578.56274 
           -506.38353               7.81154            -498.57200             604.32383 
           -505.48510               6.82907            -498.65604             528.31705 
           -505.16441               6.40178            -498.76263             495.26059 
           -505.58392               6.82309            -498.76083             527.85476 
           -505.71982               7.00692            -498.71290             542.07639 
           -506.07414               7.31265            -498.76149             565.72879 
           -504.94230               6.13699            -498.80532             474.77558 
           -505.32010               6.44199            -498.87810             498.37189 
           -504.99586               6.02740            -498.96847             466.29732 
           -505.02346               5.96085            -499.06260             461.14951 
           -505.13578               6.18336            -498.95243             478.36283 
           -504.62079               6.04988            -498.57091             468.03654 
           -504.46499               6.14859            -498.31641             475.67294 
           -504.33671               6.23441            -498.10230             482.31261 
           -504.21252               6.31855            -497.89397             488.82217 
           -504.40484               6.42046            -497.98438             496.70627 
           -503.63712               5.44536            -498.19176             421.26919 
           -503.97338               5.70538            -498.26800             441.38545 
           -502.91670               4.67673            -498.23996             361.80612 
           -503.55750               5.26818            -498.28932             407.56198 
           -504.22274               5.84359            -498.37916             452.07730 
           -504.43479               6.06414            -498.37065             469.14008 
           -503.94294               5.53043            -498.41251             427.85087 
           -503.84947               5.09867            -498.75079             394.44859 
           -503.72585               4.70378            -499.02207             363.89854 
           -504.42018               5.41201            -499.00818             418.68887 
           -504.60704               5.65556            -498.95148             437.53112 
           -505.02555               6.06450            -498.96105             469.16744 
           -505.00320               6.13565            -498.86755             474.67198 
           -504.86977               6.22135            -498.64842             481.30217 
           -505.20759               6.62632            -498.58128             512.63177 
           -505.51764               6.80864            -498.70900             526.73647 
           -505.51736               6.85817            -498.65920             530.56818 
           -505.58476               7.17546            -498.40930             555.11535 
           -505.88515               7.59756            -498.28759             587.76960 
           -506.28875               8.11554            -498.17322             627.84205 
           -505.86900               7.91875            -497.95025             612.61785 
           -506.73157               8.81221            -497.91936             681.73881 
           -505.55204               7.48494            -498.06710             579.05714 
           -506.16108               7.82232            -498.33876             605.15815 
           -507.03619               8.43976            -498.59642             652.92535 
           -506.89863               8.20307            -498.69556             634.61398 
           -506.99534               8.17105            -498.82430             632.13661 
           -507.47693               8.48922            -498.98771             656.75140 
           -507.05431               8.03045            -499.02386             621.25987 
           -506.94347               7.81165            -499.13182             604.33241 
           -507.45330               8.20243            -499.25086             634.56459 
           -507.04123               7.62571            -499.41552             589.94748 
           -507.55320               8.03686            -499.51634             621.75533 
           -507.22939               7.83764            -499.39175             606.34340 
           -505.77802               6.53751            -499.24051             505.76135 
           -505.95743               6.85560            -499.10183             530.36950 
           -505.80067               6.65945            -499.14122             515.19493 
           -507.08795               7.77235            -499.31560             601.29194 
           -506.87319               7.53419            -499.33900             582.86760 
           -506.19850               6.63557            -499.56293             513.34728 
           -506.21883               6.51947            -499.69936             504.36585 
           -504.99377               5.26995            -499.72381             407.69941 
           -506.34030               6.34055            -499.99974             490.52422 
           -507.58758               7.26346            -500.32411             561.92329 
           -506.38845               5.69718            -500.69128             440.75051 
