           -539.54031               1.42520            -538.11511             110.25741 
           -540.00050               1.99496            -538.00554             154.33640 
           -539.66924               1.75460            -537.91464             135.74124 
           -539.93923               2.13208            -537.80714             164.94434 
           -540.24214               2.48371            -537.75843             192.14715 
           -539.72048               1.98411            -537.73636             153.49675 
           -539.25149               1.43789            -537.81360             111.23941 
           -539.28342               1.31796            -537.96546             101.96101 
           -539.65970               1.61976            -538.03994             125.30957 
           -539.66642               1.55422            -538.11220             120.23925 
           -540.01519               1.82507            -538.19012             141.19311 
           -540.32562               2.21010            -538.11553             170.97962 
           -539.93663               1.93465            -538.00198             149.67055 
           -539.38339               1.50846            -537.87494             116.69869 
           -539.36504               1.57604            -537.78900             121.92707 
           -539.88227               2.09539            -537.78689             162.10528 
           -539.65652               1.91785            -537.73867             148.37033 
           -539.75289               1.93867            -537.81422             149.98114 
           -540.08175               2.10188            -537.97987             162.60747 
           -540.15472               2.09764            -538.05708             162.27967 
           -539.70853               1.57960            -538.12893             122.20276 
           -539.43897               1.30806            -538.13090             101.19564 
           -539.53089               1.46037            -538.07053             112.97832 
           -539.47468               1.48532            -537.98936             114.90912 
           -539.58523               1.76478            -537.82045             136.52872 
           -539.88828               2.14411            -537.74418             165.87457 
           -540.09263               2.33836            -537.75427             180.90241 
           -539.77280               2.01807            -537.75473             156.12372 
           -539.50286               1.65045            -537.85241             127.68380 
           -539.44889               1.46177            -537.98712             113.08654 
           -539.63918               1.52723            -538.11195             118.15131 
           -539.70250               1.52427            -538.17823             117.92213 
           -540.05696               1.92606            -538.13090             149.00557 
           -540.31182               2.23592            -538.07590             172.97758 
           -540.05666               2.06888            -537.98778             160.05486 
           -539.71544               1.89361            -537.82183             146.49552 
           -539.88610               2.13527            -537.75083             165.19081 
           -539.57196               1.81370            -537.75826             140.31332 
           -539.42733               1.63748            -537.78985             126.68047 
           -539.36329               1.48862            -537.87467             115.16415 
           -539.82711               1.85307            -537.97403             143.35936 
           -539.77559               1.69283            -538.08275             130.96271 
           -539.79323               1.63837            -538.15486             126.74938 
           -539.85038               1.76210            -538.08828             136.32113 
           -539.76265               1.75179            -538.01085             135.52404 
           -539.25386               1.32394            -537.92992             102.42422 
           -539.15932               1.36145            -537.79786             105.32620 
           -539.84077               2.08697            -537.75380             161.45402 
           -539.67133               1.93837            -537.73297             149.95796 
           -539.70903               1.89506            -537.81397             146.60745 
           -539.93143               1.99003            -537.94140             153.95435 
           -539.99745               1.99013            -538.00732             153.96231 
           -539.57088               1.47289            -538.09799             113.94699 
           -539.51613               1.33573            -538.18040             103.33632 
           -539.75256               1.62919            -538.12337             126.03897 
           -539.57433               1.54184            -538.03250             119.28106 
           -539.64312               1.72814            -537.91498             133.69438 
           -539.97214               2.14115            -537.83099             165.64571 
           -540.86336               3.05362            -537.80974             236.23699 
           -540.81937               3.05365            -537.76572             236.23984 
           -540.76750               2.92807            -537.83943             226.52460 
           -540.87631               2.88848            -537.98784             223.46113 
           -540.76282               2.73383            -538.02899             211.49721 
           -540.85059               2.83008            -538.02051             218.94333 
           -540.90020               2.98515            -537.91505             230.94016 
           -540.64013               2.95331            -537.68682             228.47660 
           -540.77839               3.36782            -537.41057             260.54472 
           -541.26254               4.02159            -537.24095             311.12211 
           -541.67874               4.29427            -537.38447             332.21742 
           -541.22094               3.53387            -537.68707             273.39059 
           -540.95746               2.97339            -537.98407             230.03025 
           -541.65822               3.40052            -538.25770             263.07399 
           -542.51337               4.15069            -538.36268             321.10981 
           -542.38721               4.27253            -538.11467             330.53590 
           -542.27687               4.53327            -537.74359             350.70762 
           -542.07286               4.71032            -537.36253             364.40457 
           -542.68969               5.65214            -537.03754             437.26674 
           -542.32430               5.40386            -536.92044             418.05896 
           -541.71163               4.54262            -537.16902             351.43037 
           -540.77646               3.11703            -537.65943             241.14269 
           -541.59230               3.42132            -538.17098             264.68352 
           -542.49066               4.16848            -538.32218             322.48600 
           -542.74755               4.43169            -538.31586             342.84896 
           -542.07236               3.95208            -538.12028             305.74478 
           -542.19440               4.52464            -537.66976             350.04002 
           -543.08860               5.75119            -537.33741             444.92936 
           -542.46491               5.05218            -537.41272             390.85203 
           -541.27340               3.66190            -537.61150             283.29537 
           -540.68224               2.88414            -537.79810             223.12529 
           -541.04591               3.03959            -538.00632             235.15146 
           -541.59738               3.48585            -538.11153             269.67537 
           -540.67409               2.74155            -537.93254             212.09467 
           -539.97378               2.43661            -537.53717             188.50331 
           -540.16606               3.10665            -537.05940             240.34004 
           -540.84258               4.06309            -536.77950             314.33242 
           -540.77576               4.15130            -536.62446             321.15715 
           -539.63128               3.11877            -536.51251             241.27734 
           -539.55089               3.03701            -536.51387             234.95250 
           -540.36918               3.93598            -536.43321             304.49881 
           -541.07162               4.75340            -536.31822             367.73725 
           -540.06644               4.04688            -536.01956             313.07879 
           -539.17672               3.60102            -535.57569             278.58596 
           -539.72300               4.48492            -535.23808             346.96712 
           -541.24206               6.14322            -535.09884             475.25778 
           -541.00139               5.78831            -535.21307             447.80095 
           -539.50368               3.91725            -535.58643             303.05005 
           -540.98557               5.14784            -535.83774             398.25190 
           -540.76312               4.83680            -535.92632             374.18963 
           -539.46105               3.58941            -535.87164             277.68762 
           -540.72829               5.01913            -535.70916             388.29455 
           -541.47999               5.90483            -535.57516             456.81548 
           -540.98605               5.27396            -535.71208             408.00959 
           -540.82448               4.79585            -536.02863             371.02124 
           -541.59040               5.42808            -536.16233             419.93219 
           -541.69102               5.58984            -536.10118             432.44645 
           -541.31717               5.41174            -535.90543             418.66857 
           -540.64902               5.01905            -535.62998             388.28837 
           -540.77494               5.60884            -535.16610             433.91683 
           -540.81384               6.15067            -534.66317             475.83414 
           -541.52406               7.20519            -534.31888             557.41461 
           -541.68809               7.29374            -534.39435             564.26582 
           -541.58837               6.98817            -534.60021             540.62540 
           -541.55080               6.76565            -534.78515             523.41119 
           -542.07343               7.11907            -534.95436             550.75269 
           -541.28840               6.21022            -535.07818             480.44079 
           -540.49519               5.50834            -534.98685             426.14155 
           -540.11976               5.38599            -534.73377             416.67594 
           -540.49300               5.73649            -534.75651             443.79200 
           -540.55051               5.50744            -535.04307             426.07161 
           -540.45475               5.09833            -535.35642             394.42175 
           -540.15373               4.57192            -535.58181             353.69755 
           -540.86513               5.02295            -535.84218             388.59010 
           -540.97513               4.96125            -536.01388             383.81731 
           -541.59066               5.51383            -536.07684             426.56600 
           -540.95201               5.13747            -535.81454             397.44980 
           -540.89163               5.30651            -535.58512             410.52754 
           -540.84746               5.37728            -535.47018             416.00207 
           -539.90270               4.55206            -535.35064             352.16095 
           -539.87795               4.61317            -535.26478             356.88881 
           -540.67219               5.42501            -535.24717             419.69514 
           -541.14665               5.96669            -535.17996             461.60092 
           -540.99250               6.11171            -534.88079             472.82010 
           -541.16317               6.57228            -534.59089             508.45099 
           -540.52114               6.01976            -534.50139             465.70633 
           -540.56441               6.01103            -534.55337             465.03151 
           -540.60778               5.97303            -534.63476             462.09125 
           -540.13442               5.27672            -534.85769             408.22304 
           -539.97964               4.78953            -535.19011             370.53234 
           -539.98049               4.48850            -535.49198             347.24407 
           -540.18160               4.58299            -535.59861             354.55355 
           -540.42382               4.91209            -535.51173             380.01373 
           -541.02378               5.50721            -535.51657             426.05382 
           -541.27682               5.68353            -535.59329             439.69480 
           -540.90144               5.24789            -535.65355             405.99225 
           -540.78598               4.98906            -535.79691             385.96878 
           -540.11938               4.15684            -535.96254             321.58548 
           -540.47554               4.39315            -536.08239             339.86708 
           -540.24508               4.30037            -535.94471             332.68939 
           -539.98729               4.42672            -535.56057             342.46407 
           -539.99258               4.85002            -535.14256             375.21189 
           -540.24096               5.40374            -534.83722             418.04966 
           -540.92677               6.28686            -534.63991             486.37063 
           -540.95355               6.38993            -534.56362             494.34403 
           -540.52734               5.92262            -534.60471             458.19164 
           -540.89295               6.09937            -534.79358             471.86577 
           -539.70685               4.83253            -534.87433             373.85857 
           -540.29214               5.45561            -534.83653             422.06226 
           -539.91648               5.07074            -534.84574             392.28765 
           -540.16132               5.19009            -534.97123             401.52107 
           -540.91108               5.83427            -535.07681             451.35664 
           -540.69324               5.52898            -535.16426             427.73842 
           -540.26548               4.88910            -535.37638             378.23499 
           -540.33350               4.69162            -535.64188             362.95765 
           -539.91109               4.04992            -535.86117             313.31405 
           -540.77113               4.80165            -535.96948             371.46993 
           -541.11116               5.10269            -536.00847             394.75969 
           -541.01566               4.97611            -536.03954             384.96696 
           -540.80250               4.87840            -535.92409             377.40774 
           -540.45290               4.83920            -535.61370             374.37527 
           -539.93553               4.67006            -535.26547             361.28977 
           -539.95003               4.96907            -534.98095             384.42239 
           -540.42174               5.63935            -534.78240             436.27677 
           -540.23956               5.59554            -534.64402             432.88784 
           -540.10267               5.40712            -534.69555             418.31057 
           -540.10127               5.30497            -534.79630             410.40837 
           -540.31393               5.40370            -534.91023             418.04599 
           -540.52212               5.53441            -534.98770             428.15858 
           -540.54096               5.58672            -534.95424             432.20544 
           -540.53202               5.63412            -534.89790             435.87259 
           -540.76088               5.87252            -534.88835             454.31585 
           -540.33263               5.50368            -534.82895             425.78103 
           -540.45986               5.53519            -534.92467             428.21892 
           -540.04079               4.80994            -535.23085             372.11132 
           -540.08669               4.48862            -535.59808             347.25268 
           -539.87203               3.95203            -535.92000             305.74060 
           -540.96170               4.81809            -536.14361             372.74196 
           -541.09992               4.88238            -536.21754             377.71564 
           -540.88519               4.84353            -536.04166             374.70994 
           -540.74789               5.10311            -535.64478             394.79143 
           -540.83579               5.47168            -535.36411             423.30581 
           -539.97035               4.71338            -535.25697             364.64080 
           -539.50175               4.36817            -535.13358             337.93441 
           -539.65740               4.58638            -535.07103             354.81569 
           -540.14097               5.07051            -535.07046             392.26994 
           -539.90698               4.87608            -535.03090             377.22781 
           -540.33959               5.43981            -534.89979             420.83958 
           -540.65325               5.95521            -534.69804             460.71308 
           -540.56114               5.89823            -534.66291             456.30475 
           -540.50981               5.76353            -534.74628             445.88397 
           -540.67154               5.88820            -534.78334             455.52841 
           -540.65266               5.79558            -534.85707             448.36371 
           -540.28783               5.13638            -535.15145             397.36572 
           -539.70354               4.35325            -535.35029             336.78062 
           -540.27504               4.76463            -535.51041             368.60618 
           -540.11747               4.46368            -535.65379             345.32369 
           -541.14419               5.33157            -535.81262             412.46586 
           -541.37244               5.44428            -535.92816             421.18567 
           -541.38606               5.43870            -535.94735             420.75426 
           -540.59286               4.74079            -535.85207             366.76153 
           -540.37907               4.66301            -535.71606             360.74468 
           -540.11361               4.66284            -535.45077             360.73128 
           -539.55405               4.34701            -535.20705             336.29747 
           -539.80786               4.67630            -535.13156             361.77251 
           -540.24192               5.12870            -535.11321             396.77189 
           -539.98635               4.96417            -535.02218             384.04307 
           -539.93836               4.97776            -534.96060             385.09438 
           -540.52723               5.57495            -534.95228             431.29452 
           -540.75679               5.80013            -534.95666             448.71548 
           -540.09209               5.21110            -534.88099             403.14651 
           -540.51057               5.73708            -534.77350             443.83757 
           -541.21373               6.47989            -534.73384             501.30349 
           -540.74122               5.96750            -534.77371             461.66384 
           -540.10831               5.21026            -534.89804             403.08164 
           -540.77699               5.60404            -535.17294             433.54552 
           -539.84547               4.47883            -535.36663             346.49599 
           -540.00414               4.42659            -535.57756             342.45388 
           -540.96058               5.15800            -535.80258             399.03797 
           -540.83999               5.03575            -535.80424             389.58075 
           -540.29520               4.63697            -535.65823             358.72975 
           -540.03542               4.43589            -535.59953             343.17389 
           -540.66798               5.13363            -535.53435             397.15291 
           -540.34739               4.91098            -535.43642             379.92774 
           -540.26565               4.89519            -535.37047             378.70629 
           -540.18620               4.85390            -535.33230             375.51236 
           -540.66367               5.30982            -535.35385             410.78356 
           -539.89693               4.73419            -535.16275             366.25077 
           -540.95351               6.06354            -534.88997             469.09324 
           -541.07943               6.25012            -534.82931             483.52802 
           -540.06598               5.30837            -534.75761             410.67155 
           -540.01623               5.32342            -534.69281             411.83558 
           -540.79237               6.00284            -534.78953             464.39760 
           -540.40864               5.30751            -535.10113             410.60454 
           -540.51446               5.26424            -535.25022             407.25718 
           -540.72369               5.41583            -535.30786             418.98455 
           -540.72795               5.31077            -535.41718             410.85690 
           -539.55260               4.13456            -535.41803             319.86222 
           -540.24200               4.85314            -535.38886             375.45318 
           -540.73338               5.27997            -535.45341             408.47413 
           -540.35145               4.66022            -535.69122             360.52890 
           -540.49842               4.67733            -535.82109             361.85228 
           -540.69832               4.96242            -535.73590             383.90765 
           -540.68901               4.99183            -535.69718             386.18256 
           -540.10252               4.42445            -535.67807             342.28865 
           -540.40341               4.97514            -535.42827             384.89149 
           -540.66711               5.64559            -535.02152             436.75954 
           -539.79306               4.96561            -534.82745             384.15450 
           -540.65179               5.88428            -534.76751             455.22540 
           -540.54490               5.85238            -534.69251             452.75793 
           -540.60948               5.84831            -534.76117             452.44256 
           -540.87308               5.97942            -534.89366             462.58551 
           -540.92805               5.95614            -534.97191             460.78493 
           -540.23453               5.27782            -534.95671             408.30763 
           -540.47908               5.45589            -535.02319             422.08418 
           -539.91308               4.69537            -535.21771             363.24815 
           -540.40472               5.10920            -535.29552             395.26325 
           -539.97617               4.70143            -535.27474             363.71699 
           -539.66590               4.28292            -535.38298             331.33949 
           -541.09769               5.54118            -535.55651             428.68252 
           -540.59097               4.90548            -535.68549             379.50251 
           -540.82153               4.94994            -535.87159             382.94228 
           -540.76530               4.79789            -535.96741             371.17872 
           -541.10987               5.15412            -535.95576             398.73786 
           -540.48307               4.69192            -535.79115             362.98086 
           -540.17340               4.68550            -535.48790             362.48397 
           -539.95158               4.76221            -535.18937             368.41915 
           -540.64712               5.70038            -534.94674             440.99831 
           -540.63799               5.79185            -534.84615             448.07461 
           -540.97169               6.13468            -534.83702             474.59680 
           -540.40203               5.59997            -534.80206             433.23043 
           -540.76649               5.88610            -534.88039             455.36656 
           -540.55895               5.57813            -534.98082             431.54046 
           -540.40973               5.43951            -534.97022             420.81667 
           -539.79748               4.89199            -534.90550             378.45857 
           -540.20828               5.28946            -534.91882             409.20840 
           -540.02205               5.00369            -535.01836             387.10007 
           -540.55019               5.38938            -535.16081             416.93846 
           -540.14420               4.88464            -535.25956             377.89025 
           -541.07810               5.53710            -535.54100             428.36640 
           -540.40032               4.53931            -535.86102             351.17418 
           -541.21335               5.11452            -536.09883             395.67443 
           -540.78635               4.72298            -536.06337             365.38369 
           -540.89032               4.98442            -535.90590             385.60987 
           -540.62822               4.92824            -535.69998             381.26346 
           -539.98404               4.58772            -535.39632             354.91985 
           -540.03108               4.91266            -535.11842             380.05772 
           -540.17911               5.11723            -535.06189             395.88385 
           -540.53611               5.40685            -535.12926             418.29009 
           -540.49097               5.39707            -535.09390             417.53341 
           -539.97422               4.98142            -534.99280             385.37766 
           -540.20141               5.24314            -534.95827             405.62499 
           -540.35067               5.38789            -534.96278             416.82326 
           -540.53718               5.64391            -534.89327             436.62997 
           -540.39700               5.65287            -534.74412             437.32314 
           -540.66628               5.95968            -534.70660             461.05848 
           -540.24819               5.41457            -534.83362             418.88739 
           -540.01983               4.94811            -535.07171             382.80094 
           -540.28625               4.94354            -535.34270             382.44729 
           -540.12147               4.55516            -535.56631             352.40107 
           -540.31990               4.55618            -535.76372             352.47930 
           -540.88373               5.07997            -535.80376             393.00137 
           -540.39567               4.65005            -535.74561             359.74212 
           -540.77280               5.08210            -535.69070             393.16646 
           -540.79090               5.17909            -535.61182             400.66975 
           -540.40717               4.92221            -535.48496             380.79647 
           -540.63552               5.20189            -535.43363             402.43367 
           -539.97807               4.59582            -535.38225             355.54628 
           -540.44728               5.13812            -535.30916             397.50019 
           -540.11050               4.94109            -535.16941             382.25714 
           -540.17041               5.09027            -535.08015             393.79810 
           -540.71505               5.71018            -535.00486             441.75672 
           -540.90234               6.07357            -534.82877             469.86922 
           -540.60045               5.88223            -534.71822             455.06687 
           -540.90089               6.16225            -534.73864             476.73037 
           -540.12135               5.34961            -534.77174             413.86214 
           -540.31193               5.44930            -534.86263             421.57417 
           -540.10840               4.99731            -535.11109             386.60705 
           -540.41164               4.97843            -535.43321             385.14589 
           -540.54037               4.95762            -535.58274             383.53648 
           -540.60637               5.03004            -535.57633             389.13916 
           -540.27195               4.69689            -535.57506             363.36545 
           -540.71188               5.08174            -535.63014             393.13847 
           -540.64598               5.04032            -535.60566             389.93420 
           -540.64196               5.06814            -535.57382             392.08669 
           -540.13961               4.55235            -535.58726             352.18366 
           -540.34097               4.71672            -535.62425             364.89947 
           -540.21706               4.65225            -535.56481             359.91230 
           -540.44524               5.08751            -535.35773             393.58486 
           -540.07623               4.91375            -535.16248             380.14260 
           -540.15680               5.19930            -534.95750             402.23324 
           -540.79975               6.05506            -534.74469             468.43759 
           -541.01369               6.34990            -534.66379             491.24697 
           -540.89351               6.22940            -534.66410             481.92514 
           -540.76526               5.98313            -534.78213             462.87263 
           -540.35737               5.36075            -534.99662             414.72372 
           -540.28058               5.13809            -535.14250             397.49785 
           -540.08926               4.87845            -535.21081             377.41106 
           -539.95377               4.68077            -535.27300             362.11841 
           -540.25794               4.93145            -535.32648             381.51200 
           -540.39234               5.01984            -535.37250             388.34988 
           -540.44147               5.06097            -535.38050             391.53210 
           -540.43451               4.97307            -535.46144             384.73164 
           -540.70630               4.98485            -535.72145             385.64281 
           -540.96055               5.06524            -535.89531             391.86201 
           -540.72591               4.87825            -535.84765             377.39635 
           -540.21283               4.43783            -535.77500             343.32412 
           -540.25306               4.59734            -535.65572             355.66406 
           -540.44172               5.08024            -535.36148             393.02245 
           -540.70196               5.68017            -535.02179             439.43484 
           -540.64365               5.75053            -534.89311             444.87831 
           -540.85923               5.93388            -534.92535             459.06261 
           -540.38051               5.53363            -534.84688             428.09831 
           -541.24739               6.41838            -534.82901             496.54502 
           -540.30025               5.39869            -534.90156             417.65866 
           -540.26061               5.32415            -534.93646             411.89190 
           -540.19332               5.30241            -534.89091             410.21031 
           -539.88821               5.00550            -534.88271             387.24073 
           -540.19215               5.20203            -534.99013             402.44426 
           -540.51012               5.31096            -535.19916             410.87164 
           -540.36829               5.06186            -535.30642             391.60088 
           -540.79901               5.33032            -535.46869             412.36977 
           -540.38487               4.67368            -535.71120             361.56973 
           -541.04314               5.11389            -535.92925             395.62560 
           -540.39388               4.44755            -535.94633             344.07573 
           -540.91360               5.01689            -535.89672             388.12121 
           -540.44346               4.65831            -535.78515             360.38075 
           -540.52636               4.89699            -535.62937             378.84592 
           -540.42928               5.05982            -535.36946             391.44244 
           -540.67888               5.48739            -535.19149             424.52119 
           -540.31574               5.26037            -535.05536             406.95826 
           -540.58431               5.60379            -534.98051             433.52595 
           -540.23530               5.31901            -534.91629             411.49478 
           -540.47021               5.60872            -534.86149             433.90723 
           -540.42883               5.58525            -534.84358             432.09125 
           -540.99006               6.09806            -534.89200             471.76410 
           -540.47645               5.60432            -534.87214             433.56660 
           -540.71801               5.81314            -534.90486             449.72190 
           -540.55385               5.54939            -535.00446             429.31747 
           -540.45509               5.30638            -535.14871             410.51752 
           -540.56747               5.21790            -535.34956             403.67252 
           -540.77712               5.27512            -535.50200             408.09871 
           -540.67207               5.02293            -535.64913             388.58894 
           -540.84810               5.04128            -535.80682             390.00822 
           -540.73782               4.90888            -535.82894             379.76550 
           -540.48742               4.78938            -535.69804             370.52099 
           -540.53415               4.89902            -535.63513             379.00294 
           -540.70392               5.15639            -535.54753             398.91395 
           -540.23033               4.87091            -535.35942             376.82850 
           -540.16241               4.96618            -535.19623             384.19812 
           -540.01744               4.91102            -535.10641             379.93141 
           -540.02374               4.90867            -535.11507             379.74915 
           -540.19238               5.12541            -535.06697             396.51707 
           -540.50503               5.58084            -534.92419             431.75070 
           -540.52202               5.63256            -534.88946             435.75176 
           -540.67409               5.77463            -534.89946             446.74272 
           -541.09660               6.28391            -534.81269             486.14210 
           -540.64688               5.86394            -534.78294             453.65189 
           -540.71462               5.80489            -534.90973             449.08332 
           -540.35217               5.18323            -535.16894             400.99004 
           -540.16752               4.77812            -535.38941             369.64924 
           -540.15527               4.59438            -535.56089             355.43523 
           -540.63270               4.92122            -535.71148             380.72024 
           -540.47948               4.76868            -535.71080             368.91932 
           -540.82011               5.24257            -535.57754             405.58064 
           -540.39407               4.94876            -535.44531             382.85101 
           -540.78347               5.34647            -535.43700             413.61875 
           -540.23207               4.77769            -535.45438             369.61614 
           -540.53464               5.05910            -535.47554             391.38704 
           -540.45295               4.96584            -535.48711             384.17249 
           -540.65255               5.15355            -535.49900             398.69404 
           -540.29196               4.91993            -535.37203             380.62022 
           -540.49692               5.39022            -535.10670             417.00358 
           -540.03158               5.20163            -534.82995             402.41340 
           -541.35107               6.64355            -534.70752             513.96508 
           -540.53519               5.87161            -534.66358             454.24492 
           -540.44413               5.65392            -534.79021             437.40419 
           -540.30753               5.33130            -534.97623             412.44551 
           -540.06233               4.90038            -535.16195             379.10811 
           -540.66649               5.33911            -535.32738             413.04977 
           -540.04187               4.69776            -535.34411             363.43259 
           -540.33766               4.98783            -535.34983             385.87368 
           -540.77555               5.43698            -535.33858             420.62078 
           -540.68519               5.29672            -535.38847             409.77004 
           -540.93389               5.44411            -535.48978             421.17230 
           -540.52103               4.93070            -535.59034             381.45353 
           -540.65370               4.93318            -535.72053             381.64519 
           -540.85646               5.09381            -535.76265             394.07257 
           -540.19131               4.51368            -535.67763             349.19182 
           -540.12273               4.62622            -535.49651             357.89848 
           -540.14762               4.86509            -535.28254             376.37752 
           -540.73069               5.61784            -535.11285             434.61288 
           -540.34588               5.38382            -534.96206             416.50838 
           -540.79290               5.86744            -534.92546             453.92244 
           -540.86374               5.90817            -534.95557             457.07334 
           -540.34687               5.43880            -534.90807             420.76186 
           -540.53249               5.66365            -534.86884             438.15696 
           -540.33745               5.40827            -534.92917             418.40019 
           -540.23150               5.21844            -535.01306             403.71435 
           -540.14165               5.10503            -535.03663             394.94021 
           -540.29760               5.20068            -535.09693             402.33988 
           -540.42508               5.16510            -535.25998             399.58740 
           -540.48604               5.02593            -535.46012             388.82078 
           -541.08216               5.52158            -535.56058             427.16587 
           -540.75464               5.14128            -535.61336             397.74493 
           -541.00784               5.29717            -535.71066             409.80490 
           -539.97672               4.24764            -535.72908             328.61036 
           -540.60575               4.90997            -535.69579             379.84988 
           -540.40189               4.79190            -535.60999             370.71554 
           -540.49550               4.95615            -535.53934             383.42291 
           -540.46409               5.05574            -535.40836             391.12709 
           -540.07474               4.92680            -535.14793             381.15233 
           -540.47105               5.46040            -535.01065             422.43287 
           -540.52667               5.58337            -534.94331             431.94607 
           -540.48909               5.59494            -534.89415             432.84136 
           -540.33591               5.48212            -534.85379             424.11306 
           -540.16392               5.32437            -534.83955             411.90927 
           -540.73831               5.78433            -534.95398             447.49293 
           -540.65120               5.57458            -535.07662             431.26579 
           -540.83971               5.75103            -535.08868             444.91709 
           -540.50203               5.41173            -535.09030             418.66764 
           -540.27416               5.06259            -535.21157             391.65717 
           -540.21087               4.80652            -535.40434             371.84706 
           -540.26248               4.70742            -535.55507             364.17999 
           -540.88925               5.25892            -535.63033             406.84540 
           -540.59066               4.85865            -535.73201             375.87969 
           -540.67285               4.90080            -535.77205             379.14015 
           -540.30449               4.70670            -535.59780             364.12416 
           -540.63691               5.21880            -535.41812             403.74160 
           -540.16485               4.82254            -535.34231             373.08594 
           -540.76550               5.44720            -535.31830             421.41188 
           -540.00766               4.86338            -535.14429             376.24523 
           -540.38800               5.33844            -535.04957             412.99743 
           -539.64219               4.52258            -535.11961             349.88037 
           -541.03321               5.81986            -535.21334             450.24212 
           -540.52468               5.47058            -535.05410             423.22040 
           -541.18711               6.30931            -534.87780             488.10677 
           -540.35941               5.51726            -534.84214             426.83184 
           -540.50816               5.62770            -534.88046             435.37572 
           -540.21732               5.36690            -534.85042             415.19938 
           -540.81621               5.81622            -534.99999             449.96011 
           -540.86278               5.50710            -535.35568             426.04551 
           -540.55466               4.99161            -535.56306             386.16560 
           -540.51243               4.91792            -535.59451             380.46496 
           -540.56440               4.91081            -535.65359             379.91476 
           -540.29196               4.62877            -535.66319             358.09556 
           -540.90323               5.33813            -535.56510             412.97372 
           -540.34377               4.92629            -535.41747             381.11279 
           -540.36483               5.02167            -535.34316             388.49172 
           -540.44594               5.04368            -535.40226             390.19419 
           -540.10268               4.63949            -535.46318             358.92499 
           -540.92285               5.47443            -535.44841             423.51847 
           -540.78753               5.40402            -535.38351             418.07111 
           -540.21307               4.97466            -535.23841             384.85447 
           -540.25459               5.22443            -535.03016             404.17774 
           -540.34939               5.50238            -534.84701             425.68054 
           -541.19711               6.42273            -534.77439             496.88144 
           -541.16762               6.40062            -534.76700             495.17099 
           -540.68686               5.80560            -534.88126             449.13821 
           -540.06124               5.00128            -535.05995             386.91404 
           -540.63897               5.39003            -535.24893             416.98910 
           -540.40943               5.05944            -535.34998             391.41368 
           -540.17674               4.80632            -535.37041             371.83152 
           -540.64164               5.23779            -535.40385             405.21100 
           -539.93254               4.57406            -535.35848             353.86300 
           -540.84261               5.44025            -535.40236             420.87380 
           -540.18891               4.68239            -535.50652             362.24329 
           -540.92016               5.33914            -535.58102             413.05190 
           -540.34925               4.73773            -535.61152             366.52503 
           -540.51361               4.86620            -535.64741             376.46349 
           -540.60072               4.99751            -535.60321             386.62266 
           -540.37009               4.94265            -535.42744             382.37835 
           -540.27901               5.05900            -535.22001             391.37954 
           -540.68929               5.62457            -535.06472             435.13333 
           -540.69040               5.71059            -534.97981             441.78851 
           -540.85039               5.92050            -534.92988             458.02786 
           -540.75062               5.74361            -535.00701             444.34249 
           -540.99901               5.92825            -535.07076             458.62708 
           -540.42656               5.40898            -535.01758             418.45478 
           -540.42377               5.40911            -535.01466             418.46501 
           -540.19641               5.15636            -535.04005             398.91147 
           -540.37356               5.30219            -535.07136             410.19360 
           -540.29187               5.16132            -535.13055             399.29503 
           -540.58094               5.32640            -535.25454             412.06597 
           -540.58075               5.12585            -535.45490             396.55100 
           -540.75302               5.10878            -535.64423             395.23082 
           -541.00197               5.28138            -535.72059             408.58339 
           -540.52516               4.75195            -535.77321             367.62506 
           -540.44276               4.71227            -535.73049             364.55527 
           -540.16788               4.64183            -535.52604             359.10615 
           -540.76384               5.32407            -535.43977             411.88606 
           -540.26964               4.91169            -535.35794             379.98315 
           -540.68538               5.37376            -535.31161             415.73038 
           -540.54624               5.31514            -535.23110             411.19480 
           -540.08239               5.03220            -535.05018             389.30618 
           -540.48514               5.48918            -534.99596             424.65929 
           -540.36703               5.39254            -534.97449             417.18272 
           -540.43563               5.54704            -534.88859             429.13521 
           -540.19619               5.34146            -534.85473             413.23138 
           -540.43970               5.52672            -534.91298             427.56374 
           -540.36361               5.39688            -534.96672             417.51887 
           -540.74224               5.61577            -535.12647             434.45238 
           -540.49437               5.27710            -535.21727             408.25208 
           -540.06597               4.71832            -535.34764             365.02359 
           -541.08498               5.50652            -535.57846             426.00072 
           -540.45545               4.83117            -535.62427             373.75409 
           -540.54767               4.89969            -535.64799             379.05449 
           -540.34704               4.66796            -535.67908             361.12749 
           -540.55278               4.88254            -535.67023             377.72821 
           -540.54010               4.95699            -535.58311             383.48767 
           -540.90847               5.46123            -535.44724             422.49691 
           -540.36284               5.00022            -535.36262             386.83175 
           -540.83502               5.46537            -535.36965             422.81719 
           -539.91981               4.72137            -535.19844             365.25952 
           -540.59177               5.53379            -535.05798             428.11063 
           -540.31950               5.28455            -535.03495             408.82831 
           -540.26724               5.27053            -534.99670             407.74430 
           -540.93484               6.01739            -534.91745             465.52316 
           -540.39049               5.58697            -534.80352             432.22459 
           -540.42387               5.55703            -534.86684             429.90822 
           -540.61838               5.61757            -535.00081             434.59169 
           -540.28251               5.24138            -535.04112             405.48907 
           -540.23381               5.03881            -535.19500             389.81735 
           -540.56371               5.10050            -535.46322             394.58952 
           -540.25964               4.68527            -535.57438             362.46617 
           -540.44521               4.85146            -535.59375             375.32350 
           -540.96436               5.34373            -535.62063             413.40720 
           -540.22197               4.58649            -535.63548             354.82447 
           -540.36016               4.75590            -535.60426             367.93056 
           -540.60859               5.15296            -535.45563             398.64805 
           -540.30187               4.89590            -535.40597             378.76128 
           -540.60209               5.13799            -535.46410             397.49001 
           -540.10268               4.70450            -535.39818             363.95419 
           -540.62316               5.33314            -535.29002             412.58798 
           -540.10677               4.95752            -535.14925             383.52856 
           -540.60588               5.58484            -535.02104             432.05951 
           -540.70741               5.85908            -534.84832             453.27608 
           -540.59713               5.88028            -534.71685             454.91604 
           -540.60033               5.78626            -534.81406             447.64241 
           -540.32860               5.34867            -534.97992             413.78918 
           -540.39484               5.34888            -535.04595             413.80569 
           -540.12885               4.93149            -535.19737             381.51452 
