             -0.00008               0.00033              -1.09610 
             -0.00009               0.00122              -0.34789 
             -0.00071               0.00149              -0.12862 
             -0.00067               0.00106              -0.31974 
             -0.00022               0.00113              -0.57872 
             -0.00025               0.00010              -1.26271 
             -0.00018               0.00027              -1.09927 
              0.00107              -0.00165               0.73238 
              0.00122              -0.00186               0.40280 
              0.00093               0.00177               0.32628 
              0.00068               0.00002              -1.15175 
              0.00058              -0.00112              -0.79929 
             -0.00074               0.00159              -1.48862 
              0.13104              -0.17582               4.88896 
              0.15516              -0.14243               0.87543 
              0.11579              -0.16899               0.50842 
             -0.37296               0.49143              -0.36291 
             -0.87590               2.99011              -2.84922 
              0.64986               0.38450              -0.65421 
              0.06160              -0.25523              -1.07968 
              0.26751              -0.07844              -1.05451 
             -0.23180               0.17055              -1.01266 
              0.34301              -0.25553              -0.38597 
              0.01059               0.02248              -1.34368 
              0.02291              -0.10209              -1.32061 
              2.22355               0.51111               2.27238 
             -9.53325              -7.23092             447.37155 
             -0.00812              -0.11205              -1.17746 
              3.64574               0.25220               3.86383 
              0.27100              -1.77660               0.32295 
              0.55455               0.00699              -0.42820 
              0.51463              -3.53271               1.06320 
              0.25032               1.08943               0.50371 
              0.00431              -0.02347              -1.16143 
              3.68799               0.16807               2.05585 
              0.06612               0.03936              -1.04246 
             -0.15831               0.06872              -0.70598 
              0.48441               0.26214              -0.63425 
              1.41492              -0.03019              -0.07315 
              0.57518              -0.05873              -0.05525 
             -0.01810               0.26771              -0.80112 
              0.01478              -0.02362              -1.13955 
              0.42357              -0.03390              -0.61858 
              0.47266               0.01901              -0.70538 
              0.18389               1.17460              -0.33811 
              0.00882               0.02747              -1.12668 
              1.02008               0.06633              -0.42465 
              4.36047              -0.00904               0.53754 
              0.20522              -0.03081              -1.02553 
              0.29369              -0.29063               0.00260 
             -0.06467              -0.29373              -0.89892 
              1.75925               0.12445               0.06666 
              1.77563              -0.03981              -0.13529 
              1.54694               0.02936               1.36577 
              0.77283              -0.33525              -0.27250 
             -1.00691               0.03922               0.55448 
              0.40634               0.71221              -0.45486 
              1.37217               0.05578              -0.16964 
              0.85493              -0.06874              -0.31794 
             -0.01471               0.53529              -0.21738 
              0.82862               0.45042               0.14010 
              0.39047              -0.07696              -0.95212 
              1.05696               0.42973              -0.19331 
             -0.02137              -0.27157              -0.90800 
             -0.05126               0.03381              -1.02958 
              0.22688              -0.01115              -0.76870 
              0.05562               0.30914              -0.79382 
             -0.03148              -0.01958              -1.09591 
             -0.04116              -0.01360              -1.08516 
              1.27550              -0.15852              -0.77216 
             -2.26309              -1.21872              -0.46031 
             -0.43816               1.53699               4.90791 
             -0.01668              -0.05253              -1.13908 
              4.50041               1.57692               3.42504 
              0.09654              -0.02512              -1.02339 
              0.11080               0.36739              -0.94141 
             -0.12871              -1.68096              -1.01821 
              0.35501               1.12550              -0.31089 
              0.00877              -0.01875              -1.11046 
             -0.62310              -0.00581              -0.73638 
              0.61801               0.30269              -1.11700 
              0.56666               0.01680              -0.72252 
             -0.07620              -0.09284              -1.13127 
              1.55498              -0.35351               0.71340 
             -0.20408               0.25948              -1.33439 
              0.93646              -2.41831               1.25140 
              4.08635               0.17331               0.43583 
              0.00895              -0.04436              -1.03156 
              0.00061              -0.01095              -0.74407 
             -0.17912              -0.01784              -0.95296 
              0.25622               0.02596              -0.83731 
              0.06572               0.31380              -0.90076 
              0.08694              -0.01861              -0.11714 
             -0.01738              -0.07918              -0.98361 
             -0.00366              -0.13041              -0.97687 
              0.63892               0.08980              -0.60081 
             -0.19581               0.66538              -0.31089 
             -0.01242              -0.01047              -1.00819 
              0.20300              -0.10240              -1.06941 
              0.40332               0.02413              -0.64140 
              0.00006               2.24375              -0.06036 
             -4.16963               3.00050               2.21444 
             -0.14661               0.03420              -0.82404 
             -0.42460              -0.30127  2196361990913558442148214601678848.00000 
              0.26429              -0.49237              -0.96014 
             -0.67676               0.69864               0.26050 
              0.03721              -0.20325              -0.99190 
              3.08103              -0.05254               0.74022 
              0.02041              -0.21686              -0.93810 
             -0.00543              -0.04741              -1.07471 
             -0.23955              -0.12090              -0.47108 
             -0.54823               0.48831              -1.53685 
              0.79559              -0.11596              -0.22376 
             -0.24905               1.08142               0.04215 
              0.02636              -0.86437              -0.39348 
              0.03340               0.03224              -1.11696 
             -0.00633               0.00888              -1.03217 
             -0.00463              -0.01149              -1.01937 
             -0.02237               0.00550              -1.02237 
             -0.04303              -0.17844              -0.52464 
              0.91830              -0.02190              -0.48443 
             -0.02394               0.32262              -0.85483 
              0.74562               0.00041              -0.58623 
             -0.28226              -1.09699              -0.02734 
              2.09761               0.56518               0.55037 
             -0.02465              -1.29368               0.08697 
             -0.67567              -0.00943               0.57270 
             -0.02711              -0.03484              -1.21841 
             -0.04059               0.58907              -0.22302 
             -0.00187               0.02915              -1.13054 
              0.00581              -0.31566              -0.73809 
              0.04842              -0.00341              -1.03490 
              0.00021              -0.02363              -1.09782 
             -0.01405               0.66523              -0.60837 
              0.26208              -0.25178              -0.62964 
             -0.11658              -0.07973              -0.88742 
             -0.03280              -0.09871              -0.93688 
             -0.01702               0.02131              -1.03337 
             -0.27173               0.01306              -0.88382 
              0.00629               0.29932              -0.82708 
             -0.00170               0.17153              -0.73994 
              0.01313              -0.01949              -1.07936 
             -0.03011               0.01106              -1.10933 
             -0.03091              -0.01038              -1.09247 
              0.65074              -0.02937              -0.70552 
             -0.01255               0.57477              -0.75509 
              1.22573               0.00054               1.44639 
             -0.00162              -0.03887              -1.05638 
             -0.53448              -0.23696              -0.53176 
              0.01267              -0.02007              -1.06431 
              0.24104              -0.02276              -0.91208 
             -0.24133               0.38253              -0.66388 
              9.72364              -0.00267               0.39213 
              0.00467              -0.72853              -0.67376 
              0.83496               3.27210               0.73033 
              0.01781              -1.79358              -0.17056 
              0.04815              -0.40564              -0.52354 
             -0.73291               0.76177              -0.04918 
              0.04781              -0.04174              -1.03494 
             -0.08740              -0.00019              -0.94819 
              0.43268              -0.24326              -0.56008 
             -0.01086               0.02710              -0.95733 
              0.02459               0.08781              -0.99113 
              0.02433              -0.02655              -1.06126 
             -0.16262               0.00096              -0.94175 
             -0.00853              -0.00869              -1.02640 
             -0.01702               0.03444              -1.00248 
             -0.01551              10.49154              -2.01857 
             -0.01271               0.02326              -1.06280 
             -3.36641              -0.73651               1.30010 
             -0.02585              -0.46607              -0.71126 
              0.00000              -1.76686               8.76707 
              0.00000              -0.11827              -0.90862 
             -0.00000               0.00500              -1.08743 
              0.00000               0.00161              -1.09036 
              0.00000              -0.48633              -0.07534 
              0.00000              -0.00408              -1.14343 
              0.00000               0.00061              -1.16836 
             -0.00000               0.00201              -1.09569 
              0.00000               0.00358              -1.05899 
              0.00000              -0.08175              -0.88488 
              0.00000              -0.01538              -1.09266 
              0.00000              -0.22868              -0.39902 
              0.00000              -0.00220              -1.07086 
              0.00000              -0.19494              -0.39049 
              0.00000              -0.00060              -1.06371 
             -0.00000              -0.00197              -1.06243 
              0.00000               0.00099              -1.01552 
              0.00000               0.00140              -1.05223 
              0.00000              -0.18664              -0.06553 
              0.00000               0.00027              -1.05779 
              0.00000               0.00129              -1.04421 
              0.00000              -1.93609              12.29258 
             -0.00000               0.00007              -1.00136 
              0.00000              -0.73420               6.34236 
              0.00000               0.00000              -1.00000 
              0.00000               0.00000              -1.00000 
              0.00000              -0.00011              -1.00124 
              0.00000              -0.00014              -1.02143 
              0.00000               0.00000              -1.10700 
              0.00000              -0.18812               0.25821 
             -0.02537              -0.02763              -1.10717 
              0.00000               0.00048              -1.02995 
              0.00000               0.00025              -1.00239 
              0.00000               0.00000              -1.00000 
              0.00000               0.00000              -1.00000 
              0.00000              -0.00003              -1.00048 
              0.00000               0.00171              -1.05286 
              0.00000               0.00165              -1.05456 
              0.00000              -0.00009              -1.00227 
              0.00000               0.00105              -1.01191 
              0.00000               0.00185              -1.07381 
              0.00000              -0.92279               0.10304 
              0.00000              -0.00386              -1.15420 
              0.00000               0.00148              -1.01510 
              0.00000               0.00005              -1.00017 
              0.00000               0.00000              -1.00000 
              0.00000              -0.00067              -1.00391 
              0.00000              -0.00001              -1.00008 
              0.00000               0.00000              -1.00000 
              0.00000               0.00000              -1.00000 
              0.00000               0.00096              -1.00556 
              0.00000              -0.46492              -0.24020 
              0.00000               0.00176              -1.01296 
              0.00000               0.00192              -1.01715 
              0.00000               0.00076              -1.08530 
              0.00000              -2.97843               4.96935 
              0.00000               0.00247              -1.05599 
              0.00000               0.00117              -1.00902 
              0.00000               0.00010              -1.00059 
              0.00000               0.00000              -1.00000 
              0.00000               0.00000              -1.00000 
              0.00000               0.00000              -1.00000 
              0.00000               0.00000              -1.00000 
              0.00000               0.00000              -1.00000 
             -0.01757               0.02880              -0.90170 
              0.00000               0.00113              -1.01976 
              0.00000              -0.01082              -1.02829 
              0.00000              -0.02186              -0.97234 
              0.00000               0.00080              -1.02161 
              0.00000               0.00018              -1.00222 
              0.00000               0.00000              -1.00000 
              0.00000               0.00000              -1.00000 
              0.00000               0.00000              -1.00000 
              0.00000               0.00000              -1.00000 
              0.00000               0.00000              -1.00000 
              0.00000               0.00000              -1.00000 
              0.00000               0.00004              -1.00204 
              0.00000               0.00006              -1.01938 
             -0.00000               0.00000              -0.99447 
              0.00000               0.02085               0.00349 
              0.00000              -0.00014              -1.02192 
              0.00000              -0.00009              -1.00327 
             -0.00000               0.00087              -1.05021 
              0.00000               0.00000              -1.00000 
              0.00000               0.00000              -1.00000 
              0.00000              -0.00989              -1.12084 
              0.00000               0.00137              -1.03730 
              0.00000              -0.03520              -1.08838 
              0.00000              -0.21281              -0.81743 
             -0.00000               0.00199              -1.04926 
              0.00000               0.00064              -1.00333 
              0.00000               0.00000              -1.00000 
              0.00000               0.00000              -1.00000 
              0.00000               0.00000              -1.00000 
              0.00000               0.00000              -1.00000 
              0.00000               0.00000              -1.00000 
              0.00000               0.00000              -1.00000 
              0.00000               0.00000              -1.00000 
              0.00000               0.00000              -1.00000 
              0.00000               0.00152              -1.01108 
              0.00000              -0.00100              -1.07796 
              0.00000              -0.43640              -0.29205 
              0.00000               0.00258              -1.03941 
              0.00000               0.00048              -1.00208 
              0.00000               0.00000              -1.00000 
              0.00000               0.00000              -1.00000 
              0.00000               0.00000              -1.00000 
             -0.00000             -76.15537             127.83977 
              0.00000               0.00000              -1.00000 
              0.00000               0.00000              -1.00000 
              0.00000               0.00000              -1.00000 
              0.00000               0.00000              -1.00000 
              0.00000               0.00012              -1.00088 
              0.00000               0.00138              -1.02188 
              0.00000              -0.06450              -0.83666 
              0.00000              -0.00118              -1.05996 
              0.00000               0.00081              -1.00692 
              0.00000               0.00000              -1.00000 
              0.00000               0.00000              -1.00000 
              0.00000               0.00000              -1.00000 
              0.00000               0.00000              -1.00000 
              0.00000               0.00000              -1.00000 
              0.00000               0.00000              -1.00000 
              0.00000               0.00000              -1.00000 
              0.00000               0.00000              -1.00000 
              0.00000               0.00000              -1.00000 
              0.00000               0.00000              -1.00000 
              0.00000               0.00012              -1.01191 
              0.00000               0.00000              -0.99217 
              0.00000               0.00044              -1.04038 
              0.00000              -0.00021              -1.01025 
              0.00000               0.00000              -1.00000 
              0.00000               0.00000              -1.00000 
              0.00000               0.00000              -1.00000 
              0.00000               0.00000              -1.00000 
              0.00000               0.00000              -1.00000 
              0.00000               0.00000              -1.00000 
              0.00000               0.00000              -1.00000 
              0.00000               0.00000              -1.00000 
              0.00000               0.00000              -1.00000 
              0.00000              -0.00033              -1.00299 
              0.00000              -0.00162              -1.04160 
              0.00000               0.51757               0.85735 
              0.00000              -0.00187              -1.04598 
              0.00000              -0.00059              -1.00391 
              0.00000               0.00000              -1.00000 
              0.00000               0.00000              -1.00000 
              0.00000               0.00000              -1.00000 
              0.00000               0.00000              -1.00000 
              0.00000               0.00000              -1.00000 
              0.00000               0.00000              -1.00000 
              0.00000               0.00000              -1.00000 
              0.00000               0.00000              -1.00000 
              0.00000              -0.00042              -1.00184 
              0.00000              -0.00251              -1.03447 
              0.00000               0.23333              -0.66835 
              0.00000               0.00619              -1.08044 
              0.00000              -0.00183              -1.01596 
              0.00000              -0.00015              -1.00054 
              0.00000               0.00000              -1.00000 
              0.00000               0.00000              -1.00000 
              0.00000               0.00000              -1.00000 
              0.00000               0.00000              -1.00000 
              0.00000               0.00000              -1.00000 
              0.00000               0.00000              -1.00000 
              0.00000              -0.00000              -1.00001 
              0.00000              -0.00115              -1.01226 
              0.00000              -0.00086              -1.08772 
              0.00000               1.34703               0.57807 
              0.00000               0.00144              -1.10394 
              0.00000              -0.00106              -1.02221 
              0.00000              -0.00035              -1.00164 
              0.26531              -0.24617               1.10063 
              0.00000               0.00000              -1.00000 
              0.00000               0.00000              -1.00000 
              0.00000               0.00000              -1.00000 
              0.00000               0.00000              -1.00000 
              0.00000              -0.00008              -1.00538 
              0.00000               0.00000              -1.04049 
              0.00000              -0.00336              -1.11812 
             -0.00000              -0.21415              -0.23403 
              0.00000               0.00047              -1.08843 
              0.00000               0.00045              -1.01502 
              0.00000               0.00008              -1.00018 
              0.00000               0.00000              -1.00000 
              0.00000               0.00000              -1.00000 
              0.00000               0.00000              -1.00000 
              0.00000               0.00000              -1.00000 
              0.00000               0.00000              -1.00000 
              0.00000               0.00040              -1.00159 
              0.00000               0.00155              -1.02366 
              0.00000              -0.00684              -1.10210 
              0.00000              -0.65064              -0.21224 
              0.00000               0.00242              -1.05906 
              0.00000               0.00097              -1.00571 
              0.00000               0.00000              -1.00000 
              0.00000               0.00000              -1.00000 
              0.00000               0.00000              -1.00000 
              0.00000               0.00000              -1.00000 
              0.00000               0.00000              -1.00000 
              0.00000               0.00000              -1.00000 
              0.00000               0.00000              -1.00000 
              0.00000               0.00000              -1.00000 
              0.00000               0.00119              -1.00837 
             -0.00051               0.00094              -1.06592 
             -0.00000              -0.66928               0.37172 
              0.00000               0.00230              -1.04497 
              0.00000               0.00067              -1.00339 
              0.00000               0.00000              -1.00000 
              0.00000               0.00000              -1.00000 
              0.00000               0.00000              -1.00000 
              0.00000               0.00000              -1.00000 
              0.00000               0.00000              -1.00000 
              0.00000               0.00000              -1.00000 
              0.00000               0.00000              -1.00000 
              0.00000               0.00000              -1.00000 
              0.00000               0.00042              -1.00378 
             -0.00000               0.00138              -1.04246 
              0.00000              -0.34868               0.78217 
             -0.00000               0.00114              -1.04392 
              0.00000               0.00031              -1.00409 
              0.00000               0.00000              -1.00000 
              0.00000               0.00000              -1.00000 
              0.00000               0.00000              -1.00000 
              0.00000               0.00000              -1.00000 
              0.00000               0.00000              -1.00000 
              0.00000               0.00000              -1.00000 
              0.00000               0.00000              -1.00000 
              0.00000               0.00000              -1.00000 
              0.00000              -0.00003              -1.00324 
              0.00000              -0.00023              -1.03712 
             -0.00000               0.08824               0.52349 
              0.00000              -0.00050              -1.04785 
              0.00000              -0.00026              -1.00548 
              0.00000               0.00000              -1.00000 
              0.00000               0.00000              -1.00000 
              0.00000               0.00000              -1.00000 
              0.00000               0.00000              -1.00000 
              0.00000               0.00000              -1.00000 
              0.00000               0.00000              -1.00000 
              0.00000               0.00000              -1.00000 
              0.00000              -0.00001              -1.00013 
              0.00000              -0.00097              -1.00944 
              0.00000               0.00028              -1.06194 
              0.00000               0.15783              -0.55905 
              0.00000              -0.00183              -1.03072 
              0.00000              -0.00039              -1.00234 
              0.00000               0.00000              -1.00000 
              0.00000               0.00000              -1.00000 
              0.00000               0.00000              -1.00000 
              0.00000               0.00000              -1.00000 
              0.00000               0.00000              -1.00000 
              0.00000               0.00000              -1.00000 
              0.00000               0.00000              -1.00000 
              0.00000              -0.00017              -1.00073 
              0.00000              -0.00201              -1.01897 
              0.00000               0.01891              -1.06865 
              0.00000               0.10937              -0.92414 
              0.00000              -0.00249              -1.03531 
              0.00000              -0.00068              -1.00304 
              0.00000               0.00000              -1.00000 
              0.00000               0.00000              -1.00000 
              0.00000               0.00000              -1.00000 
              0.00000               0.00000              -1.00000 
              0.00000               0.00000              -1.00000 
              0.00000               0.00000              -1.00000 
             -0.00194              -0.00016              -0.99682 
              0.00000              -0.00125              -1.01748 
              0.00000               0.00105              -1.10036 
              0.00000               1.29608               0.54172 
              0.00000               0.00029              -1.10024 
              0.00000       -10743710.48798        22762388.84821 
              0.00000              -0.00114              -1.04474 
              0.00000               0.00018              -1.10382 
              0.00000               2.28945               2.37919 
              0.00000              -0.00043              -1.02400 
              0.00000               0.00000              -1.00000 
              0.00000               0.00000              -1.00000 
              0.00000               0.00000              -1.00000 
              0.00000               0.00000              -1.00000 
              0.00000               0.00000              -1.00000 
              0.00000               0.00000              -1.00000 
              0.00000               0.00000              -1.00000 
              0.00000               0.00000              -1.00000 
              0.00000               0.00000              -1.00000 
              0.00000               0.00000              -1.00000 
              0.00000               0.00000              -1.00000 
              0.00000               0.00000              -1.00000 
              0.00000               0.00000              -1.00000 
              0.00000               0.00000              -1.00000 
              0.00000               0.00000              -1.00000 
              0.00000               0.00000              -1.00000 
              0.00000               0.00000              -1.00000 
              0.00000               0.00000              -1.00000 
              0.00000               0.00000              -1.00000 
              0.00000               0.00000              -1.00000 
              0.00000               0.00000              -1.00000 
              0.00000               0.00000              -1.00000 
              0.00000               0.00000              -1.00000 
              0.00000               0.00167              -1.01280 
              0.00000              -4.16249               5.36879 
              0.00000               0.00000              -1.00000 
              0.00000               0.00000              -1.00000 
              0.00000               0.00000              -1.00000 
              0.00000               0.00000              -1.00000 
              0.00000               0.00000              -1.00000 
              0.00000               0.00000              -1.00000 
              0.00000               0.00000              -1.00000 
              0.00000               0.00000              -1.00000 
              0.00000               0.00000              -1.00000 
              0.00000               0.00000              -1.00000 
              0.00000               0.00000              -1.00000 
              0.00000               0.00000              -1.00000 
              0.00000               0.00000              -1.00000 
              0.00000               0.00000              -1.00000 
              0.00000               0.00000              -1.00000 
              0.00000               0.00000              -1.00000 
              0.00000        -2867620.01948         3914360.57495 
              0.00000               0.00000              -1.00000 
              0.00000               0.00000              -1.00000 
              0.00000               0.00000              -1.00000 
              0.00000               0.00000              -1.00000 
              0.00000               0.00000              -1.00000 
              0.00000               0.00000              -1.00000 
              0.00000               0.00000              -1.00000 
              0.00000               0.00000              -1.00000 
              0.00000               0.00000              -1.00000 
              0.00000               0.00000              -1.00000 
              0.00000               0.00000              -1.00000 
              0.00000               0.00000              -1.00000 
              0.00000               0.00000              -1.00000 
              0.00000               0.00000              -1.00000 
              0.00000               0.00000              -1.00000 
              0.00000               0.00000              -1.00000 
              0.00000               0.00000              -1.00000 
              0.00000               0.00000              -1.00000 
              0.00000               0.00000              -1.00000 
              0.00000               0.00000              -1.00000 
              0.00000               0.00000              -1.00000 
              0.00000               0.00000              -1.00000 
              0.00000               0.00000              -1.00000 
              0.00000               0.00000              -1.00000 
              0.00000               0.00000              -1.00000 
              0.00000               0.00000              -1.00000 
              0.00000              -0.00008              -1.00055 
              0.00000               0.00000              -1.00000 
              0.00000               0.00000              -1.00000 
              0.00000               0.00000              -1.00000 
              0.00000               0.00000              -1.00000 
              0.00000               0.00000              -1.00000 
              0.00000               0.00000              -1.00000 
              0.00000               0.00000              -1.00000 
              0.00000               0.00000              -1.00000 
              0.00000               0.00000              -1.00000 
              0.00000               0.00000              -1.00000 
              0.00000               0.00000              -1.00000 
              0.00000               0.00000              -1.00000 
              0.00000               0.00000              -1.00000 
              0.00000               0.00000              -1.00000 
              0.00000               0.00000              -1.00000 
              0.00000               0.00000              -1.00000 
              0.00000               0.00000              -1.00000 
              0.00000               0.00000              -1.00000 
              0.00000               0.00000              -1.00000 
              0.00000               0.00000              -1.00000 
              0.00000               0.00000              -1.00000 
              0.00000               0.00000              -1.00000 
              0.00000               0.00000              -1.00000 
              0.00000               0.00000              -1.00000 
              0.00000               0.00000              -1.00000 
              0.00000               0.00000              -1.00000 
              0.00000               0.00000              -1.00000 
              0.00000               0.00000              -1.00000 
              0.00000               0.00000              -1.00000 
              0.00000               0.00000              -1.00000 
              0.00000               0.00000              -1.00000 
              0.00000               0.00000              -1.00000 
              0.00000               0.00000              -1.00000 
              0.00000               0.00000              -1.00000 
              0.00000               0.00000              -1.00000 
              0.00000               0.00000              -1.00000 
              0.00000               0.00000              -1.00000 
              0.00000               0.00000              -1.00000 
              0.00000               0.00000              -1.00000 
              0.00000               0.00000              -1.00000 
              0.00000               0.00000              -1.00000 
              0.00000               0.00000              -1.00000 
              0.00000               0.00000              -1.00000 
              0.00000               0.00000              -1.00000 
              0.00000               0.00000              -1.00000 
              0.00000               0.00000              -1.00000 
              0.00000               0.00000              -1.00000 
              0.00000               0.00000              -1.00000 
              0.00000               0.00000              -1.00000 
             -0.00000            -331.14214             150.43524 
              0.00000               0.00000              -1.00000 
              0.00000               0.00000              -1.00000 
              0.00000               0.00000              -1.00000 
              0.00000               0.00000              -1.00000 
              0.00000               0.00000              -1.00000 
              0.00000               0.00000              -1.00000 
              0.00000               0.00000              -1.00000 
              0.00000               0.00000              -1.00000 
              0.00000               0.00000              -1.00000 
              0.00000               0.00000              -1.00000 
              0.00000               0.00000              -1.00000 
              0.00000               0.00000              -1.00000 
              0.00000               0.00000              -1.00000 
              0.00000               0.00000              -1.00000 
              0.00000               0.00000              -1.00000 
              0.00000               0.00000              -1.00000 
              0.00000               0.00000              -1.00000 
              0.00000               0.00000              -1.00000 
              0.00000               0.00000              -1.00000 
              0.00000               0.00000              -1.00000 
              0.00000               0.00000              -1.00000 
              0.00000               0.00000              -1.00000 
              0.00000               0.00000              -1.00000 
              0.00000               0.00000              -1.00000 
              0.00000               0.00000              -1.00000 
              0.00000               0.00000              -1.00000 
              0.00000               0.00000              -1.00000 
              0.00000               0.00000              -1.00000 
              0.00000               0.00000              -1.00000 
              0.00000               0.00000              -1.00000 
              0.00000               0.00000              -1.00000 
              0.00000               0.00000              -1.00000 
              0.00000               0.00000              -1.00000 
              0.00000               0.00000              -1.00000 
              0.00000               0.00000              -1.00000 
              0.00000               0.00000              -1.00000 
              0.00000               0.00000              -1.00000 
              0.00000               0.00000              -1.00000 
              0.00000               0.00000              -1.00000 
              0.00000               0.00000              -1.00000 
              0.00000               0.00000              -1.00000 
              0.00000               0.00000              -1.00000 
              0.00000               0.00000              -1.00000 
              0.00000               0.00000              -1.00000 
              0.00000               0.00000              -1.00000 
              0.00000               0.00000              -1.00000 
              0.00000               0.00000              -1.00000 
              0.00000               0.00000              -1.00000 
              0.00000               0.00000              -1.00000 
              0.00000               0.00000              -1.00000 
              0.00000               0.00000              -1.00000 
              0.00000               0.00000              -1.00000 
              0.00000               0.00000              -1.00000 
              0.00000               0.00000              -1.00000 
              0.00000               0.00000              -1.00000 
              0.00000               0.00000              -1.00000 
              0.00000               0.00000              -1.00000 
              0.00000               0.00000              -1.00000 
              0.00000               0.00000              -1.00000 
              0.00000               0.00000              -1.00000 
              0.00000               0.00000              -1.00000 
              0.00000               0.00000              -1.00000 
              0.00000               0.00000              -1.00000 
              0.00000               0.00000              -1.00000 
              0.00000               0.00000              -1.00000 
              0.00000               0.00000              -1.00000 
              0.00000               0.00000              -1.00000 
              0.00000               0.00000              -1.00000 
              0.00000               0.00000              -1.00000 
              0.00000               0.00000              -1.00000 
              0.00000               0.00000              -1.00000 
              0.00000               0.00000              -1.00000 
              0.00000               0.00000              -1.00000 
              0.00000               0.00000              -1.00000 
              0.00000               0.00000              -1.00000 
              0.00000               0.00000              -1.00000 
              0.00000               0.00000              -1.00000 
              0.00000               0.00000              -1.00000 
              0.00000               0.00000              -1.00000 
              0.00000               0.00000              -1.00000 
              0.00000               0.00000              -1.00000 
              0.00000               0.00000              -1.00000 
              0.00000               0.00000              -1.00000 
              0.00000               0.00000              -1.00000 
              0.00000               0.00000              -1.00000 
              0.00000               0.00000              -1.00000 
              0.00000               0.00000              -1.00000 
              0.00000               0.00000              -1.00000 
              0.00000               0.00000              -1.00000 
              0.00000               0.00000              -1.00000 
              0.00000               0.00000              -1.00000 
              0.00000               0.00000              -1.00000 
              0.00000               0.00000              -1.00000 
              0.00000               0.00000              -1.00000 
              0.00000               0.00000              -1.00000 
              0.00000               0.00000              -1.00000 
              0.00000               0.00000              -1.00000 
              0.00000               0.00000              -1.00000 
              0.00000               0.00000              -1.00000 
              0.00000               0.00000              -1.00000 
              0.00000               0.00000              -1.00000 
              0.00000               0.00000              -1.00000 
              0.00000               0.00000              -1.00000 
              0.00000               0.00000              -1.00000 
              0.00000               0.00000              -1.00000 
              0.00000               0.00000              -1.00000 
              0.00000               0.00000              -1.00000 
              0.00000               0.00000              -1.00000 
              0.00000               0.00000              -1.00000 
              0.00000               0.00000              -1.00000 
              0.00000               0.00000              -1.00000 
              0.00000               0.00000              -1.00000 
              0.00000               0.00000              -1.00000 
              0.00000               0.00000              -1.00000 
              0.00000               0.00000              -1.00000 
              0.00000               0.00000              -1.00000 
              0.00000               0.00000              -1.00000 
              0.00000               0.00000              -1.00000 
              0.00000               0.00000              -1.00000 
              0.00000               0.00000              -1.00000 
              0.00000               0.00000              -1.00000 
              0.00000               0.00000              -1.00000 
              0.00000               0.00000              -1.00000 
              0.00000               0.00000              -1.00000 
              0.00000               0.00000              -1.00000 
              0.00000               0.00000              -1.00000 
              0.00000               0.00000              -1.00000 
              0.00000               0.00000              -1.00000 
              0.00000               0.00000              -1.00000 
              0.00000               0.00000              -1.00000 
              0.00000               0.00000              -1.00000 
              0.00000               0.00000              -1.00000 
              0.00000               0.00000              -1.00000 
              0.00000               0.00000              -1.00000 
              0.00000               0.00000              -1.00000 
              0.00000               0.00000              -1.00000 
              0.00000               0.00000              -1.00000 
              0.00000               0.00000              -1.00000 
              0.00000               0.00000              -1.00000 
              0.00000               0.00000              -1.00000 
              0.00000               0.00000              -1.00000 
              0.00000               0.00000              -1.00000 
              0.00000               0.00000              -1.00000 
              0.00000               0.00000              -1.00000 
              0.00000               0.00000              -1.00000 
              0.00000               0.00000              -1.00000 
              0.00000               0.00000              -1.00000 
              0.00000               0.00000              -1.00000 
              0.00000               0.00000              -1.00000 
              0.00000               0.00000              -1.00000 
              0.00000               0.00000              -1.00000 
              0.00000               0.00000              -1.00000 
              0.00000               0.00000              -1.00000 
              0.00000               0.00000              -1.00000 
              0.00000               0.00000              -1.00000 
              0.00000               0.00000              -1.00000 
              0.00000               0.00000              -1.00000 
              0.00000               0.00000              -1.00000 
              0.00000               0.00000              -1.00000 
              0.00000               0.00000              -1.00000 
              0.00000               0.00000              -1.00000 
              0.00000               0.00000              -1.00000 
              0.00000               0.00000              -1.00000 
              0.00000               0.00000              -1.00000 
              0.00000               0.00000              -1.00000 
              0.00000               0.00000              -1.00000 
              0.00000               0.00000              -1.00000 
              0.00000               0.00000              -1.00000 
              0.00000               0.00000              -1.00000 
              0.00000               0.00000              -1.00000 
              0.00000               0.00000              -1.00000 
              0.00000               0.00000              -1.00000 
              0.00000               0.00000              -1.00000 
              0.00000               0.00000              -1.00000 
              0.00000               0.00000              -1.00000 
              0.00000               0.00000              -1.00000 
              0.00000               0.00000              -1.00000 
              0.00000               0.00000              -1.00000 
              0.00000               0.00000              -1.00000 
              0.00000               0.00000              -1.00000 
              0.00000               0.00000              -1.00000 
              0.00000               0.00000              -1.00000 
              0.00000               0.00000              -1.00000 
              0.00000               0.00000              -1.00000 
              0.00000               0.00000              -1.00000 
              0.00000               0.00000              -1.00000 
              0.00000               0.00000              -1.00000 
              0.00000               0.00000              -1.00000 
              0.00000               0.00000              -1.00000 
              0.00000               0.00000              -1.00000 
              0.00000               0.00000              -1.00000 
              0.00000               0.00000              -1.00000 
              0.00000               0.00000              -1.00000 
              0.00000               0.00000              -1.00000 
              0.00000               0.00000              -1.00000 
              0.00000               0.00000              -1.00000 
              0.00000               0.00000              -1.00000 
              0.00000               0.00000              -1.00000 
              0.00000               0.00000              -1.00000 
              0.00000               0.00000              -1.00000 
              0.00000               0.00000              -1.00000 
              0.00000               0.00000              -1.00000 
              0.00000               0.00000              -1.00000 
              0.00000               0.00000              -1.00000 
              0.00000               0.00000              -1.00000 
              0.00000               0.00000              -1.00000 
              0.00000               0.00000              -1.00000 
              0.00000               0.00000              -1.00000 
              0.00000               0.00000              -1.00000 
              0.00000               0.00000              -1.00000 
              0.00000               0.00000              -1.00000 
              0.00000               0.00000              -1.00000 
              0.00000               0.00000              -1.00000 
              0.00000               0.00000              -1.00000 
              0.00000               0.00000              -1.00000 
              0.00000               0.00000              -1.00000 
              0.00000               0.00000              -1.00000 
              0.00000               0.00000              -1.00000 
              0.00000               0.00000              -1.00000 
              0.00000               0.00000              -1.00000 
              0.00000               0.00000              -1.00000 
              0.00000               0.00000              -1.00000 
              0.00000               0.00000              -1.00000 
              0.00000               0.00000              -1.00000 
              0.00000               0.00000              -1.00000 
              0.00000               0.00000              -1.00000 
              0.00000               0.00000              -1.00000 
              0.00000               0.00000              -1.00000 
              0.00000               0.00000              -1.00000 
              0.00000               0.00000              -1.00000 
              0.00000               0.00000              -1.00000 
              0.00000               0.00000              -1.00000 
              0.00000               0.00000              -1.00000 
              0.00000               0.00000              -1.00000 
              0.00000               0.00000              -1.00000 
              0.00000               0.00000              -1.00000 
              0.00000               0.00000              -1.00000 
              0.00000               0.00000              -1.00000 
              0.00000               0.00000              -1.00000 
              0.00000               0.00000              -1.00000 
              0.00000               0.00000              -1.00000 
              0.00000               0.00000              -1.00000 
              0.00000               0.00000              -1.00000 
              0.00000               0.00000              -1.00000 
              0.00000               0.00000              -1.00000 
              0.00000               0.00000              -1.00000 
              0.00000               0.00000              -1.00000 
              0.00000               0.00000              -1.00000 
              0.00000               0.00000              -1.00000 
              0.00000               0.00000              -1.00000 
              0.00000               0.00000              -1.00000 
              0.00000               0.00000              -1.00000 
              0.00000               0.00000              -1.00000 
              0.00000               0.00000              -1.00000 
              0.00000               0.00000              -1.00000 
              0.00000               0.00000              -1.00000 
              0.00000               0.00000              -1.00000 
              0.00000               0.00000              -1.00000 
              0.00000               0.00000              -1.00000 
              0.00000               0.00000              -1.00000 
              0.00000               0.00000              -1.00000 
              0.00000               0.00000              -1.00000 
              0.00000               0.00000              -1.00000 
              0.00000               0.00000              -1.00000 
              0.00000               0.00000              -1.00000 
              0.00000               0.00000              -1.00000 
              0.00000               0.00000              -1.00000 
              0.00000               0.00000              -1.00000 
              0.00000               0.00000              -1.00000 
              0.00000               0.00000              -1.00000 
              0.00000               0.00000              -1.00000 
              0.00000               0.00000              -1.00000 
              0.00000               0.00000              -1.00000 
              0.00000               0.00000              -1.00000 
              0.00000               0.00000              -1.00000 
              0.00000               0.00000              -1.00000 
              0.00000               0.00000              -1.00000 
              0.00000               0.00000              -1.00000 
              0.00000               0.00000              -1.00000 
              0.00000               0.00000              -1.00000 
              0.00000               0.00000              -1.00000 
              0.00000               0.00000              -1.00000 
              0.00000               0.00000              -1.00000 
              0.00000               0.00000              -1.00000 
              0.00000               0.00000              -1.00000 
              0.00000               0.00000              -1.00000 
              0.00000               0.00000              -1.00000 
              0.00000               0.00000              -1.00000 
              0.00000               0.00000              -1.00000 
              0.00000               0.00000              -1.00000 
              0.00000               0.00000              -1.00000 
              0.00000               0.00000              -1.00000 
              0.00000               0.00000              -1.00000 
              0.00000               0.00000              -1.00000 
              0.00000               0.00000              -1.00000 
              0.00000               0.00000              -1.00000 
              0.00000               0.00000              -1.00000 
              0.00000               0.00000              -1.00000 
              0.00000               0.00000              -1.00000 
              0.00000               0.00000              -1.00000 
              0.00000               0.00000              -1.00000 
              0.00000               0.00000              -1.00000 
              0.00000               0.00000              -1.00000 
              0.00000               0.00000              -1.00000 
              0.00000               0.00000              -1.00000 
              0.00000               0.00000              -1.00000 
              0.00000               0.00000              -1.00000 
              0.00000               0.00000              -1.00000 
              0.00000               0.00000              -1.00000 
              0.00000               0.00000              -1.00000 
              0.00000               0.00000              -1.00000 
              0.00000               0.00000              -1.00000 
              0.00000               0.00000              -1.00000 
              0.00000               0.00000              -1.00000 
              0.00000               0.00000              -1.00000 
              0.00000               0.00000              -1.00000 
              0.00000               0.00000              -1.00000 
              0.00000               0.00000              -1.00000 
              0.00000               0.00000              -1.00000 
              0.00000               0.00000              -1.00000 
              0.00000               0.00000              -1.00000 
              0.00000               0.00000              -1.00000 
              0.00000               0.00000              -1.00000 
              0.00000               0.00000              -1.00000 
              0.00000               0.00000              -1.00000 
              0.00000               0.00000              -1.00000 
              0.00000               0.00000              -1.00000 
              0.00000               0.00000              -1.00000 
              0.00000               0.00000              -1.00000 
              0.00000               0.00000              -1.00000 
              0.00000               0.00000              -1.00000 
              0.00000               0.00000              -1.00000 
              0.00000               0.00000              -1.00000 
              0.00000               0.00000              -1.00000 
              0.00000               0.00000              -1.00000 
              0.00000               0.00000              -1.00000 
              0.00000               0.00000              -1.00000 
              0.00000               0.00000              -1.00000 
              0.00000               0.00000              -1.00000 
              0.00000               0.00000              -1.00000 
              0.00000               0.00000              -1.00000 
              0.00000               0.00000              -1.00000 
              0.00000               0.00000              -1.00000 
              0.00000               0.00000              -1.00000 
              0.00000               0.00000              -1.00000 
              0.00000               0.00000              -1.00000 
              0.00000               0.00000              -1.00000 
              0.00000               0.00000              -1.00000 
              0.00000               0.00000              -1.00000 
              0.00000               0.00000              -1.00000 
              0.00000               0.00000              -1.00000 
              0.00000               0.00000              -1.00000 
              0.00000               0.00000              -1.00000 
              0.00000               0.00000              -1.00000 
              0.00000               0.00000              -1.00000 
              0.00000               0.00000              -1.00000 
              0.00000               0.00000              -1.00000 
              0.00000               0.00000              -1.00000 
              0.00000               0.00000              -1.00000 
              0.00000               0.00000              -1.00000 
              0.00000               0.00000              -1.00000 
              0.00000               0.00000              -1.00000 
              0.00000               0.00000              -1.00000 
              0.00000               0.00000              -1.00000 
              0.00000               0.00000              -1.00000 
              0.00000               0.00000              -1.00000 
              0.00000               0.00000              -1.00000 
              0.00000               0.00000              -1.00000 
              0.00000               0.00000              -1.00000 
              0.00000               0.00000              -1.00000 
              0.00000               0.00000              -1.00000 
              0.00000               0.00000              -1.00000 
              0.00000               0.00000              -1.00000 
              0.00000               0.00000              -1.00000 
              0.00000               0.00000              -1.00000 
              0.00000               0.00000              -1.00000 
              0.00000               0.00000              -1.00000 
              0.00000               0.00000              -1.00000 
              0.00000               0.00000              -1.00000 
              0.00000               0.00000              -1.00000 
              0.00000               0.00000              -1.00000 
              0.00000               0.00000              -1.00000 
              0.00000               0.00000              -1.00000 
              0.00000               0.00000              -1.00000 
              0.00000               0.00000              -1.00000 
              0.00000               0.00000              -1.00000 
              0.00000               0.00000              -1.00000 
              0.00000               0.00000              -1.00000 
              0.00000               0.00000              -1.00000 
              0.00000               0.00000              -1.00000 
              0.00000               0.00000              -1.00000 
              0.00000               0.00000              -1.00000 
              0.00000               0.00000              -1.00000 
              0.00000               0.00000              -1.00000 
              0.00000               0.00000              -1.00000 
              0.00000               0.00000              -1.00000 
              0.00000               0.00000              -1.00000 
              0.00000               0.00000              -1.00000 
              0.00000               0.00000              -1.00000 
              0.00000               0.00000              -1.00000 
              0.00000               0.00000              -1.00000 
              0.00000               0.00000              -1.00000 
              0.00000               0.00000              -1.00000 
              0.00000               0.00000              -1.00000 
              0.00000               0.00000              -1.00000 
              0.00000               0.00000              -1.00000 
              0.00000               0.00000              -1.00000 
              0.00000               0.00000              -1.00000 
              0.00000               0.00000              -1.00000 
              0.00000               0.00000              -1.00000 
              0.00000               0.00000              -1.00000 
              0.00000               0.00000              -1.00000 
              0.00000               0.00000              -1.00000 
              0.00000               0.00000              -1.00000 
              0.00000               0.00000              -1.00000 
              0.00000               0.00000              -1.00000 
              0.00000               0.00000              -1.00000 
              0.00000               0.00000              -1.00000 
              0.00000               0.00000              -1.00000 
              0.00000               0.00000              -1.00000 
              0.00000               0.00000              -1.00000 
              0.00000               0.00000              -1.00000 
              0.00000               0.00000              -1.00000 
              0.00000               0.00000              -1.00000 
              0.00000               0.00000              -1.00000 
              0.00000               0.00000              -1.00000 
              0.00000               0.00000              -1.00000 
              0.00000               0.00000              -1.00000 
              0.00000               0.00000              -1.00000 
              0.00000               0.00000              -1.00000 
              0.00000               0.00000              -1.00000 
              0.00000               0.00000              -1.00000 
              0.00000               0.00000              -1.00000 
              0.00000               0.00000              -1.00000 
              0.00000               0.00000              -1.00000 
              0.00000               0.00000              -1.00000 
              0.00000               0.00000              -1.00000 
              0.00000               0.00000              -1.00000 
              0.00000               0.00000              -1.00000 
              0.00349              -0.01343              -0.98731 
              0.00000               0.00000              -1.00000 
              0.00000               0.00000              -1.00000 
              0.00000               0.00000              -1.00000 
              0.00000               0.00000              -1.00000 
              0.00000               0.00000              -1.00000 
              0.00000               0.00000              -1.00000 
              0.00000               0.00000              -1.00000 
              0.00000               0.00000              -1.00000 
              0.00000               0.00000              -1.00000 
              0.00000               0.00000              -1.00000 
              0.00000               0.00000              -1.00000 
              0.00000               0.00000              -1.00000 
              0.00000               0.00000              -1.00000 
              0.00000               0.00000              -1.00000 
              0.00000               0.00000              -1.00000 
              0.00000               0.00000              -1.00000 
              0.00000               0.00000              -1.00000 
              0.00000               0.00000              -1.00000 
              0.00000               0.00000              -1.00000 
              0.00000               0.00000              -1.00000 
              0.00000               0.00000              -1.00000 
              0.00000               0.00000              -1.00000 
              0.00000               0.00000              -1.00000 
              0.00000               0.00000              -1.00000 
              0.00000               0.00000              -1.00000 
              0.00000               0.00000              -1.00000 
              0.00000               0.00000              -1.00000 
              0.00000               0.00000              -1.00000 
              0.00000               0.00000              -1.00000 
              0.00000               0.00000              -1.00000 
              0.00000               0.00000              -1.00000 
              0.00000               0.00000              -1.00000 
              0.00000               0.00000              -1.00000 
              0.00000               0.00000              -1.00000 
              0.00000               0.00000              -1.00000 
              0.00000               0.00000              -1.00000 
              0.00000               0.00000              -1.00000 
              0.00000               0.00000              -1.00000 
              0.00000               0.00000              -1.00000 
              0.00000               0.00000              -1.00000 
              0.00000               0.00000              -1.00000 
              0.00000               0.00000              -1.00000 
              0.00000               0.00000              -1.00000 
              0.00000               0.00000              -1.00000 
              0.00000               0.00000              -1.00000 
              0.00000               0.00000              -1.00000 
              0.00000               0.00000              -1.00000 
              0.00000               0.00000              -1.00000 
              0.00000               0.00000              -1.00000 
              0.00000               0.00000              -1.00000 
