           -499.53502               1.13224            -498.40278              87.59371 
           -500.15841               1.98956            -498.16885             153.91805 
           -499.87456               1.70426            -498.17030             131.84687 
           -499.98608               1.56824            -498.41785             121.32335 
           -500.62517               2.08298            -498.54219             161.14552 
           -500.59254               2.21398            -498.37856             171.28027 
           -500.02703               1.86359            -498.16344             144.17256 
           -500.11485               1.92136            -498.19348             148.64237 
           -500.47114               2.03786            -498.43329             157.65469 
           -500.60873               2.08106            -498.52767             160.99690 
           -500.50609               2.18182            -498.32427             168.79195 
           -501.68412               3.52716            -498.15696             272.87135 
           -501.51875               3.28047            -498.23828             253.78725 
           -500.93215               2.49799            -498.43416             193.25165 
           -501.32465               2.82755            -498.49710             218.74789 
           -501.77249               3.44110            -498.33139             266.21363 
           -501.51391               3.34699            -498.16693             258.93279 
           -502.16645               3.89780            -498.26865             301.54547 
           -503.11065               4.64641            -498.46424             359.46018 
           -503.39553               4.93511            -498.46042             381.79477 
           -503.16875               4.87940            -498.28935             377.48507 
           -503.80138               5.60628            -498.19510             433.71864 
           -504.13978               5.87521            -498.26457             454.52349 
           -504.74616               6.32124            -498.42491             489.03018 
           -505.86688               7.44601            -498.42088             576.04517 
           -507.24202               9.01853            -498.22349             697.70042 
           -507.38316               9.20940            -498.17376             712.46629 
           -507.25429               8.75620            -498.49810             677.40548 
           -507.95493               8.98301            -498.97192             694.95265 
           -508.62512               9.28373            -499.34139             718.21679 
           -509.80073              10.29664            -499.50410             796.57849 
           -510.32883              10.86056            -499.46827             840.20558 
           -509.80830              10.36972            -499.43858             802.23254 
           -508.70415               9.49099            -499.21316             734.25168 
           -508.75330              10.03907            -498.71423             776.65262 
           -509.56003              11.44085            -498.11918             885.09829 
           -510.29208              12.47962            -497.81246             965.46033 
           -510.40021              12.32519            -498.07502             953.51385 
           -510.00593              11.59296            -498.41297             896.86626 
           -508.86911              10.36560            -498.50351             801.91393 
           -507.80151               9.19384            -498.60767             711.26283 
           -506.27667               7.34486            -498.93181             568.22026 
           -504.28138               4.98444            -499.29694             385.61143 
           -505.95399               6.43276            -499.52123             497.65714 
           -508.23443               8.69374            -499.54069             672.57347 
           -509.37369               9.57507            -499.79863             740.75581 
           -507.12813               6.98214            -500.14599             540.15921 
           -505.21574               5.11773            -500.09801             395.92320 
           -503.99235               4.56186            -499.43049             352.91909 
           -504.38678               5.42126            -498.96552             419.40451 
           -506.26165               7.61465            -498.64701             589.09178 
           -506.84083               8.51928            -498.32155             659.07689 
           -505.09732               6.73844            -498.35888             521.30565 
           -504.97823               6.36146            -498.61677             492.14134 
           -504.23641               5.31591            -498.92051             411.25434 
           -505.21942               5.85882            -499.36060             453.25608 
           -505.52606               6.08617            -499.43989             470.84413 
           -507.78711               8.40175            -499.38537             649.98423 
           -507.51972               8.41884            -499.10087             651.30692 
           -507.84674               8.89022            -498.95652             687.77380 
           -505.21466               6.38065            -498.83401             493.62649 
           -505.53777               6.93863            -498.59914             536.79304 
           -507.76655               9.52906            -498.23749             737.19671 
           -508.66115              10.57803            -498.08311             818.34814 
           -508.63491              10.62039            -498.01453             821.62477 
           -508.17571              10.46462            -497.71109             809.57448 
           -509.21752              11.84405            -497.37347             916.29088 
           -509.91010              12.77139            -497.13871             988.03265 
           -510.22482              13.10477            -497.12005            1013.82449 
           -508.37804              10.99552            -497.38252             850.64633 
           -506.87184               9.17603            -497.69581             709.88530 
           -508.51961              10.48506            -498.03455             811.15539 
           -508.49820              10.15919            -498.33901             785.94535 
           -508.73468              10.50004            -498.23464             812.31416 
           -508.32303              10.43199            -497.89103             807.05016 
           -507.23747               9.64355            -497.59393             746.05344 
           -507.23844              10.03236            -497.20608             776.13330 
           -506.53547               9.48798            -497.04749             734.01870 
           -505.07955               7.98412            -497.09544             617.67510 
           -504.42571               7.24812            -497.17758             560.73635 
           -504.25444               7.06418            -497.19026             546.50613 
           -503.33666               6.27653            -497.06013             485.57088 
           -503.21724               6.27954            -496.93770             485.80424 
           -503.71634               6.66033            -497.05601             515.26337 
           -503.33716               6.15693            -497.18023             476.31884 
           -503.06247               5.91913            -497.14333             457.92161 
           -503.71583               6.69554            -497.02030             517.98669 
           -503.33911               6.30468            -497.03442             487.74918 
           -503.31825               6.10074            -497.21751             471.97177 
           -503.05963               5.71045            -497.34918             441.77750 
           -501.59875               4.30626            -497.29249             333.14551 
           -501.79335               4.64324            -497.15011             359.21482 
           -501.19302               3.95935            -497.23366             306.30747 
           -503.05204               5.76182            -497.29022             445.75159 
           -503.03559               5.81259            -497.22299             449.67953 
           -502.87392               5.73329            -497.14063             443.54426 
           -502.30233               5.23430            -497.06803             404.94070 
           -502.26742               5.16591            -497.10151             399.65035 
           -501.74561               4.54242            -497.20319             351.41500 
           -501.74232               4.53819            -497.20414             351.08779 
           -500.67432               3.57494            -497.09938             276.56776 
           -501.61852               4.55776            -497.06076             352.60208 
           -502.31830               5.27742            -497.04088             408.27730 
           -501.89518               4.82887            -497.06631             373.57554 
           -503.58198               6.41115            -497.17083             495.98543 
           -503.67615               6.46555            -497.21060             500.19396 
           -504.39135               7.11623            -497.27513             550.53240 
           -504.45814               7.05166            -497.40648             545.53735 
           -503.76535               6.19490            -497.57045             479.25601 
           -503.02904               5.42946            -497.59958             420.03908 
           -503.68642               6.27071            -497.41572             485.12047 
           -504.15401               6.91381            -497.24020             534.87326 
           -504.69176               7.64705            -497.04471             591.59890 
           -505.76439               8.78383            -496.98056             679.54305 
           -505.30187               8.36422            -496.93766             647.08092 
           -505.21106               8.28948            -496.92159             641.29861 
           -504.40511               7.46709            -496.93801             577.67660 
           -503.96531               6.97349            -496.99182             539.49033 
           -504.35987               7.35077            -497.00910             568.67718 
           -504.98090               8.02423            -496.95667             620.77848 
           -505.62811               8.66675            -496.96136             670.48580 
           -505.79131               8.84347            -496.94784             684.15739 
           -504.97841               8.20038            -496.77803             634.40561 
           -504.56368               7.95845            -496.60523             615.68962 
           -503.92370               7.30900            -496.61471             565.44596 
           -503.81097               7.27699            -496.53397             562.96989 
           -502.03529               5.43632            -496.59897             420.56956 
           -501.86118               5.29815            -496.56303             409.88087 
           -502.47618               6.01266            -496.46352             465.15737 
           -503.49433               7.12714            -496.36719             551.37703 
           -501.78988               5.76238            -496.02750             445.79456 
           -502.18513               6.30439            -495.88074             487.72638 
           -502.88123               6.97688            -495.90434             539.75247 
           -502.23889               6.45909            -495.77981             499.69414 
           -501.21816               5.43579            -495.78236             420.52930 
           -501.17608               5.29361            -495.88247             409.52956 
           -501.76441               5.77102            -495.99340             446.46313 
           -502.22999               6.20799            -496.02201             480.26826 
           -502.92245               6.83870            -496.08375             529.06261 
           -503.89833               7.82794            -496.07038             605.59310 
           -503.66174               7.63868            -496.02306             590.95092 
           -504.29529               8.42100            -495.87429             651.47406 
           -503.19962               7.51832            -495.68129             581.63977 
           -502.70427               7.13504            -495.56923             551.98788 
           -503.79483               8.29611            -495.49873             641.81156 
           -505.43166               9.99351            -495.43815             773.12778 
           -504.47250               9.07612            -495.39639             702.15555 
           -505.87150              10.35462            -495.51688             801.06436 
           -504.88741               9.26271            -495.62470             716.59094 
           -504.55723               8.76488            -495.79235             678.07711 
           -504.72965               8.95161            -495.77804             692.52325 
           -504.63126               8.90110            -495.73016             688.61595 
           -503.32295               7.56675            -495.75620             585.38620 
           -502.92895               7.09755            -495.83140             549.08739 
           -502.96367               7.10698            -495.85669             549.81741 
           -502.74289               6.96046            -495.78243             538.48194 
           -502.78098               6.99852            -495.78246             541.42662 
           -502.80986               7.04983            -495.76003             545.39572 
           -501.50611               5.83650            -495.66961             451.52908 
           -501.29402               5.68644            -495.60758             439.92024 
           -501.26171               5.80048            -495.46123             448.74251 
           -501.67203               6.33828            -495.33375             490.34810 
           -501.37509               6.25272            -495.12237             483.72891 
           -501.77183               6.69825            -495.07358             518.19639 
           -501.75554               6.43589            -495.31965             497.89944 
           -500.92055               5.38848            -495.53207             416.86857 
           -501.31592               5.62850            -495.68742             435.43740 
           -501.32286               5.55484            -495.76802             429.73874 
           -499.98490               4.19158            -495.79332             324.27341 
           -500.25356               4.35707            -495.89649             337.07613 
           -499.60554               3.66055            -495.94499             283.19084 
           -499.75748               3.86558            -495.89190             299.05295 
           -499.67626               3.90499            -495.77127             302.10130 
           -499.83234               4.12701            -495.70533             319.27782 
           -500.58645               4.80795            -495.77851             371.95721 
           -500.94078               5.14382            -495.79696             397.94155 
           -501.99806               6.26396            -495.73409             484.59883 
           -501.13715               5.70588            -495.43127             441.42385 
           -501.32888               6.04793            -495.28095             467.88580 
           -500.93480               5.74257            -495.19224             444.26197 
           -500.89285               5.77883            -495.11402             447.06731 
           -500.43064               5.23755            -495.19310             405.19229 
           -502.45453               6.91197            -495.54257             534.73025 
           -501.98068               6.24204            -495.73865             482.90267 
           -502.67341               6.74575            -495.92766             521.87164 
           -503.42182               7.37686            -496.04496             570.69573 
           -502.87016               6.87206            -495.99810             531.64318 
           -502.02208               6.13026            -495.89183             474.25491 
           -503.04605               7.19282            -495.85323             556.45800 
           -502.86676               6.97900            -495.88776             539.91628 
           -502.72375               6.80449            -495.91926             526.41573 
           -503.84416               7.98557            -495.85859             617.78773 
           -504.21323               8.51541            -495.69782             658.77763 
           -504.87313               9.37536            -495.49776             725.30593 
           -505.61773              10.20753            -495.41020             789.68526 
           -505.51698              10.19137            -495.32561             788.43480 
           -505.82722              10.63636            -495.19086             822.86048 
           -505.32812              10.25116            -495.07695             793.06052 
           -505.43187              10.10779            -495.32408             781.96904 
           -505.97739              10.19759            -495.77979             788.91631 
           -506.64035              10.38211            -496.25824             803.19117 
           -506.28723               9.96411            -496.32312             770.85305 
           -504.87710               8.63784            -496.23925             668.24944 
           -505.74812               9.41248            -496.33564             728.17770 
           -505.26215               8.54053            -496.72162             660.72061 
           -504.72230               7.67889            -497.04341             594.06210 
           -504.85225               7.68649            -497.16576             594.64993 
           -505.41875               8.16781            -497.25093             631.88634 
           -505.75104               8.29832            -497.45272             641.98281 
           -505.09405               7.39552            -497.69852             572.13983 
           -504.80806               6.82834            -497.97972             528.26101 
           -504.83311               6.64774            -498.18537             514.28912 
           -504.56850               6.09811            -498.47039             471.76817 
           -504.56366               5.86940            -498.69426             454.07418 
           -503.79998               5.05991            -498.74007             391.44951 
           -504.59608               5.60735            -498.98873             433.80116 
           -504.52034               5.40362            -499.11672             418.03982 
           -505.35463               6.10366            -499.25097             472.19732 
           -505.77878               6.37250            -499.40629             492.99533 
           -507.40577               7.73064            -499.67513             598.06567 
           -505.93645               6.10330            -499.83315             472.16920 
           -507.02425               6.64975            -500.37450             514.44416 
           -506.98090               6.29429            -500.68661             486.94538 
           -506.91414               6.17834            -500.73580             477.97498 
           -507.90899               6.94891            -500.96008             537.58862 
           -507.85956               6.58737            -501.27218             509.61884 
           -508.28077               6.70593            -501.57484             518.79040 
           -507.41484               5.87022            -501.54462             454.13806 
           -508.32530               6.88516            -501.44014             532.65671 
           -509.88163               8.22332            -501.65831             636.18064 
           -510.17285               8.23605            -501.93680             637.16516 
           -509.20952               7.31615            -501.89336             565.99948 
           -509.09643               7.51207            -501.58436             581.15651 
           -508.77688               7.33536            -501.44152             567.48530 
           -508.37643               6.89927            -501.47717             533.74778 
           -508.78539               7.13769            -501.64770             552.19317 
           -508.32196               6.74279            -501.57917             521.64223 
           -507.76260               6.25756            -501.50504             484.10377 
           -507.35403               5.75785            -501.59618             445.44472 
           -507.24999               5.47841            -501.77158             423.82624 
           -508.28159               6.40513            -501.87647             495.51963 
           -508.14323               6.32362            -501.81961             489.21441 
           -507.46012               5.64221            -501.81791             436.49786 
           -508.38484               6.47737            -501.90747             501.10854 
           -507.30365               5.29963            -502.00402             409.99490 
           -506.97849               4.98630            -501.99219             385.75477 
           -506.39049               4.45419            -501.93630             344.58972 
           -506.98969               5.11417            -501.87553             395.64727 
           -506.79782               4.98714            -501.81067             385.82030 
           -507.28048               5.50296            -501.77752             425.72542 
           -508.18563               6.46938            -501.71625             500.49023 
           -507.93501               6.32352            -501.61149             489.20615 
           -506.32599               4.71071            -501.61528             364.43435 
           -507.40037               5.69498            -501.70539             440.58091 
           -506.69195               4.97276            -501.71919             384.70719 
           -506.87815               5.22615            -501.65200             404.31035 
           -507.44734               5.86340            -501.58394             453.61025 
           -506.91583               5.31532            -501.60051             411.20935 
           -506.60527               4.90721            -501.69806             379.63677 
           -507.28351               5.51645            -501.76707             426.76881 
           -508.42837               6.74271            -501.68566             521.63616 
           -508.92377               7.38639            -501.53738             571.43304 
           -509.47982               7.89779            -501.58203             610.99678 
           -508.62197               7.08421            -501.53776             548.05581 
           -508.80604               7.39049            -501.41555             571.75015 
           -509.35219               8.05641            -501.29578             623.26801 
           -509.10674               7.84086            -501.26587             606.59269 
           -507.68385               6.29394            -501.38991             486.91809 
           -508.12746               6.64568            -501.48179             514.12947 
           -508.19120               6.78381            -501.40739             524.81588 
           -509.68353               8.38896            -501.29457             648.99502 
           -509.31788               8.21928            -501.09860             635.86782 
           -508.16476               7.30508            -500.85968             565.14240 
           -507.05734               6.70824            -500.34910             518.96910 
           -507.38447               7.38298            -500.00148             571.16942 
           -506.95517               7.01290            -499.94227             542.53887 
           -506.36771               6.33727            -500.03044             490.27042 
           -506.71025               6.65804            -500.05221             515.08573 
           -506.20915               6.12156            -500.08760             473.58176 
           -506.55673               6.60425            -499.95248             510.92485 
           -506.14145               6.43785            -499.70360             498.05159 
           -505.85848               6.43425            -499.42422             497.77282 
           -505.31034               6.26222            -499.04812             484.46439 
           -504.91088               6.32964            -498.58124             489.67968 
           -503.94639               5.62143            -498.32495             434.89093 
           -503.97901               5.91307            -498.06594             457.45270 
           -503.89135               6.10562            -497.78573             472.34928 
           -504.17199               6.71134            -497.46065             519.20949 
           -502.54596               5.64834            -496.89762             436.97243 
           -503.70146               7.01596            -496.68550             542.77569 
           -505.30240               8.56168            -496.74072             662.35741 
           -504.80403               8.26217            -496.54186             639.18621 
           -504.68768               8.45782            -496.22986             654.32218 
           -505.90534               9.90502            -496.00033             766.28164 
           -505.22393               9.32733            -495.89660             721.59012 
           -505.50608               9.71664            -495.78944             751.70824 
           -506.09756              10.45016            -495.64740             808.45535 
           -506.05710              10.49800            -495.55910             812.15631 
           -505.84504              10.24067            -495.60436             792.24908 
           -505.05021               9.44281            -495.60740             730.52398 
           -506.46101              11.01713            -495.44388             852.31780 
           -505.46402              10.21362            -495.25040             790.15623 
           -505.86136              10.42860            -495.43276             806.78751 
           -505.52618              10.00567            -495.52051             774.06866 
           -504.43383               9.10715            -495.32668             704.55668 
           -504.28808               9.17241            -495.11566             709.60513 
           -503.71839               8.66312            -495.05527             670.20464 
           -503.61228               8.46812            -495.14416             655.11905 
           -504.09797               8.99780            -495.10017             696.09647 
           -502.95256               8.12925            -494.82331             628.90281 
           -503.24298               8.39232            -494.85066             649.25513 
           -502.58898               7.58997            -494.99901             587.18295 
           -502.52790               7.32599            -495.20192             566.76012 
           -501.76107               6.54338            -495.21769             506.21507 
           -501.93435               6.69400            -495.24035             517.86747 
           -501.27916               6.00327            -495.27589             464.43063 
           -501.26598               5.84197            -495.42401             451.95243 
           -500.74204               5.31175            -495.43029             410.93272 
           -501.09182               5.73245            -495.35937             443.47948 
           -500.80514               5.53640            -495.26873             428.31279 
           -500.87075               5.56464            -495.30611             430.49748 
           -500.12559               4.83128            -495.29431             373.76220 
           -500.57269               5.35651            -495.21618             414.39574 
           -501.50347               6.44429            -495.05919             498.54917 
           -501.08741               6.08754            -494.99987             470.95007 
           -499.95450               4.94871            -495.00579             382.84700 
           -500.45641               5.42409            -495.03232             419.62363 
           -499.79785               4.86726            -494.93059             376.54555 
           -500.42340               5.51230            -494.91110             426.44801 
           -501.26564               6.14719            -495.11845             475.56499 
           -500.26347               5.01141            -495.25207             387.69733 
           -500.13263               4.82031            -495.31231             372.91392 
           -501.22321               5.90432            -495.31889             456.77543 
           -500.78095               5.39136            -495.38959             417.09144 
           -501.06612               5.49843            -495.56770             425.37463 
           -501.05290               5.49800            -495.55490             425.34153 
           -501.07201               5.74751            -495.32451             444.64429 
           -501.19399               6.02104            -495.17296             465.80527 
           -501.10253               5.94172            -495.16080             459.66944 
           -502.19359               7.01490            -495.17869             542.69365 
           -501.20067               6.22517            -494.97550             481.59771 
           -502.82556               8.00943            -494.81613             619.63324 
           -503.27422               8.45812            -494.81610             654.34528 
           -503.47258               8.43869            -495.03389             652.84188 
           -504.13100               8.95678            -495.17422             692.92338 
           -503.77476               8.68673            -495.08803             672.03169 
           -503.43486               8.32195            -495.11291             643.81117 
           -503.63192               8.28573            -495.34620             641.00875 
           -504.71134               9.20976            -495.50158             712.49413 
           -504.17721               8.76777            -495.40944             678.30077 
           -505.08806               9.71721            -495.37084             751.75268 
           -504.41426               9.05425            -495.36001             700.46396 
           -505.22753               9.87473            -495.35280             763.93866 
           -503.70070               8.47860            -495.22210             655.92995 
           -503.92331               9.00955            -494.91376             697.00564 
           -503.86704               8.98515            -494.88189             695.11791 
           -504.22059               9.07726            -495.14333             702.24364 
           -502.47470               7.14591            -495.32879             552.82899 
           -500.94496               5.69978            -495.24518             440.95195 
           -501.50314               6.17269            -495.33045             477.53794 
           -501.44056               5.89121            -495.54935             455.76154 
           -502.30588               6.55198            -495.75390             506.88059 
           -501.90612               6.10403            -495.80209             472.22621 
           -501.48685               5.77196            -495.71489             446.53594 
           -501.53018               6.04354            -495.48664             467.54662 
           -501.62405               6.06057            -495.56348             468.86354 
           -502.06673               6.53049            -495.53624             505.21803 
           -502.17455               6.80800            -495.36655             526.68704 
           -502.23192               6.79947            -495.43245             526.02760 
           -502.33027               6.49184            -495.83842             502.22842 
           -503.26903               7.19180            -496.07723             556.37918 
           -502.60350               6.45102            -496.15248             499.07033 
           -503.74958               7.35949            -496.39009             569.35198 
           -504.32176               7.74587            -496.57590             599.24335 
           -505.00556               8.39066            -496.61490             649.12666 
           -504.80082               8.42211            -496.37871             651.55939 
           -503.91867               7.78953            -496.12915             602.62092 
           -504.62141               8.41484            -496.20657             650.99677 
           -505.59715               9.31015            -496.28699             720.26122 
           -505.60554               9.40543            -496.20012             727.63178 
           -505.62274               9.46127            -496.16147             731.95230 
           -505.61612               9.20716            -496.40896             712.29370 
           -504.85087               8.26826            -496.58260             639.65757 
           -503.32630               6.75838            -496.56791             522.84866 
           -504.17302               7.60235            -496.57067             588.14040 
           -504.16698               7.58370            -496.58327             586.69779 
           -503.31320               6.57102            -496.74218             508.35393 
           -503.59402               6.72809            -496.86592             520.50519 
           -503.77715               6.93548            -496.84167             536.54919 
           -503.46750               6.74134            -496.72617             521.52999 
           -503.03799               6.24852            -496.78947             483.40445 
           -503.31744               6.49255            -496.82489             502.28309 
           -502.17820               5.51551            -496.66269             426.69665 
           -502.34393               5.91964            -496.42428             457.96138 
           -502.71374               6.31770            -496.39604             488.75637 
           -502.30109               5.84731            -496.45378             452.36558 
           -502.03749               5.56671            -496.47078             430.65733 
           -501.08765               4.64877            -496.43888             359.64243 
           -501.03493               4.59441            -496.44052             355.43693 
           -501.50754               4.89140            -496.61614             378.41293 
