              0.03826              -0.04765              -0.10958 
              0.02936              -0.03160              -0.04365 
             -0.02805               0.03573              -0.01712 
             -0.04588               0.04979               0.02763 
              0.00948              -0.01116              -0.05337 
              0.04414              -0.05422              -0.11282 
              0.01654              -0.02010              -0.14988 
             -0.03074               0.04193              -0.11463 
             -0.03811               0.04889              -0.04567 
              0.01259              -0.02156              -0.01799 
              0.04700              -0.06303               0.00792 
              0.00653              -0.00225              -0.02866 
             -0.03464               0.05029              -0.12626 
             -0.02791               0.04039              -0.14411 
              0.01249              -0.02767              -0.12741 
              0.04530              -0.06756              -0.05495 
              0.01548              -0.01284              -0.04855 
             -0.03093               0.05326               0.01533 
             -0.02488               0.04219              -0.06526 
             -0.04244               0.02299              -0.05026 
             -0.09304               0.07461               0.00588 
              0.01798              -0.00662               0.05816 
              0.04867              -0.01060              -0.01736 
              0.11316              -0.09864               0.10528 
             -0.00560              -0.03802               0.06238 
              0.04271              -0.06261              -0.17977 
              0.07317              -0.05659              -0.19289 
              0.02086              -0.00073              -0.14013 
             -0.01667               0.02976              -0.12660 
             -0.03080              -0.01155              -0.03772 
              0.05845              -0.06805               0.06598 
              0.06295              -0.03970               0.01607 
              0.00091               0.00642              -0.08171 
             -0.05427               0.04005              -0.33844 
             -0.13248              -0.16059               0.47677 
              0.02726              -0.23123              -0.03496 
              0.09074              -0.48731               0.17116 
              0.12752              -1.10983               0.96999 
              0.19669              -1.22992               1.25872 
             -0.28543              -0.80961               1.16401 
              0.00696              -0.75920               0.38691 
             -0.05015              -1.08335               1.06548 
             -0.00364              -0.30241              -0.11289 
              0.01924              -0.35396               0.04030 
             -0.02557              -0.26786              -0.01430 
              0.01688              -0.09388              -0.31775 
              0.00025              -0.00311              -0.45364 
             -0.00612              -0.10692              -0.32387 
             -0.00317              -0.13392              -0.27640 
              0.01933              -0.10653              -0.32816 
             -0.01163              -0.14497              -0.21636 
             -0.02311              -0.11638              -0.29282 
             -0.02302              -0.04828              -0.41484 
             -0.02254               0.06444              -0.33590 
             -0.06696               0.01112              -0.21120 
              0.00533              -0.02622              -0.20664 
              0.03508              -0.00122              -0.19472 
              0.00508               0.03078               0.00250 
             -0.03623              -0.03964               0.01486 
              0.27740              -0.15537               0.30147 
              0.20224               0.06843               0.32233 
              0.02950               0.07551              -0.01017 
              0.09880               0.44669               0.81888 
              0.01644               0.17090               0.24777 
             -0.05812               0.47007               0.69893 
             -0.02005               0.47022               0.15779 
              0.08538               0.45455               0.14181 
              0.15210               0.25772              -0.11473 
              0.19120               0.21053              -0.09784 
              0.00451               0.18427              -0.06753 
             -0.09056              -0.01111              -0.04383 
              0.14888              -0.25069              -0.05562 
              0.12015              -0.16986              -0.23300 
             -0.06648              -0.01282              -0.05374 
             -0.16433               0.13557              -0.07206 
              0.00613               0.05822              -0.48900 
              0.03111               0.00833              -0.44273 
              0.07742               0.14213              -0.32759 
              0.02330               0.08376              -0.07765 
             -0.04070               0.08514              -0.03118 
             -0.09022               0.16081              -0.13737 
             -0.00684               0.12781              -0.30518 
              0.10349               0.36245               0.31370 
              0.08124               0.21053              -0.14125 
             -0.17679               0.03985               0.10801 
             -0.14121              -0.12964              -0.16755 
             -0.16721               0.12819               0.59463 
              0.15241               0.57372               0.71664 
             -0.09445               0.26131               0.27342 
              0.14202               0.28205               0.10825 
              0.24757               0.02853               0.29865 
             -0.10258              -0.13838               0.03515 
             -0.16703              -0.21531               0.01332 
             -0.03270               0.16550              -0.33673 
             -0.03282               0.08468               0.06687 
              0.00329              -0.06014              -0.25239 
              0.13627              -0.02360              -0.04982 
              0.16302               0.08293              -0.35379 
             -0.02496               0.10017              -0.19267 
             -0.02597               0.06930              -0.41057 
             -0.06505              -0.01205              -0.00787 
             -0.03153              -0.12215              -0.20955 
              0.03890              -0.03225              -0.18088 
             -0.07373              -0.03205              -0.05333 
             -0.06335              -0.09467               0.04266 
             -0.02310              -0.15256               0.33867 
              0.06868              -0.05558               0.29472 
              0.17348              -0.18932               0.28108 
              0.18984              -0.17513               0.76886 
             -0.18394              -0.04008               0.08145 
             -0.06356              -0.28361               0.05504 
              0.05022              -0.27470               0.32403 
             -0.00730               0.05575               0.34973 
              0.20521              -0.07771               0.19902 
              0.10879              -0.14386              -0.33645 
             -0.05457              -0.27890              -0.11965 
             -0.37757              -0.17247               0.12000 
             -0.03064              -0.17185              -0.23448 
              0.02445              -0.05724              -0.15978 
              0.10413              -0.01072              -0.26518 
              0.04505              -0.09401              -0.34942 
              0.11120              -0.27593               0.23021 
              0.06996              -0.01197              -0.40444 
             -0.06037               0.01777               0.02879 
             -0.11167              -0.08690              -0.20152 
             -0.22876              -0.22814              -0.09843 
             -0.19246              -0.26041               0.35476 
             -0.04564              -0.13662              -0.16795 
              0.13721              -0.30030               0.05088 
              0.22603              -0.50512               0.39144 
              0.01360              -0.32597              -0.16479 
              0.01232              -0.50009               0.15426 
              0.08635              -0.27618              -0.14058 
              0.13762              -0.47033               0.19686 
              0.21102              -0.47507               0.43075 
             -0.02231              -0.10137              -0.16351 
             -0.05396              -0.15017              -0.21075 
              0.08120               0.01278               0.22317 
              0.10252              -0.18842              -0.23661 
              0.09216              -0.36234               0.01858 
              0.05423              -0.00716              -0.49200 
              0.08676              -0.03434               0.23220 
              0.08164              -0.06905              -0.04853 
             -0.00821              -0.13469              -0.07933 
              0.08249               0.00023              -0.25097 
              0.10391               0.07563              -0.30265 
              0.11772               0.17376               0.13594 
             -0.08160              -0.01066               0.01171 
             -0.03686              -0.02864              -0.29983 
              0.09719               0.01096               0.20580 
              0.00582               0.04867              -0.21705 
             -0.09420               0.25040               0.07663 
             -0.13421               0.18481               0.05959 
              0.03220               0.13927              -0.05796 
              0.19770              -0.04472              -0.09381 
              0.08770              -0.00039               0.39693 
              0.32253               0.04341               0.11782 
              0.01057               0.25253               0.04406 
              0.07874              -0.07206               0.02740 
              0.20506               0.03349              -0.10034 
              0.22403               0.13242               0.07977 
              0.02395               0.05471              -0.10160 
             -0.09787               0.08139               0.05121 
             -0.07184              -0.10501              -0.09643 
             -0.05855               0.08698               0.18849 
              0.06472               0.12238              -0.27002 
              0.08545               0.11154              -0.25559 
              0.08237              -0.00318              -0.12460 
             -0.03043               0.04278              -0.33280 
              0.05958               0.17733               0.32768 
              0.01974               0.05505              -0.12237 
             -0.02754               0.14192               0.01267 
              0.09234              -0.09772               0.11606 
             -0.04168              -0.03157              -0.33369 
             -0.47045               0.13931               0.38152 
             -0.02417               0.19321              -0.25869 
              0.02103               0.28173              -0.14178 
              0.07237               0.18789               0.04172 
              0.03578               0.24883               0.17437 
              0.02516               0.03402              -0.11692 
             -0.00135               0.44071               0.17674 
             -0.06049               0.47641               0.05544 
              0.05060               0.06374               0.05452 
              0.01412               0.00642              -0.11931 
              0.15229               0.09221               0.22181 
             -0.12726               0.21699               0.25745 
             -0.00454               0.13708              -0.21248 
              0.04491              -0.08306              -0.19663 
              0.10820              -0.05985              -0.22752 
              0.23518              -0.04019               0.00424 
             -0.01952               0.04803               0.05758 
             -0.15608               0.31906              -0.09381 
              0.12142               0.23736              -0.05679 
              0.24209               0.14133               0.13184 
             -0.13018              -0.01360              -0.00648 
              0.01644              -0.06135              -0.18015 
             -0.10368              -0.00448              -0.27119 
             -0.02713              -0.35376               0.21159 
             -0.08760               0.00876              -0.29592 
             -0.11534               0.12194               0.35588 
             -0.04003               0.05482              -0.32725 
              0.08123              -0.12046               0.08839 
              0.17038              -0.33505               0.09473 
             -0.06028               0.15268               0.09052 
             -0.01463              -0.23120               0.27236 
             -0.04554              -0.08330              -0.23474 
              0.11058              -0.05045               0.37401 
              0.17529               0.20233               0.31468 
              0.03518               0.11396              -0.03310 
             -0.04594              -0.09673               0.03291 
              0.00363              -0.18916              -0.21048 
             -0.20468              -0.23389              -0.14023 
              0.09326              -0.15309               0.49070 
             -0.00537              -0.07625              -0.38733 
              0.22716               0.09192               0.17439 
             -0.13073              -0.43946               0.46837 
              0.02814              -0.08465              -0.49228 
              0.02160              -0.03444               0.33048 
              0.07921               0.07121              -0.21791 
             -0.11501               0.00365              -0.30521 
             -0.20349               0.01373              -0.18431 
             -0.08692              -0.11858              -0.13054 
             -0.01154              -0.12282               0.07907 
              0.10274              -0.30617               0.10323 
             -0.01969              -0.12171              -0.41784 
             -0.00454               0.04681              -0.16865 
             -0.12599              -0.05647               0.00432 
              0.00633              -0.24063               0.13783 
              0.12278              -0.06820              -0.15848 
              0.06282              -0.03068              -0.27557 
              0.12665              -0.28552               0.30395 
              0.04847              -0.32771               0.04197 
             -0.00116              -0.35799               0.31523 
             -0.14667              -0.22007               0.05942 
             -0.07912              -0.25168               0.22852 
              0.00208              -0.31219               0.16332 
              0.04403              -0.02851               0.10587 
              0.03613              -0.15273              -0.07604 
             -0.10582              -0.11854              -0.17924 
              0.00871              -0.21602              -0.03543 
             -0.06407              -0.05216               0.10654 
             -0.02622               0.00991              -0.33444 
              0.34703               0.23388               0.19876 
              0.05692              -0.01743              -0.10359 
              0.02379               0.02461              -0.31849 
             -0.06363               0.04289              -0.09121 
              0.05468              -0.13621              -0.37201 
              0.06236              -0.04890              -0.26341 
             -0.01946              -0.14648              -0.15135 
             -0.06935              -0.09442              -0.19354 
             -0.11162              -0.05435              -0.23548 
             -0.23111               0.07826              -0.09845 
             -0.09800              -0.00611              -0.15348 
             -0.25849               0.20309               0.29891 
              0.02473              -0.32193               0.19660 
             -0.13782              -0.23736               0.39792 
             -0.05021              -0.21165               0.06617 
             -0.02666              -0.09712              -0.18548 
             -0.02300              -0.36979               0.49674 
              0.03820              -0.09905              -0.09162 
              0.09719              -0.03616              -0.12432 
             -0.05900               0.22213               0.42644 
              0.18655               0.02047              -0.01112 
              0.09571               0.23820              -0.00575 
              0.01682               0.00131               0.34537 
             -0.03878              -0.08381              -0.09004 
             -0.06444               0.01054              -0.10525 
              0.04757               0.06084              -0.21898 
              0.40912               0.29516               0.14017 
              0.17081              -0.05816               0.16932 
              0.06288               0.14084              -0.11079 
             -0.16645              -0.07672               0.05337 
              0.06615              -0.01031              -0.38790 
              0.13677               0.08323               0.04116 
              0.12176               0.19519              -0.07504 
              0.14824               0.14258              -0.11777 
              0.00093               0.01765              -0.29787 
             -0.09884              -0.07131              -0.00914 
             -0.02779              -0.09926               0.24817 
             -0.14088              -0.27885               0.39396 
             -0.06208               0.10971              -0.31487 
              0.09943              -0.00898               0.00891 
              0.06389               0.09363              -0.16552 
              0.09476               0.09589               0.25183 
              0.00310               0.05697               0.01662 
             -0.12656               0.17380              -0.07221 
              0.01647               0.06128              -0.13410 
              0.23650              -0.14032               0.70351 
             -0.10705               0.36886               0.07680 
             -0.28181               0.30763              -0.06128 
              0.05817               0.13217              -0.26235 
             -0.15390               0.44825               0.96738 
              0.03398               0.26315              -0.08870 
              0.04951              -0.20471               0.18610 
              0.02638              -0.27901               0.03232 
             -0.10174              -0.07010              -0.02582 
             -0.05106              -0.00078               0.01836 
             -0.08745               0.33807              -0.03125 
              0.00390              -0.03371              -0.07318 
              0.09485               0.11571              -0.18427 
              0.06381               0.13745              -0.16826 
             -0.06583              -0.03509              -0.12280 
              0.02448              -0.21025              -0.12788 
             -0.13029              -0.00335               0.03544 
              0.00435              -0.06912              -0.46694 
              0.07000               0.01973              -0.03054 
              0.09369              -0.14902              -0.08184 
              0.03140               0.12068              -0.23637 
             -0.20488               0.19786               0.26171 
             -0.21737              -0.01740               0.37922 
              0.07537               0.04786              -0.41946 
             -0.25169              -0.34897               0.41742 
             -0.04635              -0.11076              -0.36381 
              0.00466              -0.34765               0.53243 
              0.23449              -0.21777               0.24745 
             -0.06487              -0.13336              -0.23425 
             -0.13277              -0.42820               0.36004 
             -0.07827              -0.09181               0.68399 
              0.14272               0.06681              -0.13148 
              0.35134               0.05450              -0.12543 
             -0.13106              -0.04844              -0.26056 
              0.19720              -0.52937               0.43858 
              0.06281              -0.33817               0.21068 
             -0.13741              -0.40702              -0.27170 
             -0.00665              -0.06534              -0.26755 
              0.07777              -0.17773              -0.20734 
              0.15038              -0.38820               0.22357 
             -0.07412              -0.01658               0.10928 
             -0.01005               0.03781              -0.17570 
              0.00576               0.06169              -0.43991 
             -0.00458               0.19351               0.25091 
             -0.08568              -0.05332              -0.23340 
              0.00045              -0.20633               0.16524 
              0.00191              -0.14154              -0.38827 
              0.15858              -0.30805               0.05379 
              0.18597              -0.02760              -0.15658 
             -0.30551               0.17780               0.38736 
              0.01246               0.07858              -0.15345 
             -0.20916              -0.06647               0.05762 
             -0.08006              -0.09940              -0.05303 
             -0.17622               0.13123               0.46446 
              0.30642               0.19237               0.23199 
              0.30489               0.03389              -0.12795 
             -0.24713              -0.36469              -0.49209 
             -0.17416              -0.09231               0.22783 
              0.20058              -0.06949              -0.02304 
              0.03989               0.20184              -0.19068 
              0.18679               0.12825              -0.09536 
             -0.02942               0.14054              -0.16319 
              0.09876              -0.22591               0.32183 
              0.26407              -0.46321               0.30222 
             -0.15564              -0.19466               0.09553 
             -0.11279              -0.09155              -0.05318 
              0.02426              -0.17172               0.21285 
             -0.18073               0.05469              -0.26423 
              0.15662              -0.17299               0.22005 
             -0.06283              -0.01845              -0.49774 
              0.08140               0.08350              -0.09247 
             -0.08013              -0.21306              -0.00301 
              0.21980               0.13240              -0.29838 
             -0.02828              -0.16882               0.03728 
             -0.14439              -0.29631               0.06335 
              0.12429              -0.08109              -0.03484 
              0.02556               0.10186              -0.38823 
             -0.07127              -0.07808               0.11562 
              0.13391              -0.01076              -0.21577 
              0.06008              -0.02226               0.10403 
             -0.00643               0.12936              -0.23060 
             -0.05630               0.15751              -0.40282 
             -0.25996               0.16520               0.12554 
             -0.09221              -0.02902               0.24480 
             -0.11875               0.03358              -0.11042 
              0.12829               0.24480              -0.13721 
              0.02563               0.09850              -0.19386 
              0.12566              -0.09043               0.24454 
             -0.03978               0.06958               0.07727 
             -0.18420               0.15095              -0.07693 
             -0.11858               0.05523              -0.04588 
              0.25714               0.15651               0.73754 
             -0.10259               0.20752               0.12374 
             -0.12956               0.26968               0.09896 
              0.50161               0.18575              -0.07046 
              0.12825              -0.26889              -0.14520 
              0.45390              -0.13425               0.18978 
              0.08423              -0.13085              -0.19389 
             -1.31182               0.17287               1.38299 
         142346.29271          384549.52365         -187793.52725 
             -0.00175              -0.00239              -0.08209 
              0.30667               0.61879               0.24423 
             -3.37057              -7.94707               6.85112 
             -0.00474               0.00137              -0.20305 
              0.00000               0.58828               0.63116 
             -0.07336               0.04452              -0.12836 
             -0.00030               0.00583              -0.11302 
             -0.00261               0.01261              -0.11475 
              0.02002              -0.02205              -0.08995 
              0.03182              -0.11128              -0.17673 
             -0.00370               0.02498              -0.08455 
             -0.00626               0.00166              -0.08135 
             -0.00112               0.00072              -0.07985 
