              0.06856              -0.11573              -0.09728 
              0.01669              -0.16816              -0.02026 
             -0.05493              -0.20458               0.33148 
              0.03138              -0.12496               0.08524 
              0.06469              -0.03033               0.02295 
             -0.02730               0.08470              -0.14872 
             -0.06008               0.14572              -0.27759 
             -0.00480               0.21401              -0.06724 
              0.03942               0.16667              -0.04021 
             -0.05101               0.08934               0.24360 
             -0.05097              -0.03075               0.14909 
              0.05417              -0.15039               0.00867 
              0.06120              -0.21018              -0.08579 
             -0.00957              -0.16146              -0.26460 
             -0.03290              -0.11638              -0.13738 
              0.04857              -0.02907              -0.03535 
              0.05189               0.09491               0.17483 
             -0.08265               0.19028               0.22640 
             -0.05208               0.19931               0.04019 
              0.02743               0.14139              -0.08851 
              0.01625               0.03725              -0.24440 
             -0.03606              -0.04722              -0.20257 
             -0.02553              -0.14991              -0.02075 
              0.08758              -0.21187               0.17412 
              0.04000              -0.15935               0.21635 
             -0.05372              -0.08353               0.08120 
              0.00868               0.03818              -0.11324 
              0.03534               0.12750              -0.21793 
             -0.01048               0.17731              -0.17416 
             -0.07040               0.20406              -0.07392 
             -0.03824               0.14886               0.16323 
              0.06178               0.00120               0.17922 
             -0.01265              -0.10160               0.10778 
             -0.03650              -0.18264              -0.04780 
              0.04327              -0.18554              -0.22708 
              0.06696              -0.16248              -0.16386 
             -0.00329              -0.06552              -0.14121 
             -0.04826               0.05389               0.11226 
              0.01576               0.14943               0.23901 
              0.02597               0.17354               0.09230 
             -0.06468               0.20301               0.04650 
             -0.04080               0.09122              -0.28170 
              0.03270              -0.01753              -0.14779 
              0.03578              -0.10820              -0.16877 
             -0.03020              -0.18899               0.06969 
             -0.01466              -0.20177               0.31269 
              0.05815              -0.10375               0.01831 
              0.03928              -0.04906               0.09806 
             -0.03932               0.09512              -0.26021 
             -0.03190               0.18645              -0.19370 
              0.03422               0.18625              -0.11557 
              0.00867               0.16294               0.00127 
             -0.09314               0.08028               0.28807 
             -0.01343              -0.02421               0.05516 
              0.06417              -0.17644               0.10827 
              0.01528              -0.21539              -0.18307 
             -0.02047              -0.16046              -0.22211 
              0.01020              -0.09349              -0.14817 
              0.07773              -0.03610              -0.02268 
             -0.00493               0.10517               0.19256 
             -0.08184               0.18775               0.15014 
              0.00073               0.19932               0.06416 
              0.02070               0.12335              -0.16847 
             -0.01803               0.01630              -0.27705 
             -0.04042              -0.06148              -0.38162 
             -0.01611              -0.11820              -0.27273 
              0.04963              -0.15015              -0.35324 
              0.09233              -0.13835               0.45034 
             -0.03635               0.29186               0.09597 
              0.01407               0.49212               0.21240 
              0.04000               1.20050               0.79529 
             -0.00037               0.99748               0.24248 
             -0.03413               0.98302               0.20923 
             -0.09192               0.67408               0.69250 
              0.06543               0.89310               0.74910 
              0.06554               0.71648               0.05410 
              0.09871              -0.04545               0.61779 
             -0.08004               0.00055              -0.34472 
             -0.00150               0.58183               0.19975 
              0.10201               0.00915              -0.45340 
              0.03043              -0.23961              -0.49144 
             -0.01471               0.02817              -0.63545 
              0.00148               0.57248               0.02100 
             -0.01958               0.26214              -0.60038 
             -0.11387               0.12621               0.01222 
              0.02480              -0.04771              -0.44602 
              0.07122               0.04321              -0.29472 
             -0.01796               0.08424              -0.59171 
             -0.08293               0.24623              -0.34237 
              0.00588               0.54272              -0.23998 
              0.07933               0.28614              -0.22821 
             -0.01684              -0.37406               1.39749 
              0.06165               0.24680               0.45267 
              0.04681               0.12442               0.36237 
             -0.14509               0.29666               0.11635 
              0.10984              -0.28338               0.56170 
             -0.10978               0.49463               0.94789 
             -0.02545               0.26532               0.10849 
              0.24032              -0.40181               0.43573 
             -0.05710              -0.14305              -0.21450 
             -0.07427               0.19068              -0.40664 
              0.01147               0.11243              -0.70882 
              0.05611              -0.06279              -0.53975 
             -0.02935              -0.17311              -0.25264 
             -0.12798              -0.04329              -0.41959 
             -0.09572              -0.01044               0.08046 
              0.03764              -0.00466              -0.50234 
              0.05711              -0.07048              -0.29143 
              0.02320              -0.11389              -0.65569 
             -0.00558              -0.10005               0.12736 
             -0.01877               0.22693              -0.28179 
              0.03724               0.00708              -0.36406 
              0.03946              -0.74056               0.39235 
             -0.01749              -0.60416              -0.02207 
             -0.05017              -0.62009               0.75548 
             -0.13993              -0.81054               1.60417 
              0.05975              -0.22885              -0.30791 
              0.13329              -0.87483               1.30195 
             -0.02677              -0.35346               0.37609 
              0.15451              -0.39785               0.59483 
              0.06109              -0.35755              -0.22731 
             -0.05619              -0.41596              -0.42891 
             -0.03727              -0.32606              -0.64709 
             -0.02919              -0.38116              -0.48568 
             -0.09767              -0.52532              -0.20339 
             -0.08617              -0.15791              -0.22508 
              0.12681               0.13688              -0.41750 
              0.17032              -0.01004              -0.34152 
             -0.00677              -0.16160              -0.54197 
             -0.03303              -0.25670              -0.05219 
              0.10510              -0.19578              -0.35647 
              0.05598              -0.30885              -0.20179 
             -0.00867              -0.11133              -0.35166 
              0.08399              -0.53067               0.50610 
             -0.13987              -0.90739               0.39338 
             -0.07752              -1.01366               0.39197 
              0.18076              -0.89091               0.29265 
              0.09310              -0.94457               0.28863 
             -0.07285              -1.09708               0.50424 
             -0.07750              -1.30896               0.82298 
              0.03983              -0.93199               0.27267 
              0.06954              -0.71377              -0.00468 
              0.04156              -0.44808              -0.39230 
             -0.05786              -0.65792               0.03448 
             -0.04149              -0.23614              -0.48465 
              0.00376              -0.24525               0.09808 
             -0.03038              -0.24871              -0.43373 
             -0.12857              -0.27145              -0.28297 
             -0.14213              -0.26580              -0.11653 
              0.03990              -0.13239              -0.37758 
              0.30452              -0.06202              -0.24117 
              0.09099              -0.02574              -0.46276 
             -0.01688               0.16640              -0.14925 
             -0.05785              -0.00558               0.07934 
             -0.24026              -0.49893               0.13006 
             -0.35982              -0.33737              -0.00610 
             -0.15371              -0.19037              -0.13257 
              0.03716              -0.15419               0.17294 
              0.01352              -0.32539               0.10350 
             -0.35201              -0.80118               0.81885 
             -0.53445              -0.10676               0.42418 
             -0.23833               0.18615               0.16544 
             -0.08333               0.18306              -0.01571 
             -0.06631               0.44252              -0.13506 
             -0.18568               0.43249              -0.27029 
             -0.16155               0.50846              -0.18966 
             -0.04252               0.59317              -0.10638 
              0.07098               0.62487               0.03958 
              0.05838               0.25196              -0.62881 
              0.15576               0.59228               0.31340 
              0.10605               0.25047              -0.45707 
              0.39591               0.25398              -0.01975 
              0.28971               0.05147              -0.38262 
             -0.42415               0.01139               0.71816 
             -0.35902               0.17123              -0.15628 
             -0.12705               0.50497               0.21488 
             -0.00197               0.04619               0.76117 
             -0.03564               0.08056              -0.62882 
             -0.26638               0.92151               0.85527 
             -0.14088               0.36728              -0.34393 
              0.18822               0.31657              -0.05810 
              0.41956               0.67929               0.42131 
              0.21038               0.56527              -0.11231 
              0.42585               0.09301               0.15512 
             -0.23496              -0.29988              -0.13221 
             -0.59592              -0.02798              -0.08112 
              0.06563               0.34664              -0.05212 
              0.19975               0.09613              -0.03064 
             -0.38329              -0.16145              -0.05159 
             -0.15666               0.22045              -0.32393 
              0.26201               0.53317               0.37768 
              0.02335              -0.03220              -0.47225 
              0.10498              -0.01742               0.41728 
              0.18269               0.16105              -0.66904 
              0.42806               0.38596               0.30278 
             -0.10480              -0.04721               0.03729 
             -0.18751              -0.13787              -0.32103 
             -0.09763              -0.33999               0.54191 
             -0.05627               0.09450              -0.41644 
             -0.11378               0.24689              -0.07346 
             -0.00542              -0.32470              -0.04945 
              0.16121               0.00166              -0.00589 
              0.17998               0.40189              -0.03885 
              0.38399              -0.07841               0.19769 
              0.04126              -0.10599               0.27090 
             -0.08198               0.06453              -0.08526 
             -0.08264              -0.45845               0.00688 
             -0.28592              -0.47399               0.22012 
             -0.07898              -0.14440              -0.26015 
              0.08919              -0.24407              -0.29918 
             -0.00582              -0.15101               0.24082 
             -0.01562              -0.25565              -0.04557 
              0.11148              -0.09130              -0.23307 
              0.18362               0.34899               0.32041 
              0.01340              -0.08844              -0.60956 
              0.09973              -0.78325               0.38521 
             -0.07666              -0.25370              -0.12428 
             -0.25043              -0.15492               0.10561 
             -0.08175              -0.36366               0.02061 
             -0.19968              -0.30851               0.25138 
             -0.12759              -0.52207              -0.00067 
              0.10317              -0.53834              -0.15677 
              0.14621              -0.61515               0.37586 
              0.12912              -0.24808              -0.06288 
              0.05028              -0.05627               0.18534 
              0.16480              -0.17494               0.48691 
             -0.01213              -0.30767              -0.54065 
             -0.14382              -0.82613               0.42097 
             -0.12080              -0.42860               0.01558 
             -0.13273              -0.35501              -0.08177 
             -0.18423              -0.42578               0.21882 
             -0.01999              -0.46869              -0.16299 
              0.07354              -0.66612               0.07369 
              0.06104              -0.15732              -0.48624 
             -0.05265              -0.36055               0.48357 
              0.02763              -0.29812              -0.40994 
              0.20509              -0.47734               0.09690 
              0.18331              -0.70734               0.18958 
              0.13088              -0.52295              -0.22362 
              0.13665              -0.55871               0.07006 
             -0.24936              -0.35667              -0.09817 
             -0.23221              -0.29115              -0.01877 
              0.00802              -0.49779               0.11488 
             -0.13137              -0.65972               0.30312 
             -0.13322              -0.42457              -0.31278 
             -0.19692              -0.83920               0.46998 
             -0.12417              -0.45705              -0.26638 
              0.09773              -0.44865              -0.18647 
              0.36964              -0.27370              -0.10825 
              0.22335              -0.14313               0.11157 
              0.00030              -0.18827              -0.36665 
             -0.15145              -0.32958               0.22267 
             -0.05296              -0.21832              -0.24640 
              0.06299              -0.31332              -0.11035 
              0.01519               0.09966              -0.22648 
             -0.00916              -0.07371               0.00627 
             -0.17117              -0.23067              -0.08135 
              0.08262              -0.35307              -0.19339 
              0.18799              -0.52389               0.23725 
             -0.00900              -0.38166              -0.32104 
             -0.12472              -0.03569               0.20509 
              0.19871               0.22517              -0.07932 
              0.17330              -0.07238              -0.11840 
             -0.01524              -0.24953              -0.04467 
             -0.23918              -0.23256              -0.00216 
              0.03722               0.11532               0.21918 
              0.44665               0.27469               0.10491 
              0.22995               0.25007              -0.33451 
              0.06071               0.36470              -0.26325 
             -0.30502               0.27031              -0.28218 
             -0.25024               0.23606               0.08484 
              0.17468              -0.02633               0.04284 
              0.23133               0.26210               0.23534 
             -0.26027               0.25643              -0.05009 
             -0.08136               0.04039              -0.00572 
              0.11823               0.54940               0.18072 
             -0.01545               0.61082              -0.13183 
             -0.17681               0.71263               0.27322 
              0.01629               0.41535               0.07556 
              0.32399               0.28252               0.16030 
              0.13126               0.17416               0.07178 
              0.01026               0.37182              -0.28564 
             -0.15093               0.24211              -0.06992 
              0.06887              -0.13028              -0.20575 
              0.17186              -0.09344               0.20704 
             -0.15953               0.21505              -0.08180 
             -0.24327               0.30654              -0.12051 
             -0.02017               0.10522              -0.27498 
              0.27244              -0.03962              -0.12887 
              0.02274               0.23777              -0.46462 
             -0.08710               0.25153               0.02229 
              0.07529              -0.20232               0.19641 
              0.15766               0.21243              -0.02289 
             -0.12774               0.22373               0.28411 
             -0.22728              -0.24275               0.09904 
              0.11237              -0.07900               0.00338 
             -0.05220               0.16914               0.02009 
             -0.25137              -0.00746              -0.07635 
             -0.24121               0.05524               0.29789 
              0.35995               0.01699               0.10663 
              0.16688               0.22359              -0.13558 
             -0.06582               0.10466               0.42855 
              0.05904              -0.31347              -0.05654 
              0.03182              -0.00032              -0.16565 
             -0.31361               0.11312               0.07181 
             -0.17620              -0.20149              -0.15445 
              0.07212              -0.26690              -0.07527 
              0.23168              -0.17177              -0.16357 
              0.00322              -0.14065              -0.26356 
             -0.13856               0.09647              -0.14244 
              0.05063              -0.01902              -0.20499 
              0.29274              -0.38954               0.18626 
             -0.04933              -0.11279              -0.06363 
             -0.07043               0.23098               0.36591 
             -0.09659              -0.08613              -0.18956 
             -0.12390              -0.29563               0.06134 
             -0.10850              -0.12076              -0.04493 
             -0.12019              -0.05319              -0.19066 
             -0.04562              -0.48964               0.10789 
              0.01137              -0.53565              -0.16936 
              0.16683              -0.64969               0.01334 
              0.09474              -0.60360               0.39272 
              0.00049              -0.00698              -0.22649 
              0.20119              -0.14970               0.12071 
              0.09338              -0.27088               0.11975 
             -0.18359               0.15687               0.31443 
             -0.09365              -0.36581               0.04502 
              0.07844              -0.53670               0.21264 
              0.00486              -0.50886              -0.01948 
             -0.08501              -0.34577              -0.39653 
             -0.11215              -0.63177               0.31727 
             -0.02426              -0.20296              -0.59717 
              0.25591              -0.54527               0.47412 
             -0.01302              -0.06586              -0.56326 
             -0.05942              -0.49516               0.40026 
              0.09519              -0.43577              -0.28748 
              0.22979              -0.30386              -0.38106 
              0.38595              -0.59131               0.29986 
             -0.09405              -0.32013              -0.34641 
             -0.67447              -0.30948               0.44316 
             -0.11028              -0.22956              -0.02240 
             -0.11334              -0.55308               0.42279 
             -0.08094              -0.53611              -0.18742 
             -0.00641              -0.62376              -0.15459 
             -0.06415              -0.74947               0.19910 
             -0.01711              -0.38476               0.05838 
             -0.03756              -0.29992               0.08510 
             -0.11041              -0.56161               0.13676 
             -0.03135              -0.33536              -0.26357 
             -0.20395              -0.28530               0.14880 
             -0.18219              -0.33241              -0.07503 
             -0.24735              -0.39744               0.18170 
             -0.18295               0.12809               0.07253 
             -0.08821               0.20126              -0.17967 
             -0.18954              -0.26817              -0.13489 
             -0.31803              -0.27194              -0.15289 
             -0.33136               0.11778              -0.11186 
             -0.26394               0.25056              -0.17068 
             -0.12089              -0.03757              -0.39760 
             -0.20726              -0.22235               0.50503 
             -0.08158               0.04762              -0.30337 
             -0.05698              -0.00411              -0.23446 
             -0.16881               0.05177               0.11350 
              0.03379               0.04545              -0.08347 
             -0.05457               0.11514              -0.16353 
             -0.29176               0.16124               0.17557 
             -0.29251               0.19934              -0.07367 
             -0.12011               0.35614              -0.15662 
              0.12245               0.76885               0.56039 
              0.21961               0.39306              -0.07669 
              0.06406               0.34410              -0.01331 
              0.09020               0.32149               0.02569 
              0.22451               0.40325              -0.06590 
              0.07957               0.19743              -0.14494 
             -0.40617               0.04901               0.55795 
             -0.16338               0.63355               0.17685 
             -0.17883               0.39665               0.07515 
             -0.02565              -0.23477               0.33997 
              0.01612               0.08838              -0.31974 
              0.06658               0.37721              -0.05344 
             -0.24265               0.11455              -0.38494 
             -0.11818               0.36299               0.51748 
              0.22970               0.15592              -0.33754 
              0.13006               0.22186              -0.47283 
              0.08610               0.67782               0.26200 
              0.21267              -0.05930              -0.34694 
              0.10272              -0.11800              -0.33582 
             -0.17268               0.18428               0.57674 
             -0.31385               0.11916               0.08041 
             -0.12955              -0.08086              -0.03931 
              0.01806              -0.05991               0.46851 
              0.11013               0.04119              -0.09002 
             -0.12724               0.33295               0.18325 
             -0.24422               0.44759              -0.08477 
              0.18730               0.28525               0.22230 
              0.35450              -0.01514              -0.22699 
              0.45318               0.01678               0.52208 
             -0.11395              -0.03547               0.00845 
             -0.26907              -0.02519              -0.35855 
             -0.19797              -0.06888               0.27791 
             -0.07662              -0.30522               0.04230 
             -0.10668              -0.14686              -0.54485 
             -0.09501              -0.06376               0.19932 
              0.10237               0.40402               0.15699 
             -0.25247               0.13800              -0.22735 
             -0.15844               0.02002               0.09143 
              0.33873              -0.08318              -0.04392 
              0.32517              -0.18282              -0.32633 
              0.25003               0.09662               0.01184 
              0.20603              -0.30873               0.01562 
             -0.34845              -0.30714              -0.03877 
             -0.36927              -0.19211              -0.24408 
             -0.33727              -0.08879               0.10172 
              0.17967              -0.15361               0.26008 
              0.07925              -0.05901              -0.08933 
             -0.54804              -0.25124               0.81294 
             -0.01665              -0.30921              -0.12184 
              0.31261              -0.26706               0.04435 
              0.46951              -0.25019               0.23388 
              0.34102              -0.06491              -0.09151 
              0.06663              -0.34407               0.14722 
             -0.06503              -0.29419              -0.36417 
             -0.18665              -0.53300              -0.06739 
             -0.28494              -0.40468              -0.19297 
             -0.24961              -0.22692              -0.42140 
             -0.18990              -0.29201              -0.30826 
              0.04173              -0.32378               0.06437 
              0.00456              -0.04591              -0.17767 
             -0.43254               0.07570               0.34531 
              0.02007              -0.33514               0.00061 
              0.19120              -0.32692              -0.33133 
              0.32693              -0.58237               0.28613 
              0.14068              -0.21140              -0.44822 
              0.34679              -0.55906               0.66714 
             -0.08062              -0.33625              -0.33473 
             -0.20682              -0.56640              -0.09536 
             -0.20276              -0.36567              -0.24991 
             -0.20875              -0.84719               0.48210 
             -0.05108              -0.27660              -0.54310 
             -0.11103              -1.02149               0.74582 
             -0.09595              -0.30519              -0.26966 
             -0.01299              -0.42393              -0.32903 
              0.06889              -0.58415               0.63450 
              0.09104              -0.27170              -0.50822 
              0.28735              -0.83001               0.88181 
              0.12940              -0.10904              -0.18418 
              0.04780              -0.25080               0.15787 
             -0.08843              -0.26272              -0.26723 
             -0.19422              -0.15165              -0.01725 
             -0.05067               0.13367              -0.24418 
              0.28526              -0.10286              -0.04237 
              0.26838              -0.10019              -0.30767 
              0.15979              -0.10834              -0.04948 
             -0.00692              -0.07740              -0.17808 
             -0.30849              -0.00063              -0.11716 
              0.06843               0.08632              -0.38696 
              0.09153              -0.02238              -0.29021 
              0.04281               0.06575              -0.26631 
             -0.06997              -0.04870               0.10135 
             -0.10344               0.09187              -0.46668 
             -0.36706               0.11919               0.83737 
             -0.03226              -0.06509              -0.12844 
             -0.04263               0.30049               0.34311 
             -0.20000               0.18696              -0.28215 
             -0.33091               0.12313              -0.07578 
             -0.12787               0.22305               0.23448 
              0.11371               0.29874              -0.04530 
              0.29332               0.21286               0.52977 
              0.01365               0.35162              -0.25926 
             -0.02853               0.50595              -0.04216 
             -0.14868               0.00881               0.20461 
             -0.10359               0.10904              -0.33679 
              0.08936               0.24194               0.34407 
              0.04644               0.10976              -0.29845 
             -0.40066               0.30864               0.34630 
              0.19177               0.21563              -0.34570 
              0.64452               0.05708               0.18345 
              0.18647              -0.01167              -0.41993 
             -0.17839               0.12675              -0.32759 
             -0.02883               0.25697              -0.35278 
             -0.13348               0.42203               0.01173 
              0.02181               0.01182               0.02975 
              0.12610              -0.18310              -0.17110 
             -0.00941               0.22145               0.21706 
             -0.05611               0.11098              -0.41838 
             -0.06360               0.34786               0.47284 
             -0.40294               0.23799               0.04631 
             -0.04563               0.04072               0.41446 
              0.45320               0.14444               0.04929 
              0.09492               0.23873               0.03666 
             -0.09577               0.54926               0.68247 
              0.09385               0.30505               0.02347 
              0.07983               0.14130              -0.34515 
              0.04472              -0.13019               0.37504 
             -0.04400              -0.05911              -0.41796 
             -0.30369              -0.08273               0.06963 
             -0.37360               0.02764              -0.25838 
              0.16685               0.23561               0.31043 
              0.36780               0.08909              -0.21077 
              0.38394              -0.00119               0.01637 
             -0.13838              -0.09625              -0.26081 
             -0.00552               0.00127              -0.23915 
              0.26958               0.16704               0.14137 
              0.26561               0.05819              -0.24326 
              0.06164              -0.48564               0.39231 
             -0.39773              -0.13605              -0.20627 
             -0.48133              -0.19981              -0.18806 
              0.09001              -0.22417              -0.05253 
              0.33850              -0.09036               0.07287 
             -0.12729              -0.06412              -0.07276 
              0.04508              -0.32647               0.26039 
              0.08801               0.04666               0.20146 
              0.11871              -0.19562               0.02624 
              0.29599              -0.35249               0.09115 
              0.30181               0.06076              -0.30427 
             -0.01783               0.17037               0.05000 
             -0.32767              -0.32141              -0.00214 
             -0.27122              -0.19158               0.32433 
             -0.34286              -0.48405               0.11117 
             -0.08041              -0.48055              -0.13326 
              0.03299              -0.25565               0.03892 
              0.06248              -0.05027              -0.32061 
              0.06854              -0.22498              -0.23408 
              0.10708              -0.27860              -0.42675 
              0.30210              -0.25882               0.33236 
              0.28630              -0.17594              -0.32247 
              0.28803              -0.86742               0.83000 
             -0.00063              -0.18873              -0.21754 
             -0.20065              -0.10105               0.02594 
             -0.29642              -0.23082              -0.18928 
             -0.03568              -0.27688               0.02350 
             -0.14796              -0.07366              -0.17645 
             -0.11563              -0.38265              -0.09786 
              0.08448              -0.76665               0.17123 
             -0.17327              -0.65796               0.07731 
             -0.16453              -0.42827               0.00610 
              0.23009              -0.55815               0.25571 
              0.19127              -0.47136              -0.13431 
              0.05978              -0.58238               0.30392 
              0.10528              -0.16898               0.53068 
             -0.06029              -0.58279               0.11216 
             -0.02624              -0.38686              -0.25456 
             -0.44723              -0.41609               0.17885 
             -0.21269              -0.28407              -0.03870 
             -0.04473              -0.54821              -0.05028 
              0.07648              -0.67737               0.13902 
              0.03278              -0.47288              -0.10612 
             -0.01648              -0.02170              -0.10960 
              0.00704              -0.60018               0.18484 
              0.44416              -0.35724               0.02732 
              0.23775               0.00969              -0.48482 
              0.08779               0.12413              -0.19865 
              0.07102               0.06824              -0.44370 
              0.20831              -0.09104              -0.03441 
              0.09168              -0.15139              -0.52185 
             -0.56902              -0.09994               1.04515 
             -0.03284               0.00388              -0.41271 
              0.10581               0.10786              -0.12643 
              0.21909               0.18093              -0.28505 
              0.07125               0.25298               0.12004 
              0.07022              -0.15908              -0.34255 
             -0.28819              -0.02126               0.02020 
             -0.40677               0.16891              -0.15987 
             -0.31161               0.50074               0.35317 
              0.28473               0.27751               0.21814 
              0.17455               0.46451               0.03197 
              0.03853               0.46466              -0.35125 
              0.02487               0.35353              -0.48804 
              0.16752               0.50256              -0.04369 
             -0.36020               0.01615               0.15306 
             -0.14904               0.22650               0.17056 
              0.48536               0.23447               0.52517 
              0.03723              -0.12223               0.32554 
              0.00180               0.03150              -0.32450 
              0.06866               0.15218              -0.07371 
             -0.21778               0.11790               0.01871 
             -0.22365               0.19968              -0.19260 
              0.01891               0.41993              -0.13959 
              0.12788               0.65259               0.12886 
              0.18549               0.29001              -0.07055 
              0.10015               0.15090              -0.12718 
              0.07677               0.14038               0.02958 
             -0.17636              -0.06600              -0.09809 
             -0.14464              -0.04287              -0.35065 
              0.13736              -0.09907              -0.07121 
              0.82236              -0.21338               0.53514 
             -0.02295              -0.01402              -0.31274 
             -0.71611               0.12064               0.44901 
             -0.24834               0.03270              -0.44403 
              0.00352               0.52607               0.03412 
              0.06350               0.23749              -0.33509 
              0.28977               0.30729               0.49029 
             -0.00912               0.40446              -0.13957 
             -0.06440               0.46393               0.03883 
             -0.15993               0.21808              -0.05838 
              0.05325              -0.55463               0.17375 
              0.13771              -0.55188               0.01925 
              0.13344               0.02210              -0.01786 
              0.17996               0.19159              -0.13596 
             -0.12854              -0.26957               0.31371 
