             -0.03487              -0.08443              -0.27434 
              0.00221              -0.12413               0.08382 
             -0.02432              -0.07292               0.08608 
             -0.02283              -0.11146               0.25578 
              0.00152              -0.04265               0.00632 
             -0.01185               0.07749              -0.21046 
              0.03577               0.11718              -0.22690 
              0.02212               0.09672              -0.29005 
             -0.00808               0.08361               0.01768 
              0.03582               0.06202               0.12567 
             -0.01103               0.00017               0.18650 
             -0.00919              -0.13162               0.09803 
             -0.01255              -0.10739              -0.22999 
             -0.05026              -0.07459              -0.21478 
              0.00865              -0.05543              -0.26625 
              0.00890              -0.03297              -0.11330 
             -0.01607               0.03157               0.12534 
              0.05176               0.11961               0.15967 
              0.00508               0.10078               0.07164 
              0.01769               0.03166              -0.16031 
              0.01813               0.01781              -0.34414 
             -0.04328               0.02124              -0.07459 
             -0.03251               0.11260               0.05086 
             -0.07552               0.21193               0.34111 
             -0.05336               0.23817               0.31615 
             -0.00248               0.27766               0.05442 
              0.03033               0.17611              -0.26034 
              0.13215               0.01045              -0.39811 
              0.20197              -0.15753              -0.18042 
              0.16144              -0.34553               0.09608 
              0.13192              -0.47369               0.30318 
              0.00185              -0.48491               0.24063 
             -0.09844              -0.24472              -0.17537 
             -0.13883              -0.11571              -0.24848 
             -0.11769              -0.00398              -0.14031 
             -0.00404               0.12089              -0.05474 
              0.06924               0.11145               0.28294 
              0.13617               0.09066               0.11718 
              0.20106               0.08328              -0.08468 
              0.12243              -0.00302              -0.31700 
              0.04001              -0.04446              -0.42951 
             -0.01735              -0.10782              -0.23406 
             -0.09971              -0.07173              -0.06953 
             -0.20397               0.10384               0.29798 
             -0.14695               0.11997               0.02712 
             -0.06883               0.14627              -0.14188 
              0.01890               0.11396              -0.55446 
              0.05631               0.56918               0.44770 
             -0.04714               0.04537               0.08655 
             -0.17077              -0.57515               1.85633 
             -0.03476               0.02770               0.93955 
              0.01974              -0.15863               0.69629 
              0.05255               0.02504               0.01316 
              0.09008               0.10398              -0.26704 
              0.15556              -0.17941               0.40073 
              0.07729              -0.11075              -0.49918 
              0.06632               0.21471              -0.03621 
             -0.03551               0.17383              -0.59000 
             -0.05589               0.12313              -0.57947 
             -0.08399               0.13464              -0.38389 
             -0.26829               0.28731              -0.02839 
             -0.18637              -0.04750              -0.17402 
             -0.00895              -0.29193               0.24278 
             -0.22418              -0.19902               0.34698 
             -0.21492              -0.09530              -0.34011 
             -0.15384               0.08942               0.08337 
              0.03093               0.00118              -0.44850 
              0.14146              -0.22193               0.16324 
              0.25456              -0.04151              -0.05380 
              0.10345              -0.04140              -0.13028 
              0.02570              -0.05142              -0.35423 
              0.11735               0.14940              -0.45561 
              0.06852               0.18327              -0.44223 
             -0.16101              -0.07324              -0.00940 
             -0.12250              -0.14302               0.15974 
              0.05398              -0.23724              -0.07547 
              0.20178              -0.87761               0.91561 
              0.12666              -0.32856               0.20133 
             -0.21034              -0.21944               0.68510 
              0.14397              -0.15436               0.37604 
             -0.11744               0.04090               0.05608 
             -0.25335               0.31583               0.64721 
              0.06279              -0.03115               0.27518 
             -0.10440               0.09202              -0.06639 
             -0.19451               0.10027              -0.17582 
             -0.13482               0.06007              -0.27019 
              0.00608               0.17490              -0.14387 
              0.04386              -0.01284              -0.17911 
              0.04160              -0.25894               0.00035 
             -0.01933              -0.05628              -0.32592 
             -0.01826              -0.17887               0.21601 
              0.06411              -0.26498              -0.29077 
              0.02047              -0.22705              -0.10985 
              0.04317              -0.31345              -0.15397 
              0.00455              -0.22219              -0.65308 
              0.14635              -0.19946               0.19328 
              0.13986               0.07651              -0.34004 
              0.29253              -0.23946               0.10815 
              0.21749              -0.21317              -0.07678 
              0.09176              -0.03773              -0.02068 
              0.25418              -0.27008              -0.04324 
              0.28565              -0.28232               0.08102 
             -0.14813              -0.05238               0.34188 
             -0.03767               0.01801              -0.21532 
             -0.24638              -0.05686               0.26777 
             -0.12412              -0.18824               0.27408 
              0.08343              -0.17256               0.08252 
             -0.00018               0.11578               0.11902 
             -0.31050               0.35240               0.60479 
             -0.05645               0.22230              -0.26257 
             -0.21685               0.51270               0.54295 
             -0.14408               0.14490              -0.34155 
              0.04689              -0.15444               0.27472 
              0.04384              -0.31792              -0.26664 
              0.10661              -0.35101              -0.07739 
              0.26530               0.09861               0.20750 
              0.11528               0.03153              -0.45535 
             -0.13046              -0.31047              -0.46372 
             -0.21332              -0.14556              -0.16030 
             -0.16831              -0.14173              -0.17262 
              0.07711              -0.25614              -0.34138 
              0.11072               0.11154               0.37779 
              0.11429               0.41763              -0.01406 
              0.03704               0.00919               0.02544 
             -0.47204              -0.11504               0.13377 
             -0.24061              -0.06047               0.07540 
              0.36524              -0.09843               0.25122 
              0.19011              -0.04481               0.28686 
              0.01753              -0.06028               0.05544 
              0.12870              -0.01348              -0.08269 
              0.04598              -0.04333              -0.16843 
              0.03752              -0.25922              -0.19919 
             -0.13513              -0.28469               0.07141 
             -0.41185              -0.22966               0.32651 
             -0.05479              -0.01213              -0.22033 
              0.06071               0.16734               0.37303 
             -0.05488               0.05366              -0.31723 
             -0.17111               0.32891               0.21420 
              0.08076               0.19525              -0.20588 
              0.24231               0.02762              -0.22618 
              0.20096               0.23541               0.36094 
              0.15694               0.34471               0.20518 
              0.35604               0.12145               0.13218 
              0.13729               0.00525              -0.06302 
              0.13883              -0.11719              -0.57474 
              0.15342              -0.16433              -0.26163 
             -0.13543               0.01356              -0.28959 
             -0.17812               0.08773               0.59863 
              0.16354              -0.28786               0.10096 
             -0.24904              -0.14224              -0.04681 
              0.01103               0.15041              -0.08441 
             -0.03903              -0.11087              -0.30323 
             -0.16128              -0.26410              -0.18635 
             -0.01124              -0.02298               0.51328 
             -0.24383               0.45724               0.52915 
             -0.18938              -0.11102              -0.11536 
              0.06696              -0.11091               0.09186 
              0.01671               0.16580              -0.29531 
              0.34623               0.24811               0.09897 
              0.39508               0.12258               0.35938 
              0.32150              -0.09469               0.14574 
              0.21784              -0.10905               0.14040 
              0.08608              -0.06461              -0.26984 
             -0.14833              -0.19692              -0.39475 
             -0.16499              -0.38153              -0.06483 
             -0.09547              -0.25055              -0.32842 
              0.06921              -0.05521               0.07181 
              0.18408               0.12742              -0.09518 
             -0.07225               0.09679              -0.03188 
             -0.20551               0.02554              -0.04377 
             -0.05429              -0.17296              -0.39399 
             -0.11490              -0.43764               0.20867 
             -0.06751              -0.41804              -0.13479 
             -0.20736              -0.38056               0.02883 
             -0.23248              -0.09800              -0.28160 
             -0.14290               0.00321               0.10752 
              0.15281               0.17716              -0.10273 
              0.12507               0.08852               0.08235 
              0.48658              -0.03476               0.51033 
              0.14301              -0.11630              -0.04016 
              0.46021              -0.21131               0.18283 
              0.32106              -0.12297              -0.11704 
              0.11962              -0.33741               0.17262 
             -0.03993              -0.30253               0.24817 
             -0.08427               0.10084               0.10322 
              0.48590               0.11288               0.59852 
             -0.12625               0.00515               0.06153 
             -0.23203               0.00466              -0.12401 
              0.12450              -0.07377              -0.06458 
              0.02879              -0.07083              -0.36218 
             -0.16128              -0.08172              -0.39527 
              0.17208               0.12552               0.18762 
              0.17395              -0.01598              -0.13116 
             -0.19204               0.04773              -0.22987 
             -0.20082               0.28842               0.06162 
             -0.10741              -0.17397              -0.35021 
             -0.28015              -0.09963               0.40846 
              0.09680               0.09824              -0.17267 
              0.59526               0.08463               0.24287 
              0.25102              -0.00023              -0.47992 
              0.13071              -0.10593               0.39119 
             -0.20300              -0.02811              -0.03374 
             -0.38634              -0.39601               0.12279 
             -0.11530              -0.06702               0.66118 
             -0.06159               0.15679              -0.42668 
             -0.02348               0.07307               0.28631 
              0.33065               0.13433              -0.22905 
              0.36308               0.19748              -0.12342 
             -0.09382              -0.11286              -0.05372 
             -0.14692              -0.08765              -0.19717 
              0.09598              -0.03825              -0.00694 
              0.00108              -0.16097               0.04753 
              0.13917               0.15833              -0.08807 
              0.43088               0.28320               0.21939 
              0.34427               0.13148              -0.15361 
              0.04723              -0.10557               0.20442 
              0.11797               0.13791              -0.19710 
              0.07743              -0.24752               0.06667 
              0.15956              -0.14526              -0.12972 
              0.07317               0.11408               0.04004 
             -0.04818               0.27774              -0.06177 
             -0.01234               0.05577              -0.30048 
              0.13010               0.00950              -0.21652 
              0.14171              -0.35013               0.09166 
              0.20212              -0.27373              -0.02383 
             -0.05598               0.23427              -0.16366 
             -0.16057               0.49253               0.23437 
              0.01160              -0.13234              -0.25184 
             -0.00677              -0.41888               0.43878 
              0.34755              -0.12672               0.48659 
             -0.02179              -0.02284               0.01051 
             -0.08988               0.04332               0.52236 
              0.13810              -0.02686              -0.22134 
             -0.22695              -0.08862              -0.08764 
             -0.30373               0.14897              -0.11717 
              0.34437               0.01874               0.10917 
              0.27561              -0.35699              -0.03276 
              0.05065               0.09617              -0.13592 
              0.23921               0.44955               0.19802 
             -0.02467               0.11757               0.22068 
             -0.09115              -0.06877              -0.29065 
             -0.09436              -0.00993              -0.08652 
             -0.17903              -0.01732              -0.04653 
             -0.11617              -0.23808               0.18264 
             -0.11114              -0.19008               0.20397 
             -0.13031               0.14766               0.56191 
              0.17429               0.10641              -0.26689 
              0.12207               0.20073              -0.10744 
             -0.35002              -0.07741              -0.04062 
              0.04488              -0.13155              -0.27633 
              0.41881              -0.25634               0.74635 
             -0.13856              -0.10457              -0.28427 
             -0.25398               0.17862               0.18662 
              0.04521               0.11189              -0.25702 
              0.13221              -0.18236              -0.22951 
              0.26895              -0.03579              -0.03381 
              0.13615              -0.10473              -0.01560 
             -0.04876              -0.21506               0.51028 
              0.04749               0.11278              -0.29259 
             -0.20125              -0.17445               0.12980 
             -0.49137              -0.19133               0.00199 
             -0.41583              -0.07796               0.18561 
              0.02606              -0.01632              -0.13267 
              0.01720              -0.17494               0.10295 
             -0.13332              -0.02324               0.03093 
              0.01974               0.09737               0.04427 
              0.13856              -0.10521              -0.00802 
              0.06859              -0.09693              -0.21111 
             -0.07208               0.02341              -0.15827 
             -0.17283              -0.13529               0.20879 
             -0.03490              -0.04939              -0.02468 
              0.19619              -0.34749               0.30288 
              0.12461              -0.30836              -0.03381 
              0.30432              -0.01190               0.44853 
              0.18388              -0.29956               0.18939 
              0.00818              -0.37517              -0.19263 
              0.06260              -0.07869              -0.14279 
              0.18441              -0.04521              -0.08619 
              0.02133              -0.35071               0.13660 
             -0.27497              -0.16628              -0.05907 
             -0.06465               0.01522               0.07853 
             -0.15203               0.07445              -0.23935 
              0.02117              -0.06533              -0.08595 
              0.09179              -0.06944              -0.04111 
              0.13497              -0.10129               0.32263 
              0.11198              -0.54975               0.16725 
              0.05157              -0.33960              -0.11378 
             -0.18464              -0.01200              -0.01479 
             -0.00957              -0.04773              -0.19998 
              0.13188              -0.04525               0.01288 
             -0.11827              -0.02653               0.09208 
              0.09067               0.09097              -0.16278 
              0.15816              -0.03224              -0.08590 
             -0.16050              -0.17721               0.42626 
              0.01899              -0.09265              -0.17429 
              0.31616              -0.02668               0.31470 
              0.22774              -0.26983              -0.14521 
              0.28425              -0.25788              -0.20607 
              0.11956              -0.17343              -0.06041 
              0.03848              -0.10024               0.07417 
              0.05695               0.18259               0.15466 
             -0.14028              -0.02242               0.07003 
              0.11353              -0.26173               0.09113 
              0.18587              -0.18864              -0.65767 
              0.11686              -0.73339               0.37892 
             -0.04035              -0.41789              -0.07314 
              0.03749              -0.09670               0.10322 
              0.10953              -0.01083              -0.27996 
             -0.25621              -0.28000               0.21282 
             -0.23688              -0.27378              -0.17623 
             -0.15364              -0.36231              -0.31905 
              0.07208              -0.70849               0.30408 
              0.14221              -0.29709              -0.44766 
             -0.05641              -0.43949               0.40040 
             -0.06984              -0.16005               0.33030 
              0.03095              -0.02309              -0.26338 
             -0.39038              -0.13078               0.01360 
             -0.17501              -0.36509              -0.32438 
              0.01288              -0.58791               0.29729 
             -0.12504               0.17510               0.46515 
              0.11774               0.22486              -0.13343 
              0.30211              -0.00881               0.11336 
             -0.27712               0.27025               0.01544 
             -0.10209               0.03856               0.00352 
             -0.14333              -0.17462              -0.20005 
             -0.11106               0.09111              -0.26028 
              0.30597               0.36521               0.15943 
             -0.05525              -0.07116              -0.01569 
             -0.18346               0.25674               0.26562 
              0.49426               0.13475              -0.09742 
              0.40492              -0.28943               0.35879 
             -0.20616              -0.00033              -0.07155 
              0.00383               0.10652              -0.12804 
              0.08792               0.16295               0.43336 
             -0.22329               0.12894              -0.37629 
             -0.24479              -0.14162               0.03484 
              0.09127              -0.52038               0.09693 
             -0.09323              -0.48405              -0.01777 
             -0.02668              -0.24478              -0.21160 
              0.06807              -0.14550              -0.07151 
              0.02187               0.18256              -0.09856 
             -0.16748               0.27021               0.11526 
             -0.07376              -0.11320              -0.32617 
             -0.05821              -0.29272              -0.21460 
             -0.27268               0.09011               0.46607 
             -0.13664              -0.17682              -0.04304 
              0.18931              -0.33770               0.03032 
              0.05357               0.02911               0.14477 
             -0.23288               0.17082              -0.38618 
             -0.62516               0.11322               0.30628 
             -0.25326              -0.16290              -0.00051 
             -0.13310              -0.15379               0.22188 
              0.15106              -0.09570               0.01259 
             -0.07420              -0.19497               0.09160 
             -0.18873              -0.51200              -0.03442 
              0.14734              -0.39073              -0.25906 
              0.24615              -0.08045               0.10703 
              0.14603               0.10168              -0.02382 
             -0.05919              -0.15427               0.12408 
             -0.33960              -0.16032               0.02463 
             -0.19812              -0.10789              -0.29902 
              0.00396              -0.16380              -0.19954 
             -0.09094              -0.23098               0.24100 
             -0.10428              -0.13484              -0.17026 
             -0.11374              -0.09086               0.39170 
             -0.14457               0.07159              -0.23004 
             -0.06386              -0.12605              -0.42624 
             -0.28244              -0.16420               0.48520 
             -0.13074              -0.15148              -0.12970 
             -0.11245              -0.59731               0.33208 
             -0.01018               0.08323              -0.26235 
              0.12826               0.27784               0.05814 
              0.24383              -0.25185              -0.37028 
              0.40001              -0.07331              -0.04306 
              0.04777               0.09278              -0.24774 
              0.12241              -0.06550               0.26077 
             -0.25747               0.12002              -0.20261 
             -0.16269               0.14744              -0.01846 
              0.22158              -0.40057              -0.09361 
              0.21679              -0.52131               0.11095 
             -0.10528              -0.11368               0.07055 
             -0.17822              -0.03873               0.16882 
              0.01993              -0.19098               0.00422 
             -0.25460               0.03382               0.03437 
             -0.30826               0.14797              -0.08559 
             -0.32061              -0.11772               0.12924 
              0.12048               0.00007              -0.32444 
              0.16008              -0.07014               0.41040 
             -0.37047              -0.48340               0.14942 
              0.08728              -0.34746              -0.38543 
             -0.24810               0.57788               0.92384 
             -0.37990               0.09398              -0.36156 
             -0.03508              -0.35222               0.49736 
              0.05938              -0.04795              -0.21134 
             -0.29046              -0.13628              -0.31473 
              0.06953              -0.51948              -0.14730 
              0.25259              -0.36964               0.06204 
             -0.03888               0.03785              -0.14630 
             -0.16416               0.09042               0.08149 
              0.20779              -0.21348               0.02991 
              0.11760              -0.14722              -0.40043 
              0.05307              -0.29250               0.38113 
             -0.16046              -0.32576              -0.34997 
              0.02557              -0.91330               0.42913 
              0.46081              -0.31430              -0.01798 
              0.40180               0.02472               0.09641 
             -0.41419               0.07780               0.29281 
             -0.23055               0.27394               0.06177 
             -0.17836              -0.01871               0.50856 
              0.00249              -0.44353              -0.17483 
              0.02214              -0.23609              -0.26323 
             -0.03543              -0.25319              -0.33335 
             -0.03663              -0.16714              -0.05298 
             -0.05687               0.20287               0.41297 
             -0.07141              -0.05295               0.02623 
             -0.32910              -0.33451               0.31721 
              0.06978              -0.10981              -0.33672 
              0.03774              -0.20292              -0.05811 
              0.07664              -0.34564              -0.31040 
              0.36504              -0.35787               0.06733 
              0.00112               0.02746              -0.57748 
              0.02571               0.14696               0.55490 
             -0.06664               0.12737               0.19535 
             -0.23164              -0.08630               0.40205 
             -0.06743               0.21567               0.81599 
             -0.00051               0.13195              -0.70370 
              0.11972              -0.01424               0.31044 
              0.16809              -0.01238              -0.35375 
             -0.08577              -0.06756              -0.07857 
             -0.38244               0.20240               0.44172 
             -0.34598              -0.06135               0.00737 
              0.27918              -0.07674               0.43561 
              0.37922              -0.02835              -0.06814 
             -0.24256               0.03840               0.00378 
             -0.07280               0.04584              -0.56603 
             -0.03744              -0.12884               0.19304 
             -0.17447               0.07800              -0.38698 
             -0.41274               0.10527              -0.23648 
             -0.08934              -0.14965              -0.12879 
              0.25001              -0.51397               0.22618 
              0.10737              -0.41580              -0.24474 
             -0.30640              -0.26116               0.07095 
              0.02560               0.19070              -0.13256 
              0.30725               0.13195              -0.29655 
              0.08647              -0.15297              -0.06714 
             -0.13529              -0.00132               0.08404 
              0.06859               0.07071               0.07955 
             -0.14294               0.01374               0.38101 
             -0.09806              -0.29716               0.31864 
              0.16904              -0.19514              -0.19903 
              0.05033               0.06394              -0.15298 
             -0.48181              -0.04637              -0.05577 
             -0.16560              -0.21724              -0.29073 
             -0.12770              -0.04381               0.23409 
              0.11117               0.61641               0.34756 
              0.10621               0.00657               0.20092 
             -0.40366              -0.16473               0.10707 
             -0.41688              -0.07827              -0.05415 
              0.01182              -0.10725              -0.47568 
              0.32576              -0.07512              -0.27744 
              0.29128              -0.63871               0.05560 
              0.25195              -0.46250              -0.16909 
             -0.08809              -0.01433              -0.33025 
             -0.33438               0.32086               0.43120 
             -0.08783               0.20806              -0.52138 
             -0.09395               0.41138               0.01534 
             -0.23984              -0.06585               0.06074 
             -0.11454              -0.22787              -0.49467 
              0.00555              -0.43871               0.40588 
              0.14906              -0.05770               0.02950 
              0.19347              -0.08116               0.00541 
             -0.02924              -0.03512              -0.35599 
             -0.04868               0.02013               0.54827 
              0.35766               0.07289              -0.09091 
              0.25975               0.20555               0.29062 
             -0.10575              -0.12100              -0.11718 
             -0.02183              -0.08625              -0.03599 
             -0.06078               0.14580              -0.04823 
             -0.09624               0.03135               0.15947 
             -0.07463              -0.21058               0.20734 
             -0.09120              -0.01827              -0.13037 
             -0.25660               0.39259              -0.01117 
             -0.03528               0.15076              -0.20392 
              0.04428              -0.30632              -0.01571 
              0.09723              -0.21412              -0.01035 
              0.16511               0.07991               0.27844 
             -0.12446               0.03504              -0.07771 
             -0.10019              -0.31308              -0.10123 
             -0.14012              -0.27798              -0.15892 
             -0.06521              -0.28035              -0.31438 
              0.08476              -0.50284               0.29988 
              0.21213              -0.05320              -0.40771 
              0.28807               0.12892               0.23118 
              0.00544              -0.00166              -0.40429 
              0.06022               0.04601               0.23509 
              0.37411              -0.05640               0.01753 
              0.23024               0.06104              -0.15947 
             -0.08710              -0.10207              -0.38126 
             -0.20480               0.05992               0.33921 
              0.01906               0.18103              -0.40980 
             -0.12461               0.25962               0.09832 
              0.09760              -0.05715               0.14699 
             -0.02759              -0.06028              -0.29905 
             -0.13045               0.08211              -0.08296 
             -0.15810               0.19214               0.11380 
             -0.23269              -0.16882              -0.03243 
             -0.68347              -0.10484               0.51295 
             -0.33747              -0.10149               0.39767 
             -0.06496              -0.01287               0.51547 
             -0.32759               0.07032               0.26825 
             -0.11709              -0.26311               0.24496 
              0.10696              -0.45593              -0.20438 
             -0.02171              -0.34989              -0.29122 
             -0.47056               0.05826              -0.30932 
             -0.06917               0.09811               0.19953 
             -0.21033               0.06848               0.05935 
             -0.29553               0.02237               0.14293 
              0.23628              -0.04399              -0.18823 
              0.31434              -0.06443              -0.06395 
             -0.04390              -0.05571              -0.48799 
             -0.07564              -0.23565              -0.30463 
              0.31544               0.07475              -0.19031 
              0.28736               0.30937              -0.18371 
             -0.53030               0.57194               0.50614 
             -0.31069               0.08154              -0.30742 
              0.08870               0.36742               0.15749 
             -0.10333               0.18814               0.14879 
              0.00096              -0.18503              -0.35173 
              0.44566              -0.02907               0.12668 
             -0.05725               0.14307              -0.06191 
             -0.10375              -0.01781              -0.17933 
             -0.03219              -0.64361               0.70651 
             -0.35008               0.03319              -0.01436 
             -0.11104              -0.04309               0.40161 
              0.07217              -0.15797              -0.29622 
             -0.43393              -0.15852               0.34651 
             -0.24992              -0.19517              -0.00971 
             -0.02822              -0.18909               0.84697 
             -0.20138               0.06554              -0.10530 
             -0.06002               0.04209              -0.10140 
              0.50576              -0.19515               0.01046 
              0.01372              -0.30137              -0.16584 
              0.15457              -0.20227              -0.46883 
             -0.16456              -0.10446              -0.15310 
             -0.02093               0.42327              -0.20990 
              0.00807               0.27329              -0.41737 
              0.09604               0.45642               0.17294 
             -0.07276              -0.09374              -0.33293 
             -0.38428              -0.28445              -0.07982 
             -0.49790              -0.13046              -0.12691 
             -0.06185              -0.19392              -0.18601 
              0.41852              -0.02043              -0.04837 
              0.33271               0.00099              -0.13685 
              0.10761              -0.23143              -0.11049 
             -0.53556               0.01681              -0.02140 
             -0.38833              -0.30494              -0.15831 
              0.02060              -0.40245               0.22002 
              0.05960               0.19359               0.19411 
             -0.07944               0.04314               0.65299 
             -0.10192              -0.19535              -0.16913 
              0.64755               0.04034               0.48200 
             -0.23455              -0.44841               0.41987 
             -0.08941              -0.13564              -0.13094 
              0.03732               0.19271              -0.23078 
             -0.24641               0.15315              -0.40774 
             -0.24829               0.00864               0.08633 
              0.12578              -0.05332               0.02249 
             -0.26077              -0.09474              -0.01407 
              0.09094              -0.09767              -0.26858 
              0.46818              -0.12895              -0.09041 
              0.26650              -0.14626              -0.35759 
              0.02831              -0.33751              -0.01852 
             -0.08022              -0.17335              -0.10427 
             -0.09416              -0.03904              -0.04603 
             -0.24404              -0.14872              -0.07190 
             -0.06586              -0.00740              -0.31479 
              0.06566               0.18231              -0.50757 
              0.41707               0.26106               0.12294 
              0.11291               0.04624              -0.22590 
             -0.20306              -0.35051               0.52031 
             -0.13044              -0.21933               0.16659 
              0.04719              -0.12398               0.21833 
             -0.20328              -0.02338              -0.19240 
             -0.19080               0.19352               0.13526 
              0.11794              -0.23644              -0.30416 
              0.38647              -0.21309               0.04663 
              0.08258               0.30149              -0.08114 
              0.07193              -0.01626               0.10468 
              0.20035              -0.33411               0.65840 
             -0.03435               0.02139              -0.20011 
             -0.12829              -0.14818               0.01005 
              0.15399               0.07963              -0.44933 
              0.05994               0.22521              -0.04594 
             -0.12096              -0.20915               0.22798 
             -0.11861              -0.30008               0.00600 
              0.19836              -0.22755               0.20719 
              0.03939              -0.06815              -0.44731 
              0.30250               0.08575              -0.00350 
              0.09647               0.12878              -0.33043 
             -0.05082              -0.23941               0.36744 
