             -0.03022              -0.06441              -0.17231 
              0.00145              -0.10412              -0.12707 
              0.04934              -0.14797               0.30237 
              0.00625              -0.07142               0.07663 
             -0.04432              -0.01893               0.17201 
              0.00423               0.04219              -0.10437 
              0.02967               0.09869              -0.28695 
             -0.01166               0.14534              -0.13800 
             -0.04253               0.10924              -0.17785 
              0.00402               0.05837               0.26600 
              0.03935              -0.03431               0.10869 
              0.00047              -0.08478               0.14905 
             -0.02645              -0.13144              -0.03387 
              0.01725              -0.11027              -0.27537 
              0.04227              -0.07977              -0.17611 
             -0.01657              -0.01914              -0.15721 
             -0.05481               0.07451               0.17663 
              0.01968               0.10497               0.16799 
              0.01959               0.12929               0.15887 
             -0.02359               0.10069              -0.02915 
             -0.01993               0.02009              -0.24166 
              0.02349              -0.04320              -0.21803 
              0.04199              -0.09953              -0.15538 
             -0.02523              -0.13870               0.17599 
             -0.02092              -0.09752               0.11687 
              0.04416              -0.07883               0.22141 
             -0.00313               0.04058              -0.04712 
             -0.02640               0.08877              -0.21468 
             -0.02190               0.12085              -0.19772 
              0.00594               0.12614              -0.21128 
              0.03504               0.09658               0.18738 
             -0.03498               0.01435               0.09876 
             -0.00452              -0.07948               0.23326 
              0.04573              -0.13442               0.00678 
             -0.00376              -0.10995              -0.21935 
             -0.01019              -0.10115              -0.16076 
              0.00210              -0.04103              -0.27736 
              0.01169               0.03804               0.15131 
              0.00934               0.09418               0.12550 
             -0.04774               0.12565               0.19303 
             -0.00064               0.13341               0.11168 
              0.02755               0.04498              -0.28413 
             -0.01528              -0.01503              -0.12628 
             -0.01454              -0.06213              -0.27594 
              0.01870              -0.15625               0.10018 
              0.02152              -0.11504               0.15233 
              0.00152              -0.07032               0.15227 
             -0.02971              -0.01844               0.15568 
              0.00981               0.07629              -0.25738 
              0.01988               0.11779              -0.14567 
             -0.02164               0.11551              -0.25923 
             -0.02436               0.13066               0.03915 
              0.02664               0.02552               0.14536 
              0.00979              -0.01351               0.15390 
             -0.01680              -0.13810               0.17258 
             -0.00984              -0.13817              -0.20653 
              0.02500              -0.08804              -0.17344 
              0.02121              -0.05271              -0.27969 
             -0.03195              -0.01056               0.00041 
             -0.00970               0.07639               0.01586 
              0.03598               0.09352               0.16926 
             -0.01146               0.10696              -0.02758 
             -0.01880               0.06126              -0.32778 
             -0.01139              -0.00896              -0.46742 
              0.01662               0.05840              -0.11499 
              0.08432               0.43757               0.33297 
              0.02070               0.62625               0.46395 
              0.01619               1.48135               1.14574 
              0.03090               0.80822              -0.04740 
              0.19364               0.87388               0.33509 
             -0.01517               0.43339               0.72550 
             -0.19306               1.16799               0.71883 
             -0.01147               0.67996              -0.25537 
             -0.00452               0.80789               0.04412 
              0.07348               0.10518              -0.22007 
              0.05576              -0.16395              -0.23130 
             -0.10212               0.18792              -0.27105 
             -0.10745               0.18774              -0.29860 
              0.01548              -0.26256              -0.09511 
             -0.00776               0.11231              -0.40761 
             -0.03929               0.34676              -0.37121 
              0.10374               0.21426              -0.33744 
              0.22134               0.12628              -0.39526 
              0.06372               0.14188              -0.67816 
             -0.14266               0.04252               0.21312 
             -0.09666               0.02082              -0.13792 
             -0.03881               0.47380              -0.31795 
             -0.22136               0.60940               0.17048 
              0.08774               0.27470               0.41946 
              0.21273               0.40356               0.25398 
             -0.03656               0.08684               1.95935 
              0.11815               0.24765              -0.29077 
              0.04113               0.06655               0.79565 
             -0.08523              -0.07836               0.31817 
             -0.14350               0.23787              -0.27434 
             -0.06997               0.62626               0.28703 
             -0.03589              -0.01165              -0.21005 
              0.02372              -0.07674              -0.50014 
              0.19473               0.05644              -0.07753 
              0.08526              -0.05961              -0.63737 
             -0.06838              -0.19312              -0.29427 
             -0.07801              -0.01545              -0.54826 
              0.11088              -0.04870              -0.00254 
              0.11954              -0.10864              -0.44579 
             -0.07186               0.07369               0.08374 
             -0.10584              -0.13064              -0.32292 
             -0.07266              -0.33234              -0.41043 
             -0.17709              -0.07600              -0.31887 
             -0.01875               0.09751               0.18010 
              0.13937              -0.35864              -0.03290 
              0.22728              -0.58555               1.17050 
              0.05905              -0.37452               0.68306 
             -0.10244              -0.37683               0.13952 
              0.23406              -0.36331               0.34487 
             -0.25964              -0.46716               0.14825 
             -0.16770              -0.60388               0.28108 
             -0.10142              -0.43799               0.16618 
              0.12389              -0.05452              -0.12260 
              0.24934              -0.18537              -0.32522 
              0.09282              -0.38588              -0.44937 
              0.01846              -0.34265              -0.41372 
              0.04963              -0.02321              -0.36043 
              0.07189              -0.03135              -0.15681 
             -0.04312              -0.18267              -0.58091 
             -0.10808              -0.32218              -0.31374 
              0.04924              -0.42045              -0.00600 
              0.13439              -0.21964              -0.58816 
              0.12456              -0.07277              -0.08069 
             -0.24623               0.04741              -0.15573 
             -0.27296              -0.45668              -0.04308 
             -0.20194              -0.77392               0.18893 
              0.03706              -1.14682               0.80701 
              0.27812              -0.75277               0.22044 
              0.11120              -1.33864               0.85369 
              0.05291              -0.63626              -0.18922 
              0.02861              -1.49757               1.14187 
             -0.03614              -0.94379               0.29398 
             -0.00910              -0.70917               0.12732 
             -0.23982              -0.42110               0.21453 
             -0.12454              -0.25615              -0.37565 
              0.07464              -0.30178              -0.25995 
             -0.04179              -0.42182              -0.13821 
             -0.06381              -0.34423              -0.41505 
              0.02440              -0.36338              -0.31481 
              0.08142              -0.36555              -0.33445 
              0.08731              -0.41375              -0.09214 
              0.08566              -0.14456              -0.35364 
              0.08017              -0.14601              -0.40668 
              0.14104              -0.20535              -0.21598 
              0.16985              -0.13626              -0.35692 
              0.24096              -0.15217               0.53656 
              0.01775               0.15136              -0.12918 
              0.37699               0.35341               0.87167 
              0.23369               0.00617              -0.26554 
              0.42949               0.17195               0.27330 
              0.22263               0.11292               0.47334 
              0.03755               0.27253               0.14452 
              0.36079               0.57094               0.51112 
              0.14865               0.48313               0.33647 
             -0.07288               0.25499              -0.35927 
             -0.15784               0.46903               0.01680 
             -0.10976               0.37808              -0.47830 
             -0.13811               0.53337              -0.21464 
             -0.07733               0.47354              -0.33058 
              0.03936               0.59390               0.06446 
              0.13862               0.27673              -0.40933 
             -0.06830               0.38325              -0.11911 
             -0.20299               0.28474              -0.23018 
             -0.05608               0.21974              -0.36622 
              0.21002               0.14387               0.10659 
              0.24943               0.36076               0.07840 
             -0.01622               0.41472               0.36735 
             -0.06154               0.32427               0.41601 
             -0.08069               0.54951              -0.02703 
             -0.25563               0.50501               0.05515 
             -0.16684               0.69530               0.34419 
              0.11829               0.71830               0.11925 
              0.03019               0.81198               0.18437 
              0.05997               0.43225               0.02982 
              0.35269              -0.07928               0.27582 
              0.03706               0.15060              -0.36269 
             -0.19113               0.33590               0.28978 
             -0.05951              -0.08874              -0.23572 
             -0.03637               0.14934              -0.07999 
              0.03346               0.36820              -0.01361 
              0.06205               0.21079              -0.13750 
             -0.00216               0.09784              -0.34555 
             -0.08599               0.22350              -0.25029 
             -0.03063               0.32303              -0.21232 
              0.01078               0.35534              -0.22453 
              0.07566               0.26646              -0.01166 
              0.14958               0.00981              -0.01843 
             -0.02654               0.09002               0.30478 
             -0.07400              -0.08889              -0.17094 
             -0.09657              -0.05108               0.43345 
              0.01206               0.14061               0.11195 
              0.07531               0.03643               0.31908 
             -0.14263               0.17201               0.50140 
              0.00635               0.33339              -0.04802 
              0.22704               0.16142               0.08751 
             -0.02705              -0.39012               0.08599 
             -0.17968              -0.11498              -0.35680 
              0.03132              -0.04436               0.10516 
              0.03674              -0.20454              -0.16753 
             -0.05386              -0.09365               0.07825 
              0.06742               0.00581              -0.37041 
             -0.06246               0.03513              -0.02993 
             -0.09116               0.01307              -0.39612 
              0.08550              -0.15619              -0.19150 
              0.14899              -0.04452               0.05761 
              0.06967               0.09544               0.00718 
              0.08919              -0.31934              -0.11253 
             -0.05290              -0.55907               0.07515 
             -0.20280              -0.34947               0.17011 
             -0.03163              -0.20877              -0.23675 
              0.02373              -0.37423               0.23662 
             -0.00244              -0.48350               0.32096 
              0.08108              -0.21204               0.05298 
              0.12042              -0.32438               0.50805 
              0.28770              -0.43345               0.25214 
              0.07899              -0.29208              -0.13838 
             -0.09757              -0.49244               0.14905 
             -0.08540              -0.51148              -0.06779 
             -0.04028              -0.46625              -0.21522 
             -0.06954              -0.43296              -0.07568 
             -0.00162              -0.28049              -0.20633 
              0.07494              -0.25056              -0.12062 
              0.17926              -0.14456              -0.22214 
              0.00877              -0.25053              -0.40537 
             -0.17156              -0.42438              -0.09785 
             -0.03395              -0.48437              -0.07843 
              0.13005              -0.35178              -0.08164 
              0.05210              -0.27295              -0.15212 
             -0.02024              -0.51832               0.07641 
              0.05107              -0.72156               0.10847 
             -0.03347              -0.56807              -0.05108 
             -0.12904              -0.87854               0.56900 
             -0.00480              -0.72847               0.19616 
              0.01313              -0.66525               0.01599 
             -0.01706              -0.71123               0.26941 
              0.09988              -0.54160              -0.08852 
              0.12368              -0.88916               0.39921 
             -0.03479              -0.64266              -0.16037 
             -0.02418              -0.67928               0.01285 
              0.02553              -0.57961              -0.09455 
              0.02168              -0.58004              -0.10836 
             -0.14201              -0.42331              -0.27565 
             -0.18067              -0.42154               0.15988 
              0.00424              -0.30899              -0.28709 
             -0.07566              -0.31204              -0.20586 
             -0.12399              -0.29940              -0.16888 
              0.05202              -0.35246              -0.03131 
              0.21090              -0.35281              -0.26267 
              0.16558              -0.22000              -0.00912 
             -0.01949               0.08386              -0.03928 
             -0.00223              -0.19259               0.15139 
              0.01009              -0.10081               0.14746 
             -0.00441               0.14433              -0.24148 
             -0.24427              -0.14668               0.20025 
             -0.14241               0.11233              -0.27415 
              0.00489               0.68318               0.25014 
             -0.13853               0.59512              -0.09606 
             -0.10940               0.59446               0.07187 
              0.36904               0.12676              -0.07979 
              0.39790               0.12774               0.01291 
             -0.04495               0.27185              -0.30224 
             -0.06997               0.53405              -0.03725 
             -0.05119               0.53987              -0.00410 
             -0.25505               0.45208              -0.07267 
             -0.28056               0.88147               0.75501 
              0.02920               0.37296              -0.42023 
              0.22043               0.72860               0.41552 
             -0.02072               0.20243              -0.40087 
             -0.35446               0.57075               0.71792 
              0.23551               0.42504              -0.05208 
              0.57288               0.29193               0.20164 
             -0.00426               0.40726               0.58360 
             -0.17469               0.09037              -0.49696 
             -0.35436               0.18501               0.42689 
             -0.03788               0.17950              -0.57047 
             -0.14515               0.57654               0.20275 
             -0.16796               0.48459              -0.06406 
              0.03206               0.22076              -0.13750 
              0.27421               0.48066               0.39064 
              0.06343               0.23460              -0.34170 
              0.00875              -0.04161               0.00309 
              0.13489              -0.02726              -0.51286 
              0.34036               0.39664               0.58513 
             -0.08608               0.19305              -0.20365 
             -0.52335              -0.11825               0.41711 
             -0.13953               0.18047               0.13907 
             -0.11615               0.14870              -0.06726 
             -0.10915               0.26585              -0.30618 
              0.09181               0.25458              -0.17396 
              0.27024               0.23187               0.41316 
             -0.16064               0.07726              -0.16699 
             -0.01494              -0.14609               0.83251 
              0.20805              -0.01266              -0.48183 
              0.06691               0.09559               0.14728 
             -0.16600               0.00888              -0.57562 
             -0.29707              -0.20752               0.23298 
             -0.01633              -0.13924              -0.32209 
             -0.11178               0.09322              -0.05661 
              0.10455               0.08726               0.29030 
              0.10120              -0.11206              -0.33154 
              0.04852               0.17106               0.14090 
             -0.03305               0.08035              -0.55208 
             -0.30335              -0.33342               0.11770 
              0.05723              -0.35870              -0.05639 
              0.51949              -0.26347               0.22056 
             -0.20075              -0.25825               0.10831 
             -0.46468              -0.38468               0.08490 
              0.07634              -0.22297              -0.26657 
              0.38745               0.02109               0.16798 
             -0.27978              -0.02566              -0.28771 
             -0.25780              -0.26431               0.23926 
              0.08475              -0.36499               0.24866 
              0.07171              -0.29505               0.19714 
              0.12257              -0.16704              -0.11572 
              0.13231              -0.35063              -0.11714 
              0.09715              -0.38395              -0.36366 
             -0.01601              -0.53002               0.25631 
             -0.20176              -0.15703              -0.39213 
             -0.41040              -0.55665               0.47615 
              0.10598              -0.31757              -0.25230 
              0.24398              -0.11072               0.13314 
             -0.17546              -0.39231               0.08456 
             -0.14852              -0.31730              -0.40067 
              0.03850              -0.44314               0.22406 
              0.21846              -0.40004              -0.06461 
              0.24899              -0.64146               0.28789 
              0.27210              -0.15462               0.11018 
             -0.04326              -0.27161              -0.19039 
             -0.25525              -0.42618              -0.17383 
             -0.14246              -0.66616               0.08085 
             -0.10170              -0.60676               0.02867 
             -0.12522              -0.58510              -0.12167 
              0.20719              -0.63552               0.33691 
              0.27976              -0.18019              -0.28426 
              0.02460              -0.21020               0.00585 
             -0.21585              -0.36724              -0.19032 
             -0.10240              -0.54810               0.03018 
              0.02165              -0.36840               0.13876 
             -0.09760              -0.33979               0.34041 
             -0.03762              -0.52993               0.07001 
              0.00586              -0.32337              -0.25834 
              0.23121              -0.18919              -0.13114 
              0.18445              -0.46182              -0.02171 
             -0.16147              -0.42729              -0.12265 
              0.09915              -0.69880               0.41743 
              0.30680              -0.03965              -0.15684 
              0.30474               0.06806              -0.17345 
              0.32083               0.05577               0.13684 
              0.17469              -0.01842              -0.30802 
              0.13752               0.08017              -0.01426 
              0.49166               0.36588               0.38702 
              0.23574              -0.02478              -0.24004 
             -0.17563              -0.05546               0.03095 
             -0.24188               0.24361              -0.14529 
             -0.03121               0.24543               0.02574 
             -0.01664               0.13721              -0.14065 
             -0.17027               0.10464               0.05808 
             -0.07821               0.33637               0.20982 
              0.04431               0.44049              -0.08277 
             -0.06466               0.44724              -0.14051 
              0.08505               0.32686              -0.22840 
              0.14539               0.54728              -0.05735 
              0.02731               0.53188              -0.18739 
             -0.08678               0.17309               0.32734 
             -0.13568               0.17057               0.05991 
              0.03799               0.78329               0.63757 
              0.25941               0.39232               0.04789 
             -0.04088               0.23079              -0.17934 
             -0.07657               0.35340               0.13658 
              0.08785               0.27167              -0.21860 
             -0.24132               0.54232               0.08369 
              0.08603               0.55859               0.26887 
              0.16407               0.44379              -0.07197 
             -0.06796               0.44409               0.14461 
             -0.23901               0.23937               0.14176 
             -0.13188               0.07755              -0.22786 
              0.22061               0.04731              -0.09193 
              0.26478               0.19108              -0.09135 
             -0.01781               0.52369               0.22823 
             -0.01424               0.09836              -0.28475 
             -0.06626              -0.07568               0.11200 
             -0.00724               0.29274               0.26718 
             -0.01893               0.54298              -0.09382 
              0.08368              -0.00864              -0.18135 
              0.21291              -0.02003              -0.03024 
             -0.08768               0.43661               0.05307 
             -0.42675               0.14561               0.55192 
             -0.15581              -0.09786               0.10515 
              0.16770               0.22172               0.11409 
             -0.05450              -0.06317              -0.12815 
             -0.26777              -0.05500               0.60803 
              0.16278               0.03488              -0.18604 
              0.26935               0.03886               0.23008 
              0.15649               0.28840              -0.02301 
             -0.08051               0.01384               0.33744 
             -0.33929              -0.31501               0.04868 
             -0.27233              -0.08776              -0.08630 
             -0.12369              -0.02324              -0.50822 
              0.09422              -0.24993               0.24102 
              0.26312              -0.15631              -0.16153 
              0.16334              -0.17261              -0.15278 
             -0.08255              -0.08977               0.06387 
              0.04887               0.03649              -0.30405 
              0.16756               0.26559               0.40047 
             -0.04723               0.03240              -0.27404 
             -0.07380              -0.45870              -0.00265 
             -0.10874              -0.32651              -0.03370 
             -0.25583              -0.10594              -0.08157 
             -0.48882              -0.37323               0.66212 
              0.15693              -0.04923              -0.23617 
              0.52737              -0.32910               0.26611 
              0.08433              -0.44852              -0.14078 
             -0.14110              -0.19753               0.06981 
             -0.01331              -0.20040               0.27709 
             -0.10922              -0.29334               0.08351 
             -0.04509              -0.29425               0.31221 
              0.05990              -0.13928              -0.10660 
             -0.25906              -0.26302              -0.04046 
             -0.19936              -0.31363              -0.38378 
             -0.35541              -0.40439               0.05912 
              0.15892              -0.43202              -0.32775 
              0.49557              -0.31646               0.25532 
              0.04137              -0.20403              -0.37776 
             -0.03895              -0.38171              -0.05725 
             -0.15244              -0.27373              -0.19298 
             -0.08914              -0.20608              -0.17299 
              0.00754              -0.24377               0.08066 
              0.11899              -0.52800               0.14409 
             -0.06736              -0.60818               0.19399 
             -0.05886              -0.59813               0.07224 
             -0.04451              -0.68352               0.23845 
              0.10810              -0.51131               0.04161 
             -0.08319              -0.81063               0.70171 
             -0.17759              -0.38870              -0.17870 
              0.07973              -0.86389               0.19817 
              0.16447              -0.57786              -0.16713 
             -0.06041              -0.71328               0.27314 
             -0.25073              -0.28326              -0.08712 
             -0.16656              -0.49192               0.01287 
              0.08642              -0.40063               0.21255 
              0.04660              -0.08340              -0.26376 
              0.05482              -0.23092               0.08277 
              0.05721              -0.41383              -0.08385 
              0.09482              -0.40122              -0.30269 
              0.03117              -0.38702              -0.29031 
             -0.03436              -0.50704               0.07987 
             -0.12406              -0.10754              -0.24573 
             -0.23028               0.10248               0.16112 
             -0.25314               0.03673              -0.02153 
             -0.27409              -0.05180              -0.07556 
             -0.13073              -0.16147              -0.17858 
             -0.18546              -0.25534              -0.00322 
             -0.23740              -0.45190               0.30277 
             -0.25101              -0.01477              -0.01423 
             -0.08005              -0.23100              -0.17370 
             -0.24961              -0.21074               0.58158 
             -0.21542              -0.05429              -0.35272 
             -0.02139              -0.33295               0.71247 
              0.31005              -0.12067              -0.31877 
             -0.03225               0.01910               0.10684 
             -0.08150               0.13165              -0.55169 
              0.16163               0.18744               0.09022 
              0.15397               0.25114              -0.33198 
              0.14788               0.51359               0.08339 
             -0.07945               0.32639              -0.20411 
             -0.31362               0.37588               0.35835 
             -0.00740               0.16414              -0.37696 
              0.11532               0.28870              -0.11370 
              0.30308               0.14039               0.16692 
              0.08271               0.23164               0.10924 
             -0.07069               0.45712              -0.06002 
             -0.10740               0.83181               0.27119 
              0.06129               0.53630               0.45539 
              0.18856               0.09625              -0.21078 
             -0.04771               0.32959               0.46458 
              0.02956               0.20029              -0.29241 
              0.09974               0.31022               0.30145 
              0.00580               0.25464              -0.12627 
             -0.01239               0.24706              -0.07662 
             -0.46904              -0.05105               0.22805 
             -0.11228              -0.03380              -0.36313 
              0.02638               0.26875              -0.19472 
             -0.00496               0.13826              -0.54977 
              0.15913               0.40831               0.36141 
              0.32365               0.24216              -0.06952 
              0.26115               0.36476               0.11453 
             -0.00506              -0.07382              -0.26703 
             -0.22021               0.21685               0.43952 
             -0.15927               0.30785              -0.31433 
              0.15276               0.00460              -0.06128 
              0.04223              -0.30111               0.21760 
             -0.16946              -0.05894              -0.09584 
              0.14131              -0.06467               0.33510 
              0.10709               0.13026               0.05300 
             -0.19302               0.19760               0.02597 
             -0.11463               0.13171               0.01884 
              0.06115               0.04305               0.43566 
              0.00021              -0.04871              -0.04208 
             -0.15267               0.03218               0.32563 
             -0.03835              -0.37880               0.26083 
              0.14815              -0.36609              -0.24368 
             -0.19579              -0.44841              -0.00563 
             -0.23807              -0.04635              -0.41975 
              0.05828              -0.04234              -0.57235 
              0.33981               0.09418               0.10330 
              0.01477               0.13741              -0.01490 
             -0.04815              -0.22669               0.15200 
              0.29950              -0.17206              -0.16699 
             -0.03181               0.02780              -0.39167 
             -0.35773              -0.04005              -0.10998 
             -0.10562              -0.20187              -0.10133 
              0.26181              -0.30228              -0.11880 
              0.02625              -0.23452              -0.08638 
             -0.23823              -0.78749               0.50625 
              0.13715              -0.66498               0.21722 
             -0.01642              -0.24896               0.07242 
             -0.00735              -0.16163               0.15363 
              0.25399              -0.41890               0.16790 
             -0.31644              -0.61119               0.23071 
             -0.11300              -0.56105               0.58735 
             -0.13476              -0.22498               0.22577 
              0.14355              -0.30162              -0.23406 
              0.29038              -0.38538               0.07768 
              0.07694              -0.12105              -0.25353 
             -0.00471              -0.20496              -0.43072 
              0.01184              -0.57037              -0.24379 
              0.11596              -0.72998               0.16031 
              0.09820              -0.26185              -0.36241 
             -0.11101              -0.33857               0.08590 
             -0.08710              -0.05851              -0.23527 
              0.01809              -0.18715               0.00850 
             -0.02665              -0.24874               0.00917 
              0.09950              -0.31108              -0.05207 
              0.06918              -0.43002              -0.01664 
              0.17616              -0.45908              -0.00105 
              0.00142              -0.56852               0.36740 
              0.00504              -0.34996              -0.18602 
              0.09008              -0.32959              -0.00222 
             -0.38935              -0.25935               0.09866 
             -0.11023              -0.38278               0.15410 
              0.29947              -0.73124               0.26970 
              0.16874              -0.71976               0.11649 
              0.01024              -0.42926              -0.39515 
             -0.11101              -0.82139               0.44720 
             -0.14895              -0.28965              -0.14112 
              0.21995              -0.44376               0.13825 
              0.00860              -0.61024               0.18666 
             -0.18172              -0.48009               0.13947 
              0.10580              -0.12966              -0.08824 
             -0.07401              -0.05580              -0.26076 
              0.08887              -0.27003              -0.06452 
              0.00552              -0.36571               0.01191 
             -0.14652              -0.00582              -0.28054 
             -0.12385              -0.08159               0.28295 
             -0.09775              -0.18476              -0.36797 
             -0.21257              -0.15059              -0.03993 
             -0.17433              -0.00571              -0.12729 
             -0.14670               0.00585               0.10631 
              0.45390              -0.12694               0.45704 
              0.10520              -0.06808              -0.09016 
             -0.19962               0.02731              -0.06593 
             -0.22929               0.15995              -0.05928 
             -0.07057               0.09417              -0.37177 
             -0.00127               0.32993               0.71454 
              0.05601               0.03776              -0.46542 
             -0.07560               0.22613              -0.23191 
             -0.08280               0.44623               0.16261 
             -0.13988               0.17506              -0.31712 
             -0.00228               0.09405              -0.17941 
              0.02140              -0.13235              -0.09735 
              0.08925               0.20853              -0.31275 
              0.00502               0.30923               0.16903 
              0.17737              -0.05139               0.58087 
             -0.23725               0.07710              -0.15951 
              0.34815               0.33005               0.38999 
              0.28107              -0.29973              -0.09177 
             -0.35393              -0.02487              -0.08395 
             -0.52371               0.38536               0.52035 
             -0.04071               0.34324              -0.17365 
              0.03930               0.40488              -0.09877 
              0.02900               0.33629              -0.08977 
              0.01644               0.31783              -0.29664 
             -0.19987               0.19234              -0.44708 
             -0.07019               0.11958               0.52177 
              0.25883              -0.10681              -0.44117 
              0.15693              -0.34718               0.59760 
             -0.06743               0.02220              -0.37482 
              0.20704               0.01338              -0.16754 
             -0.31318               0.11490               0.31175 
             -0.27708               0.00939              -0.47839 
             -0.00904              -0.14304              -0.40122 
              0.36798              -0.22223               0.27982 
             -0.02772               0.45879               0.00793 
             -0.30232               0.42044              -0.03075 
             -0.12752               0.23321              -0.15788 
