              0.02656              -0.17056              -0.18039 
             -0.03073              -0.16858               0.03917 
             -0.05583              -0.03685               0.16475 
             -0.01357              -0.14579               0.22987 
              0.02604              -0.13902               0.02175 
              0.01633               0.10650              -0.09691 
             -0.01523               0.20953              -0.23110 
              0.01985               0.14356              -0.17288 
              0.05976               0.05264               0.00393 
             -0.00722               0.11374               0.14203 
             -0.02714               0.08754               0.20232 
             -0.01079              -0.18141               0.10522 
             -0.00493              -0.23628              -0.12029 
             -0.02321              -0.10630              -0.18353 
             -0.04531              -0.02307              -0.19127 
              0.00947              -0.08414              -0.07475 
              0.05874              -0.02572               0.15790 
             -0.00611               0.22744               0.22709 
              0.00946               0.23899               0.10708 
              0.02549               0.06279              -0.05364 
              0.01327              -0.02549              -0.23681 
             -0.01359               0.02222              -0.19629 
             -0.05730              -0.04052              -0.07492 
              0.00135              -0.25445               0.13685 
              0.01869              -0.19736               0.22085 
             -0.04599               0.01290               0.12504 
              0.00714               0.06209              -0.04188 
              0.03534               0.03376              -0.23007 
              0.03276               0.09692              -0.16306 
              0.00803               0.22644              -0.10827 
             -0.02139               0.17269               0.10552 
              0.04121              -0.08398               0.22756 
             -0.00248              -0.08450               0.10336 
             -0.07593              -0.05599               0.01318 
             -0.00909              -0.14133              -0.18035 
              0.01225              -0.18726              -0.22523 
             -0.00203              -0.09847              -0.09286 
             -0.00634               0.09553               0.03705 
              0.00238               0.12777               0.22959 
              0.06371               0.05206               0.16903 
              0.00492               0.16819               0.01247 
             -0.03394               0.15688              -0.17213 
              0.00791              -0.01140              -0.22028 
              0.00768              -0.13321              -0.13423 
             -0.03251              -0.13779               0.03682 
             -0.03221              -0.08171               0.20818 
             -0.00002              -0.14150               0.18993 
              0.02992              -0.11565               0.00503 
             -0.00294               0.11546              -0.11997 
             -0.01137               0.17300              -0.25046 
              0.04057               0.11809              -0.13241 
              0.03527               0.09362               0.03431 
             -0.02587               0.11297               0.15293 
             -0.01644               0.05211               0.21349 
             -0.01352              -0.17456               0.04732 
             -0.00325              -0.20865              -0.13041 
             -0.02442              -0.09617              -0.19066 
             -0.02669              -0.05311              -0.19765 
              0.04009              -0.08673              -0.00374 
              0.02545               0.01243               0.16293 
             -0.01758               0.22940               0.22331 
              0.02802               0.19736               0.08663 
              0.01565               0.04613              -0.10334 
             -0.00307               0.01597              -0.21877 
             -0.02956               0.03274              -0.20182 
             -0.03394              -0.07591              -0.02614 
              0.03065              -0.27443               0.16983 
             -0.02074              -0.15537               0.19290 
             -0.03037               0.03131               0.12971 
              0.03461               0.01006              -0.12270 
              0.02424               0.02867              -0.20646 
              0.00703               0.13800              -0.15223 
             -0.00415               0.22988              -0.10133 
              0.01920               0.14078               0.18651 
              0.03484              -0.09296               0.16507 
             -0.05345              -0.03694               0.11620 
             -0.04008              -0.06929              -0.02339 
              0.01481              -0.17728              -0.22062 
             -0.00436              -0.19934              -0.18251 
             -0.02551              -0.06040              -0.09395 
              0.00777               0.12735               0.11258 
              0.04804               0.07338               0.18696 
              0.04005               0.06750               0.16893 
             -0.02457               0.20521              -0.03605 
             -0.00427               0.14128              -0.20273 
              0.02396              -0.04735              -0.21767 
             -0.02672              -0.15321              -0.16372 
             -0.05926              -0.11528              -0.01587 
             -0.01878              -0.08684               0.05489 
              0.01252              -0.15050              -0.11497 
              0.02068              -0.12679              -0.36667 
              0.00927              -0.01153              -0.58205 
             -0.00144               0.14080              -0.65488 
              0.05026               1.01006               0.68319 
              0.03392               0.06609               0.01941 
             -0.10423              -0.12223               1.05203 
             -0.01060               0.63404               0.42021 
             -0.04221              -0.74944               1.51679 
              0.03372              -0.32972               0.12055 
              0.02436               0.06727               0.35173 
              0.00565               0.41442               1.18772 
              0.05029               0.06936               0.01983 
              0.00371              -0.23620              -0.34156 
             -0.06248               0.00160              -0.44612 
             -0.05775               0.17824              -0.30567 
              0.00563               0.01212              -0.49470 
              0.01010              -0.08366              -0.14118 
             -0.01154               0.05495              -0.78481 
             -0.00589               0.09178              -0.63113 
              0.03154              -0.16098              -0.41296 
              0.02922              -0.36570              -0.46260 
              0.01375              -0.66873              -0.06558 
              0.00294              -0.18815              -0.44143 
              0.01504               0.28429              -0.20635 
              0.02515              -0.09660              -0.04829 
              0.02603              -0.21470               0.04906 
              0.00492               0.13300              -0.20879 
             -0.06628              -1.26912               1.19322 
             -0.11400              -1.24166               1.18170 
              0.15052              -1.11483               1.51999 
              0.00107              -0.62172               0.47731 
             -0.01953              -0.57349              -0.22392 
              0.05441              -0.41740               0.46105 
             -0.05833              -0.46441               0.30677 
             -0.02562              -0.57836               0.07212 
              0.01312              -0.11383              -0.19267 
             -0.00012               0.01729              -0.82985 
              0.00249              -0.08011              -0.66770 
             -0.01469              -0.18269              -0.65271 
             -0.01470              -0.25226              -0.66352 
             -0.05082              -0.53847               0.01157 
              0.00059              -0.07485              -0.47218 
              0.10866              -0.13157              -0.01010 
              0.09928              -0.26701              -0.50459 
              0.10265              -0.31307               0.17834 
             -0.09387               0.06122              -0.16913 
              0.00514              -0.18527              -0.24309 
              0.16315              -0.09186              -0.06417 
             -0.04123               0.29022               0.22508 
             -0.13532              -0.92477               1.29336 
             -0.32103              -0.79992               0.91904 
             -0.10844              -0.97799               0.81836 
              0.01295              -0.52003              -0.23832 
              0.01501              -0.78716               0.16070 
              0.01626              -1.28460               0.81484 
             -0.00099              -0.47325              -0.40387 
             -0.01554              -1.08041               0.63789 
             -0.04183              -0.28312              -0.44699 
             -0.08339              -0.04953              -0.41012 
             -0.09438               0.01647              -0.40432 
             -0.07463              -0.22470              -0.22487 
             -0.03875              -0.36187              -0.34617 
             -0.00229              -0.39712              -0.35700 
             -0.03382              -0.30778              -0.17153 
             -0.02649               0.13269               0.16668 
              0.18340               0.10292              -0.31409 
              0.07714              -0.05843               0.09841 
             -0.06023              -0.01697              -0.51385 
             -0.05129               0.03118              -0.16781 
             -0.21844               0.18378               0.01887 
             -0.44425               0.08482               0.19433 
             -0.80483               0.33194               0.82895 
             -0.32125               0.24890               0.05112 
             -0.12092               0.03573               0.71330 
              0.30050              -0.11004               0.46338 
              0.08350               0.24249               0.26616 
              0.01509               0.56897               0.14158 
             -0.00359               0.52178              -0.27644 
             -0.09744               0.60821              -0.07089 
             -0.06467               0.49908              -0.32359 
             -0.43242               0.35449               0.02432 
             -0.30520               0.05251              -0.54671 
             -0.28518              -0.11012               0.20091 
             -0.22495               0.06705              -0.38568 
             -0.27727               0.27148              -0.11836 
             -0.13860               0.05618              -0.29629 
              0.39646              -0.27836               0.24104 
              0.19462              -0.08815              -0.57821 
              0.19418               0.18163               0.49963 
              0.13897               0.29340              -0.19177 
              0.09010               0.43479              -0.17277 
              0.05794               0.56680               0.24787 
              0.01444               0.05882               0.14112 
             -0.24483               0.36877               0.07971 
             -0.03089               0.50380               0.12478 
             -0.22949               0.59245               0.27527 
             -0.25715               0.15467              -0.02630 
              0.31618              -0.47168               0.57575 
              0.10019               0.15795              -0.02853 
             -0.14703              -0.05735              -0.12497 
              0.14075               0.01529               0.60847 
              0.14489               0.35159              -0.34020 
              0.12997               0.49402              -0.05230 
             -0.08397               0.03725              -0.29535 
             -0.21643               0.04972              -0.25166 
             -0.17604               0.23925              -0.02795 
             -0.08717               0.32204              -0.07394 
              0.06271              -0.05568              -0.26957 
             -0.03247              -0.27253              -0.02638 
              0.19417              -0.30013              -0.17928 
              0.18249              -0.24506              -0.39026 
              0.07139              -0.18373               0.39047 
             -0.00393               0.10560              -0.25554 
              0.23737              -0.04098              -0.02070 
              0.01420               0.35789               0.55814 
             -0.55744               0.10697              -0.03206 
             -0.54590              -0.32880               0.26347 
              0.36019               0.18292               0.47503 
              0.23706              -0.29271              -0.16266 
              0.00936              -0.69988               0.28040 
              0.46091              -0.19546               0.24013 
              0.23256              -0.27929              -0.28217 
             -0.03435              -0.30647               0.05552 
             -0.08905               0.00504              -0.09645 
             -0.03363               0.18563              -0.21486 
             -0.33794               0.03751              -0.13747 
             -0.47498              -0.26269               0.23941 
             -0.04737              -0.31040              -0.24169 
              0.09005              -0.31382              -0.42164 
              0.28486              -0.14967               0.23282 
              0.04061              -0.16059              -0.55376 
              0.07242              -0.50309               0.01900 
              0.05616              -0.21269              -0.40910 
             -0.04505              -0.58543               0.29635 
              0.24631              -0.33424              -0.25787 
              0.21256              -0.74722               0.43056 
             -0.65001              -0.30619               0.36711 
             -0.33355              -0.17698              -0.19939 
             -0.13558              -0.67621               0.92057 
              0.07662              -0.44326              -0.11450 
             -0.04023              -0.86054               0.53110 
              0.11523              -0.86456               0.21497 
              0.15086              -0.41195              -0.33418 
              0.21230              -0.44099               0.44177 
             -0.11683              -0.18447              -0.36405 
             -0.10059              -0.49117              -0.10888 
              0.11478              -0.57980              -0.09261 
             -0.02259              -0.43237              -0.14124 
             -0.12219              -0.29732              -0.21176 
             -0.26154              -0.11085              -0.39581 
             -0.25590              -0.20870              -0.23007 
              0.26114              -0.37545               0.08474 
              0.26858              -0.24340              -0.40587 
              0.16791              -0.00168              -0.14707 
              0.15986               0.03483               0.36566 
              0.06034              -0.22439              -0.24802 
              0.03833              -0.35855               0.08367 
             -0.02104              -0.29105               0.06733 
              0.07551              -0.38016              -0.29545 
              0.19810              -0.66954               0.32300 
             -0.11432              -0.41684               0.17214 
             -0.29791              -0.07166               0.11740 
              0.28538              -0.11950               0.49453 
              0.10103              -0.09676               0.05449 
             -0.16792              -0.20022               0.00133 
             -0.25948              -0.21245              -0.16319 
             -0.08479              -0.27917              -0.08217 
             -0.02634              -0.29459              -0.05117 
             -0.29493               0.07501               0.03083 
             -0.11663               0.02037               0.03230 
              0.08900              -0.14050              -0.16234 
              0.01171              -0.24782              -0.30970 
             -0.07556              -0.03687              -0.30347 
              0.09301               0.07386              -0.12784 
              0.07857              -0.00620              -0.36994 
             -0.15958              -0.05730               0.51732 
              0.08686               0.14765              -0.24340 
              0.09377              -0.05347              -0.14787 
             -0.27487              -0.30795               0.06233 
             -0.07288               0.00140              -0.49441 
              0.10705               0.08240              -0.33977 
              0.20953               0.16344               0.43756 
             -0.06531               0.64377               0.12289 
             -0.36202               0.42830               0.00732 
             -0.69498               0.47946               0.48481 
             -0.08390               0.26140              -0.60240 
              0.10709               0.46269              -0.08309 
              0.51477               0.21236               0.29356 
              0.24692               0.66244               0.47712 
              0.04571               1.30805               1.11092 
              0.06573               0.12487               0.01075 
              0.00743              -0.28274              -0.00315 
             -0.04508              -0.16352              -0.40137 
             -0.13287              -0.07310              -0.23538 
             -0.32022               0.58522               0.40910 
             -0.43415               0.22599              -0.28520 
             -0.54782               0.45208               0.62773 
              0.19719               0.13891              -0.22674 
              0.31722               0.07736              -0.55290 
              0.21730               0.22062              -0.30186 
              0.11784               0.13849              -0.57721 
              0.12362               0.11186              -0.36471 
              0.20909               0.09040               0.21681 
             -0.21853              -0.20544               0.34697 
             -0.16547              -0.40811               0.15048 
             -0.10173               0.11250              -0.04900 
             -0.13685               0.33426              -0.20884 
             -0.33511               0.06923              -0.48260 
             -0.54902               0.08303               0.43070 
              0.25399               0.00382               0.30724 
              0.76809               0.08285               0.72520 
              0.39410               0.38957               0.76591 
              0.10338              -0.33135              -0.09625 
              0.12318              -0.22666              -0.23064 
             -0.27637              -0.14743              -0.34254 
             -0.32660              -0.31622               0.03753 
             -0.14025              -0.38229               0.03233 
             -0.51212               0.10830               0.42352 
              0.09855               0.02198               0.05640 
              0.38642               0.08267              -0.08730 
              0.24082              -0.01205              -0.59266 
              0.22837               0.17168              -0.01921 
              0.05067              -0.05705              -0.65598 
              0.00712              -0.07297               0.08318 
             -0.03786              -0.49334               0.38047 
             -0.01479              -0.63916               0.14710 
             -0.22067              -0.42213               0.17044 
             -0.10790              -0.27236              -0.06149 
             -0.02145              -0.31585              -0.24611 
             -0.24221              -0.12486              -0.14452 
             -0.25041              -0.18670               0.26238 
              0.14182              -0.72025               0.53889 
              0.53726              -0.13457               0.41120 
              0.26058              -0.49143               0.25214 
             -0.04097              -0.49754              -0.08565 
              0.15354              -0.25718              -0.01290 
             -0.00700              -0.62559               0.25961 
             -0.35422              -0.38106               0.05454 
             -0.33391              -0.59289               0.43342 
             -0.23360              -0.29455              -0.23813 
             -0.39338              -0.43813               0.17958 
             -0.10273              -0.11943              -0.54462 
              0.05018              -0.28116              -0.41186 
              0.26157              -0.40673               0.19466 
              0.22717              -0.44604              -0.02261 
              0.29051              -0.25432              -0.00679 
              0.09415              -0.36956               0.50539 
              0.06346              -0.13780              -0.44039 
              0.03178              -0.32760              -0.03767 
              0.02904              -0.36125              -0.36181 
             -0.00053              -0.62636               0.19777 
             -0.09474              -0.58203               0.08218 
             -0.35587              -0.49690              -0.03068 
             -0.40540              -0.63243               0.53594 
             -0.09444              -0.31137              -0.30631 
              0.06553              -0.31372               0.22577 
             -0.16123              -0.31142              -0.07181 
             -0.08595              -0.43346              -0.11059 
              0.02469              -0.59946               0.50218 
              0.25288              -0.28425              -0.32613 
             -0.12090              -0.46374              -0.01698 
              0.00186              -0.45328              -0.33511 
              0.18128              -0.37195              -0.12491 
              0.20467              -0.12291              -0.44745 
              0.54741              -0.33622               0.54297 
             -0.13687              -0.14922              -0.33695 
             -0.55124              -0.31000               0.36793 
             -0.26447              -0.66175               0.27455 
              0.13408              -0.21108              -0.50871 
              0.12332              -0.06850              -0.12375 
             -0.13108               0.10801               0.07530 
             -0.11081               0.41716               0.13198 
             -0.16991               0.04092              -0.15862 
             -0.18748              -0.64729               0.33716 
             -0.09605              -0.57736              -0.12910 
             -0.12935              -0.37185              -0.09498 
             -0.03087               0.04926               0.39391 
             -0.04279              -0.10929              -0.03990 
              0.03311              -0.32502              -0.16975 
              0.19920              -0.04337              -0.44356 
              0.43995               0.24470               0.03322 
              0.08438               0.18222              -0.61430 
              0.14176               0.62847               0.67020 
             -0.01977               0.49640              -0.03056 
             -0.32864               0.04147              -0.13759 
             -0.26537              -0.11446              -0.16720 
             -0.16283               0.15136              -0.51378 
             -0.06034               0.57872              -0.04663 
              0.05274               0.52888              -0.03305 
              0.19931               0.53688               0.43139 
              0.30889              -0.45623               1.32385 
              0.28570               0.02586              -0.31271 
              0.28205               0.07673               0.59840 
              0.03039               0.07742              -0.56642 
             -0.07660               0.70084               0.19551 
             -0.34494               0.06525              -0.21971 
             -0.34910              -0.10201               0.21588 
             -0.24314               0.13180               0.08290 
             -0.15599               0.24895               0.00824 
              0.04786               0.27181              -0.46543 
              0.25801               0.36454               0.03670 
              0.12407              -0.14922              -0.47538 
             -0.32861              -0.03468               0.37349 
             -0.13189              -0.16407              -0.12626 
              0.23197              -0.33577               0.43996 
              0.05472               0.20850              -0.29474 
              0.24279               0.17177               0.12228 
              0.07426               0.04029              -0.43463 
              0.02585               0.00640               0.40548 
             -0.00371              -0.16616              -0.14188 
              0.00922              -0.17830              -0.08978 
             -0.11950               0.07169               0.17053 
             -0.11167              -0.20664              -0.03069 
              0.06232              -0.39288               0.08036 
             -0.09198              -0.23099               0.07660 
              0.13785              -0.05150              -0.25344 
              0.42854               0.34905               0.59284 
              0.04577               0.19407              -0.02001 
             -0.03845              -0.54673               0.58393 
             -0.00028              -0.39028              -0.20407 
             -0.00077               0.32087               0.51844 
              0.02703               0.00371              -0.19515 
             -0.06536              -0.31756              -0.25012 
             -0.09850              -0.23532               0.11179 
             -0.30395              -0.03152              -0.11651 
             -0.09417              -0.20964              -0.20397 
              0.01924              -0.07087              -0.34181 
              0.12273              -0.23825              -0.20091 
              0.15832              -0.26595              -0.12424 
              0.03276               0.06576              -0.15872 
              0.06043              -0.06869              -0.38649 
              0.06861              -0.51431               0.58505 
             -0.09069              -0.33565              -0.33501 
             -0.04758              -0.35601              -0.00535 
              0.21738               0.28364               0.04206 
              0.01309              -0.37723               0.17741 
             -0.19949              -0.32206              -0.45942 
             -0.44568              -0.54969               0.43770 
             -0.14910              -0.40368              -0.32558 
              0.11819              -0.45032              -0.06529 
              0.68345              -0.19554               0.51873 
             -0.16455              -0.23743              -0.04634 
             -0.18533              -0.33217               0.07725 
              0.31923              -0.41545              -0.08000 
              0.43554              -0.76056               0.44773 
             -0.02172              -0.21620              -0.57165 
             -0.34142              -0.31834               0.17662 
             -0.00226              -0.05352              -0.41213 
             -0.05501              -0.25846               0.00806 
             -0.23333              -0.11746              -0.00357 
             -0.14458              -0.17459               0.19149 
             -0.19780              -0.42077               0.05166 
              0.11770              -0.17899              -0.00855 
              0.18205              -0.13547              -0.23652 
             -0.03828              -0.08834              -0.13571 
             -0.30360              -0.03194              -0.38245 
             -0.10367              -0.12665               0.16565 
              0.38122              -0.37025               0.14536 
              0.03580              -0.14080               0.00074 
             -0.23282              -0.14972               0.42304 
              0.10374              -0.25307              -0.32390 
              0.07806              -0.46890              -0.12330 
             -0.08985              -0.09917              -0.23567 
              0.01970               0.10274               0.11605 
             -0.05799              -0.17920               0.18229 
             -0.06328              -0.35374              -0.04147 
             -0.02486               0.12606               0.24842 
              0.11891               0.23903               0.24540 
              0.07012              -0.19236              -0.21649 
             -0.08461              -0.71005               0.19721 
             -0.04800              -0.19713              -0.36015 
              0.17051              -0.05269               0.09584 
              0.02477              -0.12177              -0.41870 
             -0.01350              -0.06067              -0.46760 
             -0.12920               0.12090               0.18943 
             -0.10972              -0.03933               0.25205 
              0.28451              -0.01744              -0.29327 
              0.32598               0.02233               0.14367 
             -0.08460               0.04230              -0.71266 
             -0.21274               0.20879              -0.41432 
             -0.12627               0.15612              -0.31622 
             -0.14272               0.13699               0.21779 
              0.19112              -0.00056               0.07482 
             -0.27963               0.30170               0.12527 
             -0.28543               0.43516              -0.14052 
              0.02359               0.26557              -0.23804 
              0.03037               0.39606              -0.25925 
              0.18088              -0.15452               0.12443 
              0.03160              -0.00755              -0.13236 
              0.09217               0.97436               0.81748 
              0.06474               0.57762               0.04502 
              0.16537               0.53307               0.46937 
             -0.01588               0.29793              -0.21044 
              0.03719               0.08642              -0.11850 
             -0.36332              -0.22706              -0.06824 
             -0.28823              -0.06010               0.07313 
             -0.09029               0.77146               0.72407 
              0.00150               0.05169              -0.20082 
              0.30639              -0.16127               0.11462 
              0.20182               0.08315              -0.33737 
              0.10745               0.16923              -0.53842 
              0.06271               0.06655               0.07357 
              0.02653              -0.21595              -0.50720 
             -0.21052              -0.26013              -0.03006 
             -0.15450               0.31990              -0.23586 
             -0.23580               0.28232              -0.06634 
              0.11609              -0.31815              -0.00084 
             -0.03884              -0.21551              -0.31161 
             -0.08500               0.08078              -0.45892 
             -0.05068               0.00524              -0.40421 
             -0.10456              -0.08152              -0.20348 
             -0.02220               0.16424              -0.24857 
              0.17442               0.12474               0.40134 
              0.28344              -0.41900               0.47988 
             -0.00070              -0.17361               0.82092 
             -0.10677               0.19535              -0.22913 
             -0.47112               0.05060               0.29739 
             -0.06250               0.04751              -0.50315 
              0.09254              -0.41955               0.27376 
             -0.16829              -0.25751               0.28230 
             -0.08355              -0.17854               0.99992 
              0.05931              -0.24326              -0.30552 
             -0.04261               0.13372              -0.32628 
              0.14276               0.07147              -0.30126 
              0.01059              -0.03967              -0.77323 
              0.09624              -0.45947              -0.08973 
              0.02175              -0.24798              -0.26356 
             -0.20228              -0.02381               0.27610 
             -0.17947               0.01135               0.13735 
              0.04722              -0.42968              -0.08412 
              0.13452              -0.22224              -0.34022 
             -0.01381               0.09594              -0.43843 
             -0.22628               0.12095              -0.30372 
             -0.18484              -0.10840              -0.30917 
              0.02730              -0.00448              -0.14213 
             -0.15325               0.10300               0.17018 
             -0.23439              -0.19461               0.23872 
              0.61191              -0.03068               0.28604 
              0.18255              -0.12460              -0.42949 
              0.16074              -0.22234               0.05594 
              0.07295              -0.14157              -0.34669 
              0.14013              -0.18071               0.31290 
             -0.03621              -0.42032              -0.35158 
              0.05614              -0.62543               0.10356 
             -0.19604              -0.62911               0.13709 
             -0.11268               0.01158              -0.22557 
              0.62610              -0.28737               0.73334 
             -0.32665              -0.23800              -0.25255 
             -0.09752              -0.29975               0.10637 
              0.06239              -0.07148              -0.30386 
              0.24765              -0.44561               0.77174 
              0.05992              -0.08395              -0.25238 
              0.00943              -0.47282               0.06341 
              0.18615              -0.19928              -0.22549 
              0.12818              -0.15836              -0.31660 
             -0.05163              -0.26707              -0.40220 
             -0.57963              -0.16059               0.71792 
             -0.15126               0.08768              -0.41691 
              0.18935               0.02221               0.27032 
             -0.01970               0.06412              -0.38240 
              0.23200               0.22207               0.28473 
             -0.14415              -0.00138               0.08472 
             -0.27183              -0.25279              -0.00121 
             -0.11547              -0.09170              -0.21299 
             -0.07433              -0.01219              -0.41373 
             -0.03952               0.04783               0.45247 
             -0.03610               0.01339              -0.27315 
             -0.10469              -0.21707               0.14653 
             -0.01415               0.02328              -0.49811 
              0.02184              -0.08839               0.41966 
             -0.00578               0.07867               0.36361 
              0.00505              -0.14700              -0.08957 
              0.08322              -0.04751              -0.22757 
             -0.11265               0.07663              -0.34850 
              0.02368               0.02771              -0.20241 
             -0.04334              -0.22182               0.18687 
             -0.14442              -0.10818              -0.24117 
              0.09920              -0.15091               0.02367 
             -0.09509               0.05141              -0.50968 
             -0.24817               0.28747               0.08497 
             -0.17076               0.08896               0.22915 
              0.16453              -0.08787              -0.17395 
              0.46091               0.17312               0.07701 
              0.19688               0.07562              -0.14768 
             -0.10731              -0.03858               0.31092 
             -0.19206               0.17188              -0.41102 
             -0.36013               0.21596               0.22879 
              0.05344              -0.07029              -0.28477 
              0.01869               0.16957               0.13203 
              0.09425               0.36555               0.13850 
              0.31903               0.59233               0.36559 
              0.02175               0.18761               0.22330 
              0.05015               0.15515              -0.02636 
             -0.28786              -0.06400              -0.15608 
              0.05262               0.00821              -0.62284 
              0.46709               0.57299               1.17346 
             -0.10267              -0.22046              -0.44248 
             -0.32531              -0.31823               0.86589 
             -0.10198               0.67120               0.35301 
             -0.03455               0.00691              -0.46334 
             -0.21470               0.10591               0.46057 
              0.09249               0.00771              -0.44919 
              0.02423               0.27942              -0.21886 
             -0.08735              -0.05332              -0.07922 
              0.11146               0.09459               0.23281 
              0.20476               0.62417               0.38720 
              0.25298               0.29432               0.05017 
             -0.10354              -0.18134              -0.24619 
             -0.14508              -0.49939              -0.16816 
             -0.08989              -0.10927              -0.43995 
