             -0.02466              -0.13328              -0.18480 
             -0.02868              -0.14929              -0.12170 
             -0.05611              -0.12372               0.27542 
             -0.02316              -0.13198               0.11483 
              0.00195              -0.07212               0.06930 
              0.00730               0.09769              -0.10900 
              0.03578               0.16037              -0.34956 
              0.05798               0.18506              -0.14799 
              0.03513               0.09990              -0.12259 
              0.01833               0.09508               0.14150 
             -0.01458               0.03088               0.21541 
             -0.02346              -0.16903               0.02727 
             -0.04548              -0.22497              -0.05077 
             -0.04853              -0.12202              -0.31726 
             -0.01872              -0.06203              -0.27078 
              0.00829              -0.03577              -0.13242 
              0.02153               0.02167               0.00556 
              0.04028               0.19988               0.26036 
              0.03857               0.20097               0.15729 
              0.02554               0.10198               0.09622 
             -0.02773               0.10682               0.06077 
             -0.07006               0.09674              -0.02775 
             -0.07723               0.06600               0.09994 
             -0.08512               0.00532               0.02787 
             -0.05937              -0.01348              -0.11727 
             -0.02501               0.04437              -0.13978 
              0.05678              -0.03022              -0.28128 
              0.11857              -0.12695              -0.10316 
              0.05121              -0.02381              -0.02926 
              0.03762               0.01533               0.11720 
              0.04779              -0.05777               0.20448 
             -0.03451              -0.08486               0.06342 
             -0.03770              -0.08378              -0.03005 
             -0.02244              -0.01341              -0.11242 
              0.05942              -0.08720              -0.10620 
              0.10722              -0.12136              -0.10430 
              0.06863               0.04908               0.01844 
              0.09228               0.05887              -0.01922 
              0.04718               0.03117              -0.01307 
             -0.06580               0.06391              -0.06693 
             -0.08089               0.06492              -0.12784 
             -0.11603               0.07889              -0.10735 
             -0.08676              -0.04482              -0.07598 
             -0.02909              -0.11515              -0.03147 
             -0.02494               0.00525               0.00838 
              0.09750              -0.05495              -0.00799 
              0.13806              -0.07614              -0.11095 
              0.08363               0.00373              -0.14869 
              0.06344               0.05436              -0.27693 
              0.02231               0.19514              -0.09166 
             -0.08942               0.29745              -0.08225 
             -0.19224               0.40075               0.41545 
             -0.21913               0.31530               0.60044 
             -0.14398              -0.05514               0.83678 
             -0.24463               0.00367               0.82918 
             -0.16126              -0.09019               0.11253 
             -0.20787               0.03059               0.40291 
             -0.08626               0.24280               0.01075 
              0.04117               0.17411              -0.14471 
              0.06872               0.16480              -0.03997 
              0.03978               0.13127              -0.36296 
              0.03580               0.16982              -0.22371 
             -0.03252               0.17645              -0.21026 
             -0.13584              -0.03986               0.05989 
             -0.03160              -0.16300              -0.10310 
              0.04017              -0.07621               0.23496 
              0.39407              -0.16747               0.07636 
              0.39951              -0.25495              -0.01250 
             -0.01605              -0.20524               0.07099 
             -0.31065              -0.00877              -0.35710 
             -0.36150              -0.11718               0.00426 
             -0.07950               0.04322              -0.29886 
             -0.00519               0.28630              -0.07013 
              0.04036               0.10803              -0.28020 
             -0.06976               0.08691              -0.23187 
             -0.29171               0.21356              -0.17740 
             -0.19901               0.26603              -0.14172 
              0.01753              -0.10836               0.56262 
             -0.13176              -0.30025               0.13930 
             -0.06755              -0.32797               0.02486 
             -0.02656              -0.42104               0.13725 
              0.03476              -0.40092               0.01177 
              0.10798              -0.48137               0.38789 
              0.03435              -0.52076               0.37715 
              0.18257               0.04371               0.10571 
              0.50989               0.35363               0.45835 
              0.11118               0.02231              -0.24001 
              0.02605              -0.03734              -0.20999 
              0.21186              -0.09728              -0.28437 
              0.22665              -0.07874              -0.37961 
              0.08509               0.01874              -0.02000 
              0.11742               0.05338               0.07278 
             -0.02259              -0.33836               0.20606 
             -0.43474              -0.16024               0.27670 
             -0.20068              -0.04456              -0.03136 
              0.17061               0.02959               0.04099 
              0.15322              -0.07913              -0.31635 
              0.06523              -0.25974              -0.25511 
              0.11642              -0.30184              -0.15530 
              0.13811              -0.11806              -0.29596 
              0.33948               0.09945               0.23323 
              0.17282              -0.00803               0.08417 
              0.10721              -0.12523               0.08708 
              0.40370               0.06505               0.09292 
              0.24625              -0.05997              -0.32916 
              0.07265              -0.06541               0.16295 
              0.06019               0.02476              -0.23362 
             -0.00878              -0.33998               0.34319 
             -0.00540              -0.13228               0.00770 
              0.24264               0.01381              -0.22274 
              0.22771              -0.31373               0.26088 
             -0.18248              -0.30503              -0.01964 
             -0.09381               0.01130               0.31857 
             -0.03215              -0.09076              -0.12873 
             -0.00937               0.10484              -0.08686 
              0.10640               0.14691              -0.25110 
             -0.02431               0.10862              -0.06516 
             -0.14223               0.13238              -0.18790 
              0.04967               0.13056              -0.01119 
             -0.07775              -0.04466               0.31572 
             -0.26352               0.17500              -0.12442 
              0.03550               0.20760               0.04452 
              0.01282               0.17575              -0.15119 
             -0.11330               0.20971              -0.31451 
              0.04414               0.33604              -0.04600 
              0.05604               0.14370              -0.21570 
             -0.04349              -0.16771               0.18933 
             -0.15324              -0.19250               0.03581 
             -0.00605              -0.23606               0.16208 
              0.17687              -0.26996              -0.03961 
              0.12883              -0.09218               0.14422 
              0.07678               0.13101              -0.07585 
              0.02615              -0.06285              -0.13776 
              0.06278              -0.46365               0.09463 
             -0.15437              -0.42543              -0.10806 
             -0.40802              -0.21625               0.28581 
              0.01310              -0.15378               0.24860 
              0.11665               0.01562              -0.03491 
              0.01320               0.04348              -0.12284 
              0.12924              -0.02784              -0.38579 
              0.07520              -0.24692               0.07619 
             -0.12375              -0.32324               0.18478 
             -0.08652               0.04315               0.31395 
              0.00874               0.00566              -0.09629 
             -0.09629              -0.06523              -0.13583 
             -0.15441               0.06933              -0.17911 
             -0.24689              -0.00710              -0.06547 
              0.05942              -0.08383              -0.00890 
              0.11464               0.23787               0.09197 
             -0.17996               0.14965              -0.11538 
             -0.12514              -0.21118              -0.16717 
              0.05228              -0.08131              -0.39240 
              0.05504              -0.05127              -0.09040 
              0.09277              -0.10889               0.05182 
              0.11901              -0.11325              -0.04228 
              0.07083              -0.58648               0.62366 
              0.01229              -0.47362              -0.11661 
              0.12034              -0.66091               0.00409 
             -0.08400              -0.46676              -0.15050 
             -0.32863              -0.33254              -0.07184 
             -0.20488              -0.08271               0.05131 
              0.08496               0.11225              -0.01878 
              0.31723               0.02822               0.34546 
             -0.05631               0.23473              -0.00444 
             -0.18695               0.16568              -0.21534 
             -0.07927               0.10540              -0.18619 
              0.25143              -0.00840               0.23158 
              0.17258               0.09156              -0.17375 
             -0.02799               0.02788               0.62951 
             -0.15185               0.07664               0.04911 
             -0.20222               0.21109              -0.22950 
             -0.16915              -0.12275              -0.12196 
             -0.10538              -0.38356              -0.11140 
             -0.06516              -0.41342               0.08766 
              0.21633              -0.31335              -0.05995 
              0.40900              -0.32086               0.06809 
              0.08852               0.00886              -0.41056 
              0.01271              -0.04988               0.05789 
              0.02433              -0.03654              -0.40216 
              0.03929               0.01190               0.12349 
              0.05853              -0.05540               0.22205 
              0.04043               0.04414              -0.05633 
              0.00861               0.12874               0.19302 
              0.14622               0.20209               0.11074 
              0.27827               0.01059              -0.27475 
              0.13179               0.02979               0.25021 
             -0.02688               0.11861              -0.43237 
              0.31403              -0.00266               0.40789 
              0.00094              -0.21023              -0.11335 
              0.04581              -0.33069               0.14247 
              0.09905               0.02420              -0.23526 
             -0.10257               0.04746               0.06878 
             -0.19481              -0.08309              -0.17342 
              0.06186               0.10424              -0.11408 
              0.09507               0.10716               0.07377 
             -0.15303              -0.25520               0.24756 
              0.07169              -0.23545              -0.19262 
              0.52578               0.14194               0.54304 
              0.21137              -0.08910              -0.20135 
              0.14439              -0.31710              -0.15858 
              0.13139              -0.40626               0.23083 
              0.20921              -0.21120               0.16586 
              0.25272              -0.16401               0.24457 
             -0.03639              -0.02664               0.14950 
             -0.04810              -0.14381              -0.21972 
             -0.06048               0.19193              -0.16700 
             -0.14961               0.23955              -0.11978 
             -0.10126              -0.01880              -0.33970 
             -0.09427               0.06930               0.29097 
             -0.23103               0.35573               0.05199 
             -0.12773               0.17434               0.43516 
              0.16493              -0.16824              -0.00167 
              0.06607               0.00263              -0.20796 
             -0.04741               0.14070              -0.38604 
             -0.17375               0.57007               0.51513 
             -0.14857               0.06965              -0.50101 
             -0.21973              -0.21376               0.32188 
              0.02606              -0.12834              -0.19250 
             -0.00677               0.06316              -0.12728 
             -0.54558               0.28428               0.34596 
             -0.36390               0.17252              -0.19614 
              0.10635               0.10176              -0.05316 
              0.02357              -0.12615               0.02131 
             -0.14637              -0.14658              -0.28000 
              0.10398               0.12823               0.31183 
             -0.00876              -0.11334              -0.49505 
             -0.15344              -0.46023               0.00482 
             -0.18744              -0.12916               0.21652 
              0.02811              -0.04590              -0.33361 
              0.21627               0.00262               0.18462 
              0.00785               0.34567              -0.01626 
             -0.22133              -0.03355               0.05580 
             -0.10811              -0.18958               0.30679 
              0.31133              -0.09944               0.03631 
              0.02249              -0.34423               0.12761 
             -0.27616               0.08610               0.05662 
             -0.17001               0.17687              -0.39046 
             -0.37943              -0.08859              -0.09126 
             -0.09683              -0.14673              -0.22585 
              0.15190              -0.10039              -0.25346 
             -0.19236              -0.09630               0.00002 
             -0.12446              -0.03232               0.13046 
              0.25351              -0.05497               0.11382 
             -0.11375              -0.11817              -0.44665 
             -0.21050              -0.32030              -0.22495 
             -0.06140              -0.14094              -0.27470 
             -0.14621               0.13355               0.04103 
             -0.08848              -0.33080               0.32040 
              0.10916              -0.09492              -0.12800 
              0.09245               0.03533              -0.17935 
              0.06759              -0.61753               0.46528 
             -0.00455              -0.21353              -0.04197 
             -0.11707              -0.13562               0.22662 
             -0.16895              -0.59250               0.33201 
             -0.18558              -0.16154              -0.19221 
             -0.20597               0.11747               0.21741 
              0.15853              -0.34535               0.18075 
             -0.02365              -0.03334              -0.13653 
              0.19477               0.01298              -0.18232 
              0.08813              -0.17420              -0.08174 
             -0.12439              -0.25898               0.25991 
             -0.09360              -0.08143              -0.50953 
             -0.10046              -0.18805               0.35888 
             -0.01817              -0.09603              -0.51909 
              0.03400              -0.05389               0.23021 
             -0.16612               0.03659              -0.26367 
             -0.19273               0.02537               0.14228 
              0.12391              -0.07825              -0.13079 
              0.02035              -0.19074              -0.03600 
             -0.13678               0.09473               0.08779 
             -0.05799               0.26941              -0.05890 
             -0.08976               0.22809               0.07195 
              0.10643              -0.06104              -0.44173 
              0.18106              -0.08875               0.41903 
              0.04237              -0.08776              -0.28227 
              0.09427              -0.30989              -0.02787 
              0.18674              -0.01074               0.16862 
             -0.07678               0.33788               0.21562 
              0.16047              -0.19518               0.23491 
              0.14529              -0.17439               0.04256 
             -0.24542              -0.27671               0.03154 
             -0.14067              -0.05209              -0.39961 
             -0.20641               0.23126               0.21897 
             -0.14606              -0.01740              -0.20857 
             -0.31440              -0.42037               0.19666 
             -0.42716              -0.25518              -0.17933 
             -0.42840               0.22477               0.33466 
             -0.32755               0.00419              -0.04901 
             -0.24629              -0.14814              -0.14029 
             -0.17563              -0.11376              -0.28383 
              0.01038              -0.08168              -0.15101 
              0.12838              -0.27130              -0.29540 
              0.02911              -0.20151               0.25423 
             -0.19555               0.03589              -0.33566 
              0.01923               0.16197               0.27844 
             -0.15771              -0.11899              -0.13792 
             -0.26108              -0.23108              -0.27308 
             -0.25260              -0.17947               0.22664 
              0.12155               0.01543              -0.32346 
             -0.04635               0.18755               0.15692 
             -0.18661              -0.19115               0.34834 
             -0.00817              -0.28320              -0.29631 
             -0.06214              -0.28812              -0.01612 
             -0.15603              -0.27218              -0.09253 
             -0.01491              -0.38095              -0.40641 
              0.00459              -0.47240               0.36774 
             -0.15133              -0.03784               0.25043 
              0.04354              -0.24643               0.40970 
             -0.30701              -0.09784              -0.07884 
             -0.37832              -0.00322              -0.33475 
             -0.32197              -0.28516               0.38823 
             -0.03979              -0.41336              -0.15283 
             -0.15795               0.31819               0.06121 
             -0.37920               0.42430               0.29347 
             -0.17188               0.05291              -0.28159 
             -0.13948               0.11792              -0.17258 
             -0.01434               0.01848               0.23656 
             -0.01616              -0.33197               0.01514 
             -0.06522              -0.12457              -0.07437 
              0.30040               0.45864               0.25326 
              0.27818               0.14868              -0.13823 
              0.33835              -0.12652               0.35418 
              0.14244               0.01608              -0.47110 
              1.07975               0.32260               0.78342 
              0.20027               0.18916              -0.38422 
              0.09298               0.04776              -0.06419 
              0.22718              -0.04208              -0.10019 
              0.38737               0.08612               0.21262 
              0.16534               0.07759              -0.16511 
              0.03395              -0.26623               0.11617 
              0.01361               0.20499              -0.28993 
              0.11672               0.03160              -0.30169 
              0.16271              -0.19277              -0.02223 
             -0.20834               0.03106               0.20389 
             -0.19429              -0.21501              -0.18890 
             -0.23344              -0.38899              -0.06591 
             -0.24641              -0.20407              -0.28269 
              0.02869              -0.32740              -0.15096 
             -0.05080              -0.07784              -0.09153 
             -0.50145               0.15472              -0.04546 
             -0.09839               0.10986              -0.15551 
              0.05761              -0.11388               0.59266 
              0.10474              -0.08630              -0.00653 
              0.30262              -0.08737              -0.01770 
             -0.19263              -0.37151               0.62660 
              0.07223              -0.06132              -0.21486 
             -0.21974              -0.08471               0.69573 
              0.28128               0.09253              -0.07462 
              0.16901               0.12266              -0.08585 
             -0.13191              -0.55047               0.29063 
             -0.01928              -0.33789              -0.36617 
             -0.13040              -0.15488               0.03180 
             -0.00303              -0.18880              -0.22298 
             -0.08078              -0.43530              -0.20483 
             -0.17952              -0.25709              -0.36320 
             -0.38127              -0.03653              -0.02056 
              0.07762              -0.01873               0.03005 
              0.09701              -0.00514              -0.34322 
             -0.14280              -0.18776               0.09365 
             -0.19856              -0.26506              -0.04170 
              0.06271              -0.13629              -0.41119 
              0.17818              -0.05458               0.58822 
             -0.24601               0.07848              -0.37205 
             -0.33143               0.09404               0.12268 
              0.12338               0.03808               0.21297 
              0.09654              -0.20784               0.29082 
              0.14366              -0.09376              -0.00963 
              0.25900               0.05850               0.45762 
             -0.01174              -0.16472              -0.24115 
             -0.08585              -0.26010              -0.44704 
             -0.21730               0.19050               0.47556 
             -0.07376               0.21168              -0.35748 
              0.24781              -0.02327               0.17581 
              0.19936              -0.07259               0.07676 
             -0.03729              -0.23372              -0.35239 
              0.22697              -0.55709               0.17279 
              0.05335              -0.18760              -0.34701 
             -0.39612              -0.23112               0.08870 
             -0.19905              -0.32830               0.04273 
              0.21524              -0.38613              -0.09325 
              0.29230              -0.29316              -0.14119 
              0.10861              -0.09091              -0.16918 
             -0.04607              -0.43207               0.07190 
             -0.06468              -0.13039               0.00115 
              0.06510               0.20989              -0.18277 
             -0.19251              -0.02186               0.19860 
             -0.17075              -0.05185              -0.53616 
             -0.05512               0.05644               0.26668 
              0.25716              -0.32526              -0.09105 
              0.04579              -0.42405               0.09541 
              0.11190              -0.02110              -0.09772 
              0.22426              -0.22286               0.54801 
              0.08493              -0.09778               0.34424 
              0.11254              -0.02231              -0.20391 
              0.18503              -0.52560               0.52993 
             -0.04072              -0.17344              -0.63612 
             -0.06123               0.12103               0.30811 
              0.14754               0.09365              -0.36561 
              0.54330               0.08113               0.19145 
              0.23999               0.10664              -0.22290 
             -0.04487               0.30001              -0.08723 
             -0.29209               0.13883              -0.28133 
             -0.34733              -0.38730               0.11120 
             -0.02147              -0.40198               0.09712 
              0.07334               0.00612              -0.12392 
             -0.32903               0.08329               0.06645 
             -0.13508              -0.04800              -0.33913 
              0.42141               0.33631               0.27887 
              0.25092               0.37219              -0.21726 
              0.05771               0.02025               0.23213 
              0.09428              -0.07374               0.45588 
              0.12336               0.24691              -0.12561 
              0.21394              -0.20057               0.48196 
             -0.12672               0.24893              -0.25510 
              0.11116               0.30359              -0.02195 
              0.11442               0.03891               0.41637 
             -0.17137               0.15620              -0.39169 
             -0.12382               0.21513               0.49084 
             -0.10772              -0.13878              -0.49824 
             -0.23826              -0.00134              -0.40964 
             -0.12530               0.19035              -0.17753 
             -0.12261              -0.25830              -0.22166 
             -0.27017              -0.25647              -0.22298 
              0.05171               0.36419               0.48720 
              0.22285               0.08197              -0.18605 
              0.14038              -0.02274              -0.10508 
              0.20637               0.26708              -0.08517 
              0.15701               0.21564              -0.08614 
             -0.08006              -0.46757               0.72188 
             -0.10422              -0.06062              -0.35836 
              0.23410              -0.00059               0.41512 
              0.14878               0.03242               0.02426 
              0.08858               0.32075               0.01196 
              0.24315               0.22050               0.12277 
              0.13718              -0.49769               0.02541 
             -0.07086              -0.27397              -0.20363 
             -0.22914               0.41314               0.15373 
             -0.19174               0.28253              -0.00836 
             -0.33938              -0.11929               0.20846 
              0.11508               0.32824              -0.04804 
              0.29086               0.13468              -0.21663 
              0.40906              -0.37136               0.09555 
              0.14404               0.02416              -0.00643 
             -0.18524               0.09825              -0.16565 
             -0.38005              -0.22249              -0.04476 
             -0.27482              -0.29702              -0.16860 
             -0.16645               0.01263              -0.40652 
              0.12448               0.07916               0.07145 
              0.29080              -0.36430              -0.00271 
              0.26866              -0.05229              -0.07462 
              0.22788               0.12957              -0.00070 
              0.11323              -0.10078              -0.29586 
             -0.07892              -0.13692              -0.36732 
             -0.29389              -0.31946               0.13095 
             -0.22392              -0.14487              -0.06846 
              0.07104              -0.09255               0.69945 
             -0.11918               0.21832              -0.07231 
              0.28843               0.14348               0.82980 
              0.12390              -0.23197              -0.24943 
             -0.41018              -0.23448               0.03916 
             -0.19408              -0.12834               0.39654 
              0.09144               0.11703              -0.15937 
              0.16907               0.34401               0.34575 
              0.29594              -0.07435               0.23028 
              0.21779              -0.14780              -0.20777 
             -0.00386              -0.08375              -0.39214 
             -0.33617              -0.09171               0.07319 
             -0.02360               0.15966              -0.19152 
              0.04094               0.06817              -0.15991 
              0.15056               0.00898               0.14634 
              0.18484              -0.15658               0.24274 
              0.20017              -0.21292              -0.18467 
              0.20802              -0.25051              -0.24383 
             -0.10785              -0.32828              -0.01541 
              0.03085              -0.00111              -0.27406 
             -0.31340               0.29724               0.57841 
             -0.40333              -0.25209              -0.05981 
             -0.38522              -0.33757              -0.02911 
             -0.13844               0.28364              -0.00373 
              0.13850              -0.15430              -0.08551 
              0.08987              -0.20550              -0.16039 
              0.14646              -0.26952               0.64295 
             -0.02616               0.22657              -0.05773 
             -0.26371              -0.52277               0.49625 
             -0.23025              -0.23988               0.00416 
             -0.36479               0.39622               0.36253 
             -0.09584              -0.08051              -0.18890 
             -0.03334              -0.17976               0.39771 
             -0.20793              -0.10791              -0.24477 
              0.05489               0.13778              -0.04557 
              0.28373               0.06001               0.09210 
             -0.03148               0.12188              -0.25272 
              0.01841               0.41564               0.04445 
             -0.08055               0.30638               0.08548 
              0.06263              -0.11519               0.31148 
              0.29065              -0.30854               0.01376 
              0.25090              -0.36145               0.32615 
              0.01029              -0.21263              -0.39396 
              0.07518              -0.32609               0.31170 
             -0.22072              -0.07393              -0.18578 
             -0.41419               0.08334               0.46738 
              0.22321               0.05791               0.02956 
              0.16241              -0.13953              -0.07659 
             -0.25321              -0.03747               0.17565 
             -0.11591              -0.17988              -0.38506 
              0.11164              -0.01571               0.27427 
             -0.00967              -0.24122              -0.28366 
             -0.20104              -0.19787              -0.34156 
              0.03564              -0.20078              -0.06446 
              0.15983              -0.17025              -0.33709 
              0.14509              -0.05712               0.11602 
             -0.11398               0.01286              -0.01995 
             -0.26132               0.23690               0.14061 
             -0.16651              -0.25966              -0.14889 
              0.04065              -0.40791               0.25915 
              0.24085               0.15317               0.35788 
             -0.13880              -0.16514               0.00742 
             -0.46576              -0.15728               0.06191 
             -0.05621               0.00809              -0.30161 
              0.13475               0.22387               0.08839 
             -0.01018              -0.22108              -0.09608 
             -0.17138              -0.29986              -0.09810 
              0.11065              -0.19584              -0.04394 
              0.56134               0.17182               0.34282 
              0.41408               0.11443               0.02489 
             -0.18240              -0.03935               0.22612 
             -0.09836               0.25252              -0.10582 
              0.12164               0.08488              -0.03813 
             -0.08758              -0.14754              -0.17081 
             -0.13577              -0.31592               0.17392 
              0.11440              -0.05767              -0.24535 
             -0.18040               0.29062               0.57150 
             -0.10191              -0.02427              -0.26425 
              0.06760              -0.21523              -0.19774 
              0.27838              -0.31064               0.36909 
              0.06126               0.04747              -0.49978 
              0.08910               0.07956               0.42937 
             -0.14603               0.08094              -0.10100 
             -0.20449               0.04723               0.12901 
             -0.36666               0.37217               0.34656 
             -0.09146              -0.00461               0.00519 
              0.31718              -0.40992               0.12100 
              0.14952              -0.04653              -0.19878 
             -0.06872               0.04323              -0.32078 
             -0.12938               0.28244              -0.19586 
              0.00857               0.25833              -0.37517 
             -0.24280               0.27856               0.55647 
              0.15305              -0.11419               0.14143 
              0.26633               0.16195               0.12247 
              0.08835              -0.01131              -0.33550 
              0.44866              -0.34129               0.36515 
              0.06030              -0.00319              -0.46765 
             -0.15918               0.16357               0.20565 
              0.06535              -0.01528              -0.32627 
              0.42021              -0.00840               0.14031 
              0.13474               0.08895              -0.26626 
             -0.06469              -0.20545               0.56023 
              0.01175              -0.08432              -0.07073 
             -0.22239              -0.11025               0.05736 
             -0.44018              -0.15621               0.26610 
             -0.27402              -0.06070              -0.34730 
             -0.55578               0.03465               0.29261 
             -0.07123              -0.16814              -0.26550 
              0.00903              -0.25019               0.37361 
             -0.02874               0.04945              -0.04569 
             -0.16914              -0.07879               0.01648 
             -0.39385              -0.07917              -0.03563 
             -0.16195               0.06181              -0.30787 
              0.27008               0.25010               0.26997 
              0.13842               0.13013              -0.12140 
             -0.01581               0.32620               0.02849 
              0.36212               0.13550              -0.11063 
              0.37449              -0.16926              -0.14810 
             -0.25734              -0.42621               0.15906 
             -0.07346              -0.00643              -0.32210 
              0.44033               0.02342               0.35496 
              0.12037              -0.11438              -0.38284 
             -0.59434              -0.30155               0.26660 
             -0.16171              -0.22829              -0.37059 
              0.03099              -0.22926               0.41422 
              0.17528              -0.15978              -0.24461 
             -0.22195               0.00578              -0.17246 
             -0.18091              -0.02189               0.19519 
             -0.23283              -0.08760              -0.23825 
              0.11791               0.12531               0.77794 
              0.07745              -0.13244              -0.21721 
             -0.03145              -0.27266              -0.21465 
              0.04010               0.07485              -0.01181 
              0.13063               0.07426              -0.05721 
             -0.10057              -0.30163               0.45453 
             -0.00771              -0.08851              -0.08634 
              0.07868              -0.21189              -0.27268 
             -0.07642              -0.10955              -0.04594 
             -0.02795               0.01396              -0.17602 
              0.10430              -0.40146               0.27279 
             -0.04597              -0.11423              -0.36029 
             -0.23678               0.35609               0.37207 
              0.43816              -0.06033               0.54058 
              0.14115              -0.19261              -0.20580 
             -0.27763              -0.26167              -0.01309 
