             -0.02076              -0.07222              -0.14865 
             -0.01622              -0.07952               0.00522 
             -0.00802               0.00735               0.25329 
             -0.02252              -0.05963               0.15000 
             -0.00463              -0.07227               0.01756 
              0.01797               0.06185              -0.15773 
              0.01542               0.08547              -0.31408 
              0.01884               0.05187              -0.12085 
              0.02233               0.01122              -0.01849 
              0.01122               0.04390               0.17894 
             -0.01448               0.05445               0.24456 
             -0.01685              -0.09107              -0.04059 
             -0.01708              -0.11747              -0.10344 
             -0.01835              -0.00957              -0.28995 
             -0.01544              -0.00666              -0.18663 
              0.00060              -0.06331               0.01637 
              0.02302              -0.00148               0.11864 
              0.02237               0.11889               0.29797 
              0.01607               0.09522              -0.00168 
              0.01480              -0.00808              -0.12249 
              0.00345              -0.01032              -0.23880 
             -0.00849               0.04546              -0.24736 
             -0.02801              -0.03562               0.01570 
             -0.02996              -0.13219               0.13701 
             -0.00500              -0.05440               0.23249 
             -0.00292               0.01280               0.09439 
              0.01191               0.02238              -0.15148 
              0.02522               0.00158              -0.21684 
              0.02357               0.04949              -0.22246 
              0.02421               0.12717              -0.07029 
              0.00421               0.02244               0.17942 
             -0.01257              -0.05150               0.20164 
             -0.01320              -0.00454               0.10595 
             -0.02070              -0.03591              -0.09442 
             -0.02336              -0.06766              -0.26122 
             -0.01934              -0.08991              -0.18849 
              0.00885              -0.01963              -0.10191 
              0.02913               0.07593               0.13038 
              0.01616              -0.00029               0.25143 
              0.01725               0.03664               0.08092 
              0.02587               0.09698              -0.04404 
              0.00015               0.03773              -0.27902 
             -0.02579              -0.01435              -0.20236 
             -0.02890              -0.06494              -0.10159 
             -0.01158              -0.03739               0.07462 
             -0.00343              -0.01589               0.29209 
             -0.01139              -0.10544               0.07623 
              0.01554              -0.01452              -0.01178 
              0.03230               0.07424              -0.27403 
              0.02398               0.05894              -0.31300 
              0.00089               0.04475              -0.19341 
             -0.00273               0.01993              -0.15603 
             -0.00041               0.02803              -0.15152 
             -0.00929               0.06983               0.12637 
             -0.03090              -0.02682               0.48466 
             -0.00513               0.06014               0.19063 
              0.00294               0.41222               0.89165 
             -0.01720               0.44377               0.19880 
             -0.00157               1.21839               1.43981 
              0.00868               1.01192               0.82365 
             -0.00281               0.60779              -0.31476 
             -0.00312               0.70048              -0.05897 
              0.00043               0.47404              -0.28899 
             -0.00036               0.47369              -0.38171 
             -0.00542               0.82732               0.08920 
             -0.01944               0.36320              -0.61649 
             -0.05900               0.33584              -0.05466 
              0.04179               0.07918              -0.39989 
              0.05452               0.17200              -0.59135 
              0.00392               0.31201              -0.34900 
              0.01394               0.13925              -0.01760 
              0.01767              -0.03896              -0.46247 
             -0.06784               0.18168               0.43793 
              0.04412              -0.04538              -0.03461 
              0.03373               0.58147               0.31832 
             -0.13776               0.57653              -0.04094 
              0.03039               0.46398               0.42928 
             -0.07402               0.54998               0.40654 
              0.04256               0.91583               0.40741 
             -0.00759               0.62964               0.40413 
             -0.01556               0.64213              -0.12212 
             -0.04276               0.29738               0.79636 
              0.04379              -0.26940              -0.35401 
             -0.03012               0.15316               0.46758 
             -0.00267              -0.12620              -0.14526 
              0.03947               0.17093              -0.20567 
             -0.04864               0.36037              -0.30428 
             -0.08158               0.10823              -0.46235 
             -0.07134               0.16923              -0.33289 
              0.04675               0.28685              -0.26651 
             -0.02980              -0.00833              -0.29618 
             -0.04060              -0.17122              -0.13452 
              0.07103               0.27531              -0.50652 
              0.06914               0.64840              -0.05810 
             -0.05592              -0.28627              -0.12459 
             -0.03695              -0.45805               0.12106 
              0.01855               0.24354               0.25316 
             -0.00723               0.03471               0.29114 
             -0.09922               0.17531               0.06975 
             -0.05128               0.25120               0.85242 
              0.07148              -0.07748              -0.14752 
              0.11877              -0.07722               0.54816 
              0.10157               0.21641               0.55617 
              0.00450              -0.29983              -0.45722 
             -0.23732              -0.42292               0.40524 
             -0.01665               0.03875              -0.54728 
              0.34266              -0.11313               0.24630 
             -0.05786              -0.10505              -0.55169 
             -0.29379              -0.08183              -0.14947 
             -0.07899              -0.03723              -0.39130 
              0.12762               0.08232              -0.18652 
              0.05976              -0.10862              -0.45006 
              0.11168              -0.39951               0.09016 
              0.15789               0.03574              -0.21227 
              0.02115              -0.13756              -0.10684 
             -0.05002              -0.33940              -0.37823 
              0.07301              -0.52817               0.23317 
              0.01858              -0.25908              -0.21227 
              0.00272              -0.50419               0.52672 
             -0.02121              -0.61930               1.14361 
             -0.18193              -0.50302              -0.10079 
              0.07623              -1.11391               0.77243 
              0.17125              -0.26097              -0.07925 
             -0.04332              -0.51930               0.31666 
              0.13983              -0.52339               0.35876 
             -0.09248              -0.45904              -0.07663 
             -0.12797              -0.55118              -0.02181 
              0.07039              -0.44336              -0.37667 
              0.02872              -0.29509              -0.45584 
             -0.02856              -0.16447              -0.22954 
             -0.01833              -0.15593              -0.13602 
             -0.03191              -0.42206              -0.19488 
             -0.12931              -0.20331              -0.51577 
             -0.18507              -0.23384               0.15172 
              0.07459              -0.43131              -0.27037 
              0.13581              -0.37064              -0.40256 
              0.02715              -0.23147               0.11796 
             -0.14926              -0.36362               0.02560 
             -0.06365              -0.79703               0.13503 
              0.01461              -0.92834               0.46708 
              0.02003              -0.64715               0.08458 
             -0.04851              -0.83780               0.29405 
             -0.03173              -0.83617               0.24429 
              0.03432              -1.15313               0.66759 
             -0.01193              -0.81832               0.03703 
             -0.05003              -0.78928               0.08408 
             -0.07105              -0.48233              -0.25846 
             -0.07395              -0.65393               0.03893 
             -0.02963              -0.33595              -0.52012 
              0.01404              -0.66895               0.33678 
              0.06879              -0.27470              -0.38919 
              0.21641              -0.16133              -0.12109 
              0.08672              -0.16616              -0.27838 
             -0.25013              -0.05428              -0.07658 
             -0.37436              -0.00028              -0.42609 
             -0.43428              -0.08792              -0.06236 
             -0.12873              -0.08988              -0.30466 
             -0.01496              -0.17362              -0.08166 
             -0.10894              -0.10769              -0.07381 
             -0.17307               0.16034              -0.04956 
             -0.15827               0.15011              -0.23025 
              0.06752               0.48653               0.49918 
              0.25897               0.69816               0.31577 
              0.12016               0.67142              -0.05785 
              0.09812               1.07978               0.54220 
             -0.00720               0.58140               0.06906 
             -0.22271               0.23853               0.00248 
             -0.02446               0.85999               0.82060 
              0.07332               0.69127               0.01514 
             -0.16852               0.44540              -0.01665 
             -0.14228               0.67880               0.42579 
              0.05647               0.25533              -0.63569 
              0.09704               0.20310               0.21374 
             -0.00564               0.10423              -0.22344 
             -0.00278               0.30280               0.00782 
              0.09740               0.24510              -0.05474 
              0.04656               0.34519              -0.15925 
             -0.00205               0.37226              -0.45516 
             -0.08359               0.35362              -0.31048 
             -0.20136               0.01682              -0.14660 
             -0.08456               0.08610              -0.36707 
              0.06902               0.37942               0.21725 
             -0.01624               0.31196               0.12318 
             -0.00359               0.42467               0.06279 
             -0.01498               0.55824               0.17506 
              0.06371               0.14189               0.02923 
             -0.04358               0.05751               0.28027 
             -0.01334               0.25789               0.06364 
              0.02066               0.47214               0.41183 
             -0.34427               0.29919               0.17997 
              0.09325               0.22026               0.29920 
              0.01754               0.10536              -0.23214 
             -0.20547               0.19650              -0.19141 
             -0.02129               0.15887              -0.26133 
              0.21773               0.06106               0.12126 
              0.15538               0.10865              -0.00216 
              0.15464              -0.02980               0.04169 
             -0.01347              -0.15868              -0.11029 
             -0.04742               0.05412              -0.38012 
             -0.07024               0.20978              -0.34736 
             -0.04475               0.10328              -0.38726 
             -0.16854              -0.11190              -0.15942 
             -0.16078              -0.14374              -0.16389 
             -0.00367              -0.03227               0.34331 
             -0.04079               0.05937               0.03332 
             -0.23388              -0.17948              -0.04131 
              0.47141              -0.25829               0.36699 
              0.25475              -0.12255              -0.35146 
             -0.15974              -0.22630               0.37735 
              0.03844              -0.24862               0.16604 
             -0.27322              -0.26414               0.51483 
             -0.11065              -0.31030               0.07676 
             -0.08565              -0.41121              -0.07399 
              0.01052               0.00815              -0.17972 
              0.08019              -0.01642              -0.22359 
              0.16441              -0.51306               0.23549 
              0.03434              -0.26610              -0.35260 
              0.20842              -0.24101               0.14249 
              0.10045              -0.26850              -0.29959 
             -0.29005              -0.31006              -0.08427 
             -0.08389              -0.02535              -0.35625 
              0.14331              -0.10280              -0.22323 
             -0.02439              -0.15653              -0.32153 
             -0.36196              -0.49135               0.29295 
             -0.00765              -0.47879              -0.09328 
              0.09193              -0.63573               0.22586 
              0.19162              -0.40441               0.00922 
              0.13978              -0.56168               0.14481 
             -0.13142              -0.51880               0.05277 
              0.11480              -0.47778               0.17064 
              0.21381              -0.98788               0.82268 
             -0.10650              -0.73045               0.11626 
             -0.11242              -0.48440              -0.11051 
             -0.01911              -0.58275               0.10044 
             -0.17941              -0.42662              -0.09251 
             -0.32496              -0.36656              -0.01650 
              0.19516              -0.48757               0.26108 
              0.28707              -0.47224              -0.06581 
              0.09638              -0.49969              -0.28028 
              0.03881              -0.60556              -0.14166 
              0.02156              -0.37431              -0.39186 
              0.05353              -0.23252              -0.19648 
             -0.10898              -0.23773              -0.09431 
             -0.24011              -0.64174               0.20556 
              0.10382              -0.60591               0.01208 
              0.21116              -0.38544              -0.02457 
             -0.10706              -0.65042               0.09372 
             -0.14702              -0.50358              -0.19245 
             -0.37360              -0.80972               0.58208 
             -0.15323              -0.65677               0.42205 
             -0.00820              -0.51642               0.21401 
             -0.13143              -0.40863               0.18579 
             -0.25459              -0.15235              -0.15707 
             -0.32197              -0.05867              -0.06050 
             -0.30762              -0.27783               0.10654 
             -0.38840              -0.14090               0.01247 
             -0.34657               0.02185              -0.10705 
             -0.27613               0.08549              -0.27966 
             -0.11198               0.11034              -0.13589 
              0.10579               0.07769              -0.17124 
              0.03801               0.07996              -0.63352 
             -0.27437               0.19706              -0.16812 
             -0.22040               0.25209              -0.31851 
              0.13106               0.13442               0.49484 
              0.19070              -0.03276              -0.22508 
             -0.02240               0.62967               0.11293 
             -0.06516               0.60278              -0.16192 
              0.04160               0.43975              -0.09153 
             -0.00681               0.05663              -0.11428 
              0.18778               0.11041               0.58619 
              0.19755               0.44854               0.15044 
             -0.20553               1.04593               0.83512 
             -0.30437               0.50223              -0.11157 
             -0.31461               0.45389               0.15241 
              0.01977               0.30113               0.00759 
              0.22438               0.40216               0.40609 
              0.04631               0.07524               0.10565 
              0.00619               0.46229               0.12852 
              0.06157               0.31212              -0.24502 
              0.14049               0.23485              -0.35042 
              0.06238               0.23598              -0.19734 
              0.06587              -0.05936              -0.28672 
              0.02627               0.12661              -0.45402 
              0.05877               0.42307               0.29677 
             -0.32201               0.37123               0.04498 
             -0.29823               0.11874              -0.42096 
             -0.06089              -0.13239               0.05241 
              0.04906               0.12088              -0.35558 
              0.02279               0.03253              -0.12861 
              0.15719              -0.02471              -0.10680 
             -0.01822               0.45924               0.61602 
              0.07169               0.17745              -0.12405 
              0.29687               0.23869               0.26170 
             -0.19502               0.23160               0.54546 
             -0.08922               0.07689              -0.29586 
             -0.13242               0.26196               0.25099 
              0.01980              -0.46663               0.16139 
              0.17458              -0.26167               0.11144 
             -0.12422               0.55880               0.72112 
             -0.12153              -0.01731              -0.59166 
              0.13639              -0.26551               0.30961 
              0.07629               0.06073              -0.56702 
              0.11219               0.11852              -0.13306 
              0.11942              -0.15769              -0.16875 
             -0.17991              -0.14921              -0.16344 
             -0.36437               0.08478               0.15892 
              0.11410              -0.01618              -0.29739 
              0.40623              -0.33010              -0.02466 
             -0.03167              -0.20578              -0.62240 
             -0.20157              -0.19760              -0.06715 
             -0.00668              -0.09130              -0.27108 
              0.12999              -0.12701               0.29502 
              0.00149              -0.54960               1.05711 
              0.03313              -0.25166              -0.30373 
              0.09588              -0.09537               0.69289 
             -0.17982              -0.18215              -0.16137 
             -0.14534              -0.41318              -0.00336 
             -0.02631              -0.58280               0.54963 
              0.16948              -0.59217               0.62519 
             -0.12838              -0.58557               0.07617 
             -0.01560              -0.47689              -0.21134 
              0.15039              -0.09976              -0.21298 
              0.10824               0.00934              -0.54904 
             -0.09457              -0.14813              -0.27169 
             -0.09305              -0.29625               0.27299 
              0.01201              -0.17815              -0.23762 
             -0.16452              -0.27925              -0.01185 
             -0.01352              -0.32018              -0.04935 
              0.07150              -0.30427              -0.43017 
              0.03654              -0.39802              -0.28492 
              0.08972              -0.29893              -0.48132 
              0.39889              -0.34328               0.30318 
              0.01312              -0.60518               0.07953 
             -0.30797              -0.83219               0.37530 
             -0.02174              -0.59296              -0.03787 
              0.02592              -0.47772               0.28731 
             -0.14267              -0.25981               0.27563 
              0.07925              -0.21739               0.07939 
              0.07282              -0.77282               0.22246 
              0.08045              -0.89418               0.34535 
             -0.01948              -0.46805              -0.26732 
              0.11889              -0.69273               0.12534 
              0.07818              -0.48962              -0.32924 
              0.06512              -0.48667              -0.28130 
             -0.04586              -0.42657               0.06875 
             -0.12641              -0.45597              -0.09210 
             -0.25558              -0.36980               0.01382 
             -0.35127              -0.18191              -0.04549 
              0.02031              -0.27134              -0.36639 
              0.22694              -0.28695              -0.22244 
              0.18586              -0.22075              -0.01225 
              0.21548              -0.13666               0.36281 
             -0.03668               0.03127              -0.21353 
              0.09107               0.27084               0.32493 
             -0.05448              -0.24560              -0.04508 
              0.15136              -0.08092              -0.05950 
              0.08703               0.40886              -0.22064 
             -0.12562               0.11753              -0.20846 
             -0.29790              -0.22150               0.43361 
             -0.10758               0.39965              -0.18242 
              0.05999               0.62609               0.44541 
              0.03519               0.59793               0.22343 
              0.01457               0.41958              -0.18014 
             -0.11530               0.58830               0.04075 
             -0.13274               0.42721              -0.32457 
              0.12032               0.38048              -0.40128 
              0.43129               0.61665               0.61288 
              0.39619               0.31133               0.20466 
             -0.09684               0.35079               0.28777 
             -0.28359               0.20091               0.14355 
             -0.09605               0.33217              -0.23115 
             -0.35664               0.28816               0.02875 
             -0.30752               0.33570               0.02065 
              0.09100               0.39224               0.05504 
              0.67174               0.64744               0.83475 
              0.15391               0.45016              -0.25626 
             -0.07202               0.31935              -0.12651 
              0.22265               0.09077              -0.14560 
              0.33730              -0.13119              -0.12509 
              0.11569               0.12370              -0.46578 
             -0.49226               0.52367               0.46477 
             -0.30994               0.14253              -0.04816 
             -0.02893               0.11186              -0.27755 
             -0.07576               0.13403               0.43334 
             -0.04852               0.10617              -0.72225 
              0.25223               0.32915               0.13473 
              0.48832               0.23465              -0.14053 
              0.27939               0.16353               0.10421 
             -0.02768               0.08474               0.23569 
             -0.09101               0.15679               0.17791 
              0.05783               0.00835               0.22697 
              0.00267               0.04193              -0.56583 
             -0.65674               0.27116               0.43098 
             -0.20610               0.24733              -0.26686 
              0.41470               0.17956               0.26659 
              0.17696              -0.42762               0.39083 
              0.05104               0.14615              -0.18747 
              0.26605               0.40446               0.12470 
              0.04946               0.04775              -0.20366 
             -0.03321              -0.11154              -0.46462 
             -0.15262               0.12478               0.01528 
             -0.27942              -0.08453               0.09848 
             -0.33074              -0.30830               0.14861 
             -0.17707               0.01516              -0.16328 
             -0.20034               0.15618               0.17311 
              0.29695              -0.09717              -0.23464 
              0.52962              -0.17173               0.17070 
             -0.00284              -0.07837              -0.71472 
             -0.19115              -0.42510               0.68680 
              0.08628               0.12438              -0.11925 
             -0.06730              -0.27582               0.25191 
             -0.63900              -0.72067               0.80186 
             -0.14429              -0.18501              -0.39032 
             -0.07602              -0.42472              -0.10907 
             -0.19559              -0.34266               0.06165 
              0.29260              -0.00258               0.16117 
              0.52977              -0.06274               0.29227 
             -0.05696              -0.84349               0.77958 
             -0.11912              -0.44719              -0.29285 
             -0.01554              -0.26019              -0.39747 
              0.06304              -0.14599              -0.61555 
              0.02046              -0.38189               0.36500 
             -0.13431              -0.07661              -0.27241 
             -0.44104              -0.46918               1.10495 
             -0.05252              -0.29612              -0.36683 
             -0.03914              -0.32996              -0.12682 
              0.18127              -0.32324              -0.21062 
              0.21825              -0.15436              -0.52889 
              0.49663              -0.24906               0.16502 
              0.18830              -0.23809               0.12876 
             -0.10997              -0.40029              -0.15261 
             -0.16408              -0.82331               0.48286 
             -0.04959              -0.36196              -0.37006 
             -0.06186              -0.44590              -0.12939 
             -0.07655              -0.18343              -0.60729 
             -0.30281              -0.80006               0.67218 
             -0.02357              -0.36039               0.11015 
              0.17813              -0.28174               0.09114 
             -0.06998              -0.64679               0.29850 
              0.02058              -0.40652              -0.37959 
              0.28443              -0.55829               0.02395 
              0.25809              -0.40339              -0.12815 
              0.22964              -0.51053              -0.15703 
             -0.08443              -0.64267              -0.00636 
             -0.57501              -0.27344               0.06777 
             -0.28640              -0.47931              -0.10944 
              0.07212              -0.54481              -0.17444 
              0.23333              -0.13974              -0.17954 
             -0.08357              -0.13011              -0.34508 
             -0.11482              -0.50030               0.22067 
              0.20524              -0.27585              -0.02303 
             -0.01335              -0.01374               0.35747 
             -0.02603              -0.04128              -0.10510 
             -0.11616              -0.20106               0.12078 
              0.03803              -0.02445              -0.28492 
              0.23098               0.13579               0.12742 
              0.16837               0.14220               0.15788 
              0.17084              -0.07446              -0.37380 
              0.25404               0.12734               0.27739 
              0.16701               0.15587              -0.32087 
              0.36325               0.02026               0.03703 
              0.17449              -0.03954              -0.31411 
             -0.13165               0.12293               0.34643 
              0.13536               0.25686              -0.04560 
              0.06258               0.28859              -0.00367 
             -0.28204               0.03478              -0.14427 
             -0.26888               0.16655              -0.07499 
             -0.00299               0.37121              -0.15887 
             -0.13405               0.34599              -0.05028 
             -0.00493               0.68294               0.22849 
              0.25543               0.43011              -0.22286 
              0.29639               0.73292               0.54718 
              0.01694               0.18925              -0.43437 
             -0.10194               0.22611               0.47407 
              0.22140               0.58857               0.20867 
             -0.06723               0.50635               0.03150 
             -0.54667               0.60924               0.39674 
             -0.12528               0.34281               0.14362 
              0.01554              -0.08458              -0.01372 
              0.05769               0.17625              -0.05670 
             -0.09027               0.66861               0.09252 
              0.24017               0.13753               0.08714 
              0.41130               0.04506              -0.14889 
              0.40127               0.19529               0.18433 
              0.04856               0.20017              -0.37183 
             -0.40515               0.17495              -0.25048 
             -0.39006              -0.01583              -0.16655 
              0.07947               0.02420               0.09688 
             -0.10583               0.15410              -0.43767 
             -0.62906               0.17120               0.65068 
              0.15434               0.19432              -0.31046 
              0.19001               0.13391               0.18130 
             -0.19060               0.06442               0.28515 
              0.00958              -0.11692              -0.04154 
              0.27479               0.09925              -0.21339 
              0.26424               0.25880              -0.28769 
              0.29411               0.37167               0.73003 
             -0.32265              -0.19345               0.27774 
             -0.14287              -0.28215               0.76984 
             -0.24272              -0.15864               0.24483 
             -0.23969              -0.18950              -0.19300 
              0.10726               0.06981               0.20212 
             -0.09786               0.23689               0.16586 
             -0.19427              -0.22873              -0.36130 
              0.26456              -0.34972               0.06230 
              0.48119               0.07440              -0.10374 
              0.02950               0.46942              -0.19426 
             -0.01127               0.05273              -0.11635 
              0.27122              -0.18632              -0.40564 
              0.09371              -0.30321              -0.28681 
             -0.20727              -0.27417               0.04697 
             -0.27183              -0.07156              -0.36493 
             -0.39116              -0.29128               0.61619 
             -0.04961              -0.00716              -0.37086 
              0.13304               0.17271              -0.11156 
             -0.16433              -0.11145               0.04206 
             -0.16502              -0.40464              -0.03088 
              0.33102              -0.14711              -0.33745 
              0.66395              -0.16015               0.33148 
             -0.25618              -0.66998               0.50370 
             -0.15394              -0.33596              -0.08703 
             -0.05803              -0.65211               0.16953 
             -0.22152              -0.29727              -0.34489 
             -0.16454              -0.37831              -0.01645 
              0.06645              -0.37151              -0.02266 
              0.10109              -0.29922              -0.14039 
             -0.27785              -0.16036              -0.23500 
             -0.04167              -0.11018              -0.02782 
              0.17611              -0.21239              -0.34717 
              0.33751              -0.23533              -0.13645 
              0.15456              -0.00310              -0.23175 
             -0.00546              -0.22617               0.09020 
             -0.31526              -0.30301              -0.26997 
             -0.14236              -0.76625               0.43333 
             -0.04903              -0.48191              -0.31261 
              0.12212              -0.54302              -0.03996 
              0.20973              -0.29947              -0.24426 
             -0.33631              -0.17287               0.41171 
             -0.13096              -0.38822              -0.18666 
              0.03030              -0.84593               0.40826 
             -0.19071              -0.17820               0.31909 
             -0.03257              -0.20144              -0.44860 
              0.09388              -0.93477               0.74988 
              0.15903              -0.17828              -0.19404 
              0.06898              -0.24392               0.18002 
             -0.02396              -0.56882               0.41523 
              0.11396              -0.46599               0.04136 
              0.09150              -0.32676              -0.33411 
             -0.16327              -0.26597               0.04998 
             -0.23747              -0.05076              -0.31199 
             -0.25308               0.41535              -0.00543 
              0.13799               0.36100               0.08107 
              0.17031              -0.00929              -0.27014 
              0.20513              -0.22749              -0.35979 
              0.26684              -0.29460              -0.03946 
              0.03083               0.03405              -0.22876 
             -0.28489               0.42646               0.17759 
             -0.00086               0.27084              -0.13436 
              0.34964              -0.04011               0.14395 
              0.25029              -0.03232              -0.28013 
              0.07558               0.09158              -0.15380 
             -0.00464               0.10629              -0.42417 
              0.06370               0.11278              -0.17781 
              0.34292               0.21230               0.26971 
              0.33339               0.28809               0.26735 
             -0.11337               0.45423               0.05342 
             -0.24611               0.61841               0.02525 
             -0.16752               0.58277               0.00381 
              0.12022               0.07689               0.04040 
              0.42518               0.09560               0.07075 
              0.43347               0.45926               0.75222 
             -0.31837               0.27508               0.19204 
             -0.35694               0.47968               0.19064 
             -0.11174               0.67524               0.06624 
             -0.00324               0.16584              -0.21388 
              0.13327               0.07198              -0.06358 
              0.10164               0.37753              -0.21963 
             -0.18572               0.58831               0.03113 
             -0.30633               0.28530               0.00903 
              0.03258               0.00656              -0.26580 
              0.08143               0.18269               0.06538 
              0.10657               0.19326              -0.51676 
              0.43478               0.25854              -0.01991 
              0.28344               0.04505              -0.37947 
             -0.13739               0.07435               0.35447 
             -0.52089               0.17483               0.18986 
             -0.42640               0.16867               0.53000 
             -0.21939               0.36595              -0.01053 
             -0.09502               0.38607               0.34333 
             -0.00235               0.16744              -0.42001 
             -0.00470               0.20828               0.54088 
              0.07896               0.24391              -0.38639 
              0.26310               0.05265               0.37735 
              0.22303              -0.20624               0.09785 
              0.02758               0.34190               0.29798 
             -0.14213               0.08946              -0.12662 
             -0.20387              -0.17958              -0.01037 
             -0.21952               0.03539              -0.44689 
             -0.37180               0.06932               0.32259 
              0.17326               0.19620              -0.10860 
