             -0.06681              -0.10059              -0.14416 
              0.00648              -0.06550               0.05514 
              0.07916              -0.08707               0.17559 
             -0.01901              -0.08086               0.23175 
             -0.06203              -0.02611               0.02609 
              0.01168               0.01627              -0.11544 
              0.05150               0.11810              -0.22057 
             -0.01551               0.10730              -0.13698 
             -0.07504               0.03712               0.03165 
              0.04211               0.08973               0.14712 
              0.06489              -0.00393               0.25080 
             -0.04389              -0.08710               0.04011 
             -0.03192              -0.09683              -0.07121 
              0.03177              -0.10859              -0.21224 
              0.04204              -0.03428              -0.16957 
             -0.04879              -0.01396               0.00106 
             -0.06108              -0.01803               0.11095 
              0.07413               0.15498               0.27214 
              0.01792               0.09517               0.06966 
             -0.05572               0.05782              -0.07039 
             -0.00940               0.04980              -0.18866 
              0.04201              -0.03516              -0.19940 
              0.03801              -0.05351              -0.01043 
             -0.05483              -0.10468               0.10889 
             -0.02357              -0.13696               0.26158 
              0.07937               0.01217               0.10521 
             -0.01027              -0.01429              -0.05286 
             -0.06553               0.03134              -0.17653 
             -0.00642               0.11065              -0.20921 
              0.05335               0.10410              -0.02775 
              0.00715               0.08559               0.07704 
             -0.08018               0.00243               0.25256 
              0.02182              -0.06021               0.12455 
              0.08009              -0.02974              -0.02917 
             -0.01499              -0.11678              -0.16112 
             -0.05429              -0.11551              -0.20921 
              0.01877              -0.00572              -0.06907 
              0.06242               0.00791               0.05602 
             -0.04431               0.05384               0.26270 
             -0.07843               0.08513               0.12587 
              0.03741               0.08314               0.03871 
              0.05277               0.09412              -0.18081 
             -0.02905              -0.00408              -0.19526 
             -0.05089              -0.08386              -0.10400 
              0.06055              -0.03983               0.03390 
              0.08383              -0.10862               0.27386 
             -0.06279              -0.07675               0.12810 
             -0.05279              -0.03041               0.05563 
              0.03982               0.01830              -0.15203 
              0.03256               0.11243              -0.20464 
             -0.06463               0.08801              -0.11427 
             -0.06645               0.04702               0.01576 
              0.08439               0.10324               0.24026 
              0.03866              -0.02182               0.14527 
             -0.05816              -0.07155               0.07526 
             -0.00183              -0.08847              -0.12167 
              0.05722              -0.09785              -0.21703 
              0.03754              -0.03782              -0.11425 
             -0.07378              -0.04253              -0.01195 
             -0.04834               0.00361               0.19872 
              0.07754               0.13171               0.19216 
             -0.01372               0.07379               0.08132 
             -0.06817               0.06684              -0.10037 
             -0.00413               0.04643              -0.19105 
              0.06384              -0.02032              -0.18302 
              0.04154              -0.03685              -0.00165 
             -0.07165              -0.10461               0.15857 
              0.01502              -0.10163               0.21144 
              0.08408              -0.00262               0.10609 
             -0.04157              -0.03109              -0.08789 
             -0.06871               0.03482              -0.19042 
             -0.00065               0.09866              -0.17189 
              0.04856               0.06592              -0.03616 
             -0.01870               0.09861               0.14990 
             -0.07320               0.01639               0.20624 
              0.06232              -0.03946               0.12037 
              0.07747              -0.02943              -0.05338 
             -0.03690              -0.11663              -0.18296 
             -0.04597              -0.09310              -0.17326 
              0.03798              -0.02245              -0.08244 
              0.04954              -0.02907               0.14358 
             -0.06626               0.07909               0.19153 
             -0.06878               0.07140               0.14691 
              0.04774               0.06656              -0.00962 
              0.03857               0.09091              -0.19651 
             -0.04121               0.00014              -0.17261 
             -0.02430              -0.03945              -0.09670 
              0.08074              -0.04391               0.09447 
              0.03055              -0.10653               0.22535 
             -0.06764              -0.04723               0.14567 
             -0.02221              -0.04508               0.01264 
              0.04341               0.00387              -0.16850 
              0.00613               0.08460              -0.18664 
             -0.08174               0.05914              -0.11603 
             -0.02193               0.05863               0.07208 
              0.10037               0.09433               0.22796 
             -0.00057              -0.01479               0.13860 
             -0.04729              -0.02701               0.05146 
              0.01778              -0.07235              -0.16595 
              0.05602              -0.10001              -0.18799 
             -0.00084              -0.03901              -0.11025 
             -0.08834              -0.04987               0.01258 
              0.01302               0.00038               0.23989 
              0.07109               0.08262               0.13661 
             -0.06119               0.05049               0.08661 
             -0.04602               0.09818              -0.14246 
              0.03428               0.06164              -0.18212 
              0.06842              -0.01823              -0.14606 
             -0.01389              -0.00944               0.01483 
             -0.07727              -0.10116               0.19795 
              0.07243              -0.08384               0.16010 
              0.05485              -0.02719               0.11332 
             -0.07667              -0.05468              -0.12918 
             -0.05245               0.02961              -0.18544 
              0.03724               0.06338              -0.16407 
              0.04703               0.06324               0.01451 
             -0.06052               0.11367               0.15290 
             -0.04800               0.01854               0.20899 
              0.10204              -0.00263               0.10855 
              0.03439              -0.02488              -0.09854 
             -0.06998              -0.11187              -0.15871 
             -0.01790              -0.07416              -0.19972 
              0.06856              -0.04280              -0.00857 
              0.02049              -0.04885               0.14403 
             -0.09366               0.05177               0.17526 
             -0.02515               0.04697               0.17547 
              0.07797               0.08119              -0.10498 
              0.01205               0.11099              -0.14450 
             -0.06888               0.01565              -0.20405 
             -0.00569              -0.00622              -0.04661 
              0.09778              -0.02779               0.12257 
             -0.00130              -0.10632               0.18804 
             -0.08226              -0.06113               0.18063 
              0.00400              -0.07891              -0.06569 
              0.06287              -0.02818              -0.14922 
             -0.01341               0.06597              -0.19810 
             -0.09101               0.05622              -0.08724 
              0.01611               0.09729               0.12837 
              0.08795               0.08412               0.16814 
             -0.03777               0.00619               0.20222 
             -0.04703               0.00836              -0.03248 
              0.03335              -0.08860              -0.14730 
              0.06454              -0.09913              -0.21856 
             -0.01248              -0.05516              -0.06236 
             -0.08639              -0.07135               0.03772 
              0.04699              -0.00849               0.21461 
              0.05099               0.06156               0.18635 
             -0.06665               0.06560              -0.00747 
             -0.03242               0.11420              -0.11305 
              0.03236               0.05379              -0.22456 
              0.05447               0.00748              -0.09470 
             -0.03866               0.01135               0.02075 
             -0.05873              -0.09262               0.20007 
              0.09241              -0.09088               0.20220 
              0.02310              -0.06773               0.01773 
             -0.07111              -0.06823              -0.10222 
             -0.01764               0.02519              -0.22605 
              0.04934               0.05530              -0.11356 
              0.02399               0.06110               0.00302 
             -0.07895               0.12672               0.18301 
             -0.02204               0.03734               0.21171 
              0.08717               0.01428               0.04298 
             -0.00073              -0.02989              -0.08301 
             -0.05461              -0.10357              -0.20956 
              0.01058              -0.08087              -0.15283 
              0.07022              -0.08627               0.00222 
             -0.00778              -0.05531               0.16387 
             -0.08751               0.05658               0.19258 
              0.01268               0.03406               0.10550 
              0.05787               0.09113              -0.08726 
             -0.02939               0.10858              -0.19561 
             -0.06957               0.04218              -0.16377 
              0.03352               0.01719              -0.04119 
              0.08959              -0.03500               0.13975 
             -0.03641              -0.09526               0.21625 
             -0.05164              -0.07591               0.12259 
              0.04524              -0.09420              -0.06913 
              0.05003              -0.02415              -0.17177 
             -0.04634               0.04982              -0.19742 
             -0.08166               0.04422              -0.05492 
              0.05314               0.08708               0.12761 
              0.04884               0.09901               0.20427 
             -0.07691               0.04582               0.14576 
             -0.01843               0.00981              -0.04270 
              0.06646              -0.07737              -0.16780 
              0.05278              -0.09442              -0.18806 
             -0.05319              -0.07104              -0.07263 
             -0.04858              -0.10539               0.08601 
              0.09414              -0.02208               0.21297 
             -0.00014               0.05878               0.15295 
             -0.09122               0.08039              -0.01325 
             -0.01670               0.11342              -0.14305 
              0.05050               0.06288              -0.21393 
              0.02889               0.04939              -0.08379 
             -0.06675               0.01528               0.05067 
             -0.00165              -0.10792               0.21824 
              0.11803              -0.09000               0.17332 
             -0.01172              -0.08261               0.02293 
             -0.07352              -0.06196              -0.13824 
              0.00266               0.00263              -0.21769 
              0.04999               0.03620              -0.09367 
             -0.02099               0.10003               0.00294 
             -0.10932               0.12162               0.23616 
              0.02639               0.02991               0.18029 
              0.09601               0.03565               0.01610 
             -0.02609              -0.02229              -0.09042 
             -0.04353              -0.08922              -0.23951 
              0.04967              -0.11008              -0.09110 
              0.07411              -0.08853              -0.02008 
             -0.04503              -0.03055               0.21272 
             -0.09037               0.01975               0.18665 
              0.03044               0.03210               0.05333 
              0.04472               0.12278              -0.07147 
             -0.05436               0.10589              -0.23263 
             -0.06194               0.03683              -0.11667 
              0.07198               0.01664              -0.04279 
              0.08485              -0.02654               0.20060 
             -0.05837              -0.07569               0.18608 
             -0.02757              -0.10910               0.09353 
              0.06471              -0.10817              -0.06470 
              0.02636              -0.00021              -0.20996 
             -0.08081               0.04678              -0.15091 
             -0.06957               0.02953              -0.06504 
              0.07154               0.10228               0.18520 
              0.01531               0.10239               0.18413 
             -0.07983               0.05318               0.11930 
              0.01860              -0.02053              -0.04230 
              0.08048              -0.07204              -0.21932 
              0.04404              -0.06121              -0.13255 
             -0.05499              -0.07813              -0.10234 
             -0.02220              -0.11832               0.17437 
              0.08295              -0.00616               0.17403 
             -0.05624               0.06207               0.13839 
             -0.09470               0.08369              -0.01513 
              0.01126               0.07839              -0.19472 
              0.05285               0.06493              -0.15612 
              0.00506               0.06641              -0.12639 
             -0.05713               0.00152               0.14736 
              0.06303              -0.10676               0.17889 
              0.10986              -0.07207               0.16074 
             -0.05971              -0.07684               0.00298 
             -0.05950              -0.06413              -0.18567 
              0.02306              -0.01558              -0.17013 
              0.01306               0.02942              -0.12735 
             -0.07473               0.11568               0.10549 
             -0.07778               0.09056               0.17819 
              0.07970               0.03205               0.18778 
              0.07201               0.06017               0.00989 
             -0.03927              -0.01619              -0.15931 
             -0.00521              -0.09169              -0.18205 
              0.08051              -0.09642              -0.14892 
              0.04113              -0.10006               0.08938 
             -0.09449              -0.02057               0.15183 
             -0.05182              -0.00420               0.20683 
              0.04738               0.03663               0.04665 
             -0.00992               0.12721              -0.14450 
             -0.08161               0.10020              -0.17832 
             -0.01048               0.03801              -0.15916 
              0.12375               0.02443               0.03535 
              0.03429              -0.02511               0.16917 
             -0.06236              -0.06572               0.20061 
              0.03351              -0.11677               0.08532 
              0.05817              -0.09663              -0.13730 
             -0.02707              -0.00271              -0.17051 
             -0.10773               0.02649              -0.18814 
             -0.03149               0.02493               0.02441 
              0.08992               0.10515               0.15746 
             -0.05283               0.10954               0.20663 
             -0.04714               0.05485               0.09658 
              0.08251              -0.01051              -0.09184 
              0.07981              -0.06768              -0.19770 
             -0.00088              -0.05397              -0.16068 
             -0.07436              -0.08714              -0.03342 
              0.03806              -0.12961               0.14703 
              0.06320              -0.00607               0.20101 
             -0.12126               0.05030               0.12692 
             -0.06469               0.07954              -0.06305 
              0.04516               0.09386              -0.18105 
              0.04471               0.06798              -0.18128 
             -0.03012               0.07417              -0.05784 
             -0.04248              -0.00678               0.13963 
              0.11366              -0.10080               0.18533 
              0.07271              -0.05869               0.17070 
             -0.08684              -0.08565              -0.04246 
             -0.03577              -0.07337              -0.18577 
              0.04600              -0.01016              -0.19001 
              0.00086               0.03348              -0.08936 
             -0.10397               0.10895               0.12531 
             -0.04572               0.08094               0.19717 
              0.10032               0.03578               0.18021 
              0.03310               0.06287              -0.03743 
             -0.04971              -0.02244              -0.15455 
              0.02584              -0.09592              -0.19625 
              0.09860              -0.07740              -0.11990 
             -0.00113              -0.07225               0.13104 
             -0.09302              -0.03485               0.15128 
             -0.01473              -0.01614               0.22149 
              0.03765               0.03741              -0.00857 
             -0.03843               0.13126              -0.14165 
             -0.07960               0.08354              -0.20531 
              0.02429               0.01767              -0.13187 
              0.10659               0.04598               0.08616 
             -0.01514              -0.00744               0.14979 
             -0.02899              -0.07739               0.25270 
              0.05140              -0.10955               0.00598 
              0.03796              -0.09125              -0.12131 
             -0.04567               0.00471              -0.20059 
             -0.08108               0.00991              -0.16333 
              0.02009               0.01304               0.06412 
              0.03534               0.11323               0.15122 
             -0.08326               0.10290               0.24039 
             -0.00436               0.04033               0.05489 
              0.07170              -0.01187              -0.12431 
              0.05064              -0.05001              -0.20160 
             -0.01309              -0.04418              -0.14700 
             -0.03122              -0.09267               0.01020 
              0.06869              -0.11244               0.14871 
              0.00214               0.00827               0.24384 
             -0.10890               0.03956               0.06457 
             -0.01672               0.05284              -0.07828 
              0.02842               0.07637              -0.20857 
             -0.00554               0.07702              -0.16606 
             -0.04272               0.08073              -0.02284 
              0.01075              -0.01121               0.14941 
              0.12341              -0.10185               0.23495 
              0.00627              -0.04543               0.09592 
             -0.06957              -0.07219              -0.04617 
              0.02030              -0.07389              -0.21238 
              0.03387              -0.02342              -0.18289 
             -0.04960               0.03348              -0.04194 
             -0.08891               0.09762               0.09831 
              0.00325               0.06026               0.28306 
              0.07166               0.04317               0.08667 
             -0.01921               0.08230              -0.01652 
             -0.02410              -0.01861              -0.19895 
              0.07051              -0.08784              -0.20040 
              0.07545              -0.08963              -0.06607 
             -0.04046              -0.06498               0.09229 
             -0.06513              -0.02773               0.26165 
              0.02425              -0.03165               0.11458 
              0.01794               0.04169               0.01493 
             -0.06918               0.11274              -0.19888 
             -0.06218               0.08908              -0.18097 
              0.05782               0.03797              -0.11609 
              0.06726               0.03079               0.07809 
             -0.05253              -0.00785               0.23934 
             -0.00098              -0.06843               0.14848 
              0.07401              -0.11678               0.04861 
              0.02640              -0.07201              -0.19210 
             -0.05636              -0.00735              -0.18340 
             -0.05805               0.00171              -0.15618 
              0.04833               0.01059               0.07150 
             -0.00745               0.10390               0.22490 
             -0.09611               0.10238               0.15694 
              0.02065               0.03942               0.08353 
              0.06409              -0.01325              -0.17721 
              0.03610              -0.03582              -0.19324 
             -0.02464              -0.03667              -0.15924 
              0.00216              -0.10558               0.04187 
              0.09881              -0.11384               0.20754 
             -0.03824               0.01451               0.19793 
             -0.09433               0.03446               0.06536 
             -0.00191               0.04890              -0.11854 
              0.01295               0.07373              -0.21142 
             -0.01853               0.09523              -0.15012 
             -0.05153               0.07608              -0.01080 
              0.03806              -0.04873               0.18870 
              0.10622              -0.06742               0.21938 
             -0.02641              -0.03640               0.08933 
             -0.02620              -0.08649              -0.07937 
              0.03550              -0.07605              -0.22842 
              0.01237              -0.02403              -0.16783 
             -0.05919               0.05740              -0.02711 
             -0.06893               0.08096               0.16270 
              0.02798               0.03399               0.23535 
              0.03460               0.08091               0.10809 
             -0.04400               0.06640              -0.07275 
             -0.00115              -0.03738              -0.19646 
              0.08201              -0.08437              -0.20314 
              0.05150              -0.07177              -0.04566 
             -0.04173              -0.04625               0.14815 
             -0.00980              -0.05813               0.22089 
              0.03262              -0.04847               0.14925 
             -0.02764               0.07268              -0.05115 
             -0.08512               0.11585              -0.18848 
             -0.03084               0.05502              -0.19249 
              0.06230               0.02962              -0.09561 
              0.00667               0.05298               0.13632 
             -0.04154               0.00039               0.20095 
              0.06439              -0.09295               0.18841 
              0.06850              -0.12434              -0.02203 
             -0.00931              -0.04118              -0.18463 
             -0.06425               0.00159              -0.19008 
             -0.01464              -0.03284              -0.14776 
              0.04386               0.01899               0.12328 
             -0.06820               0.12148               0.20730 
             -0.06284               0.09499               0.18400 
              0.06008               0.02393               0.04046 
              0.04747              -0.02399              -0.19821 
             -0.00816              -0.01268              -0.17762 
             -0.01533              -0.03731              -0.16441 
              0.05985              -0.13121               0.07105 
              0.07156              -0.08273               0.20216 
             -0.08267               0.02183               0.18249 
             -0.05947               0.03048               0.09296 
              0.02398               0.04652              -0.17086 
             -0.01009               0.06597              -0.18379 
             -0.05297               0.08268              -0.21893 
             -0.03425               0.08531              -0.00286 
              0.08306              -0.02972               0.15071 
              0.07439              -0.04740               0.20925 
             -0.05225              -0.02908               0.12786 
              0.00615              -0.07766              -0.12747 
              0.05581              -0.06141              -0.22204 
             -0.00470              -0.01921              -0.27165 
             -0.07557               0.03456              -0.10705 
             -0.05463               0.09803               0.00184 
              0.03461               0.06374               0.21622 
              0.02342               0.07424               0.04557 
             -0.04964               0.09427              -0.13040 
             -0.00527               0.00624              -0.33769 
              0.05107              -0.02930              -0.47042 
              0.04817              -0.03270              -0.56876 
              0.02375              -0.13761              -0.34646 
             -0.02647              -0.69426               0.31045 
             -0.02343              -0.71293               0.01612 
              0.01698              -0.76169               0.34880 
             -0.04838              -0.44113               0.63557 
             -0.03712              -1.08647               0.88200 
             -0.04051              -1.10747               0.51190 
             -0.00203              -1.17402               0.52760 
              0.07440              -1.00084               0.31208 
              0.04478              -0.50117               0.12952 
             -0.10100              -0.46470               0.18360 
             -0.00939              -0.44724              -0.43723 
              0.04300              -0.59508              -0.03630 
              0.00376              -0.19125              -0.31839 
             -0.03050              -0.16173              -0.55574 
             -0.01197              -0.28228              -0.59186 
              0.00791              -0.65575               0.01889 
             -0.00205              -0.16333              -0.71781 
             -0.02130              -0.03600              -0.09979 
              0.04975              -0.05518              -0.32936 
              0.09705              -0.05898              -0.21013 
             -0.07379               0.82626               0.84125 
             -0.15317               0.52280               0.27508 
              0.11370               0.28338               0.31567 
              0.04155               0.51503               0.06661 
             -0.06288               0.16684              -0.74860 
             -0.07617               0.10730              -0.62322 
              0.05138               0.05355              -0.25347 
              0.05425               0.02481              -0.79901 
             -0.24656               0.34656               1.07960 
              0.06701               0.00216               0.33722 
              0.18999              -0.45784               0.40163 
             -0.11342              -0.04539               0.69592 
             -0.05305              -0.00534              -0.87237 
             -0.06185              -0.16246              -0.42018 
              0.08673              -0.47837              -0.06280 
              0.24826              -0.27557               1.63658 
              0.04233               0.18141               0.39696 
              0.00212               0.03556               0.02671 
             -0.04089               0.47585              -0.38377 
             -0.06134               0.21698              -0.73705 
             -0.10423              -0.01149              -0.63616 
             -0.01511              -0.18358              -0.29552 
              0.10245               0.08807              -0.59736 
              0.13366               0.97851               0.47705 
              0.02865               0.69022               0.07216 
              0.03321               0.23114              -0.19177 
              0.00734               0.14912              -0.02165 
              0.00445               0.35456              -0.41456 
              0.02514               0.33368              -0.61553 
              0.06919               0.52088              -0.29178 
             -0.39530               0.61358               0.96602 
              0.15873               0.18015               0.73948 
              0.19018               0.82427               1.86081 
             -0.06279               0.06005              -0.66115 
              0.04710               0.33395              -0.03211 
             -0.00041               0.32088               0.10715 
             -0.13064               0.52245               0.16129 
             -0.03776               1.09078               0.98396 
              0.01804               0.42722              -0.26515 
             -0.04573               0.29938              -0.41804 
             -0.05395               0.11600              -0.13004 
             -0.03491              -0.23206              -0.57236 
             -0.02575              -0.25160              -0.68431 
             -0.07713              -0.37721              -0.02898 
              0.21487               0.20525               0.00136 
              0.02496               0.40783               0.07646 
             -0.25067               0.20465               0.03493 
              0.09547               0.05897              -0.46399 
              0.26914               0.01769              -0.51365 
              0.01744               0.11237              -0.16932 
             -0.22704               0.14691              -0.22404 
             -0.20570               0.11717               0.29538 
              0.01506               0.23671               0.49014 
              0.05496              -0.69531               0.85640 
              0.05940              -0.22839               0.27861 
              0.04959               0.19024              -0.23043 
              0.10683               0.01937               0.11418 
              0.17259               0.05454               0.30557 
             -0.07541               0.17563               0.91930 
             -0.18218              -0.14964              -0.10030 
             -0.27502              -0.04981               0.16218 
              0.08306               0.07488              -0.44061 
              0.19730              -0.13613              -0.25529 
             -0.05134              -0.20658              -0.53821 
             -0.04048              -0.24178              -0.58625 
              0.11939              -0.34758              -0.17111 
              0.07967              -0.05693               0.05304 
             -0.29459               0.14443               0.08122 
             -0.01555               0.02465              -0.05812 
              0.08212              -0.01803              -0.31382 
              0.02380              -0.02026              -0.59912 
              0.04866              -0.21517              -0.29248 
             -0.00565              -0.31702              -0.04623 
             -0.30578              -0.65513               0.56257 
             -0.08082              -0.74412               0.57858 
              0.13962              -0.49951               0.26665 
             -0.00885              -0.34981               0.08986 
             -0.00067              -0.28163              -0.23544 
             -0.10526              -0.43813               0.72581 
             -0.04221              -1.05079               1.01598 
              0.08014              -0.69596               0.22778 
             -0.01523              -0.34726              -0.22676 
             -0.14206              -0.17857              -0.26778 
             -0.12269              -0.21108              -0.53883 
              0.03747              -0.32766              -0.50179 
             -0.06726              -0.46584              -0.05866 
             -0.04445              -0.49786               0.07774 
              0.05713              -0.43363              -0.17206 
              0.05642              -0.38205              -0.13080 
             -0.00667              -0.11964              -0.53018 
             -0.03030              -0.02366              -0.53672 
             -0.05546              -0.05084              -0.41076 
              0.07394              -0.52943               0.10017 
              0.12309              -0.85079               0.47209 
             -0.02410              -0.84292               0.64323 
             -0.01927              -0.62948               0.03909 
             -0.01723              -0.58464              -0.10098 
             -0.09163              -0.69049              -0.02269 
             -0.03089              -1.10585               0.49477 
              0.01983              -1.29303               0.82269 
             -0.03936              -1.09148               0.71137 
              0.03494              -0.53491              -0.14326 
              0.08160              -0.37190              -0.40781 
              0.08360              -0.39596              -0.12555 
              0.10068              -0.43387              -0.09319 
             -0.06057              -0.59287               0.29651 
             -0.06625              -0.36280              -0.09889 
             -0.06363              -0.30017              -0.11578 
              0.06199              -0.23288              -0.35869 
              0.04732              -0.08593              -0.60515 
              0.03663              -0.11740              -0.38801 
              0.12452              -0.09869              -0.19103 
             -0.03883              -0.11604               0.08445 
             -0.17755               0.02531               0.04194 
             -0.07279              -0.01778               0.07145 
              0.08544              -0.14446              -0.06248 
              0.14190              -0.14487              -0.16698 
              0.10430              -0.12807              -0.21229 
              0.22358              -0.07094               0.00862 
              0.17498              -0.01847              -0.10119 
              0.24577              -0.10868               0.69590 
              0.15707              -0.15021               0.02031 
              0.44247               0.04140               0.48553 
              0.07304               0.09882              -0.03207 
             -0.06353               0.08917              -0.12158 
              0.00533               0.22425               0.34563 
              0.07686               0.27218              -0.22178 
              0.06757               0.27921               0.24592 
              0.00959               0.13523              -0.31145 
              0.30477              -0.18569               0.06120 
              0.52674              -0.14333              -0.04273 
              0.13051               0.00461              -0.40508 
             -0.45449               0.29205               0.16445 
             -0.27543               0.31054              -0.34016 
              0.19764               0.16037              -0.43337 
              0.57625               0.16429               0.31472 
              0.03848               0.14329              -0.66411 
             -0.58312               0.65803               0.74782 
             -0.23887               0.42621              -0.04417 
             -0.00499              -0.00177              -0.14715 
              0.03768              -0.22375               0.36873 
             -0.06551               0.31912               0.14335 
              0.40850               0.32161              -0.02439 
              0.58779               0.06964               0.37513 
             -0.10949               0.12951               0.24754 
             -0.22311               0.25056              -0.17355 
              0.15260               0.21009               0.33126 
              0.16644               0.04216              -0.43380 
             -0.25158               0.23423               0.02832 
             -0.46988               0.20146              -0.06079 
             -0.12371              -0.08006              -0.02533 
              0.20042              -0.46554               0.05211 
              0.16898               0.15693              -0.13451 
              0.22967               0.26196              -0.19674 
              0.42671              -0.17125               0.02207 
              0.14204              -0.15724              -0.33382 
