              0.01235              -0.07505              -0.20800 
              0.03194              -0.11639               0.02474 
             -0.02502              -0.21974               0.20692 
              0.02211              -0.10303               0.17201 
              0.03442               0.01420               0.03624 
             -0.03501               0.03154              -0.21694 
             -0.01679               0.13513              -0.24278 
             -0.00131               0.16554              -0.20324 
             -0.00786               0.14556              -0.04610 
             -0.00118               0.08745               0.22688 
             -0.02536              -0.08785               0.11708 
              0.03321              -0.10072               0.08773 
              0.03796              -0.13014              -0.16236 
             -0.01612              -0.17345              -0.27309 
              0.00237              -0.10437              -0.18217 
              0.01772               0.00740              -0.12809 
             -0.01564               0.08840               0.21007 
             -0.01019               0.13439               0.12249 
             -0.05460               0.12592               0.09566 
              0.00852               0.13493              -0.11182 
              0.01652               0.07956              -0.20277 
             -0.00493              -0.05526              -0.06483 
              0.02325              -0.04171               0.01314 
              0.02927              -0.00633               0.27751 
              0.03479              -0.01526               0.15684 
              0.00602               0.05346               0.04022 
             -0.03173               0.05957              -0.22441 
             -0.00205               0.07661              -0.36496 
             -0.01862               0.07631              -0.28293 
             -0.04618               0.00037              -0.13461 
             -0.00422              -0.01783               0.16152 
             -0.01482              -0.03306               0.17050 
              0.04494              -0.10160               0.13792 
              0.10237              -0.05750              -0.08422 
              0.11701              -0.12834              -0.15706 
              0.21700              -0.28073               0.00209 
              0.19425              -0.34743               0.03744 
             -0.00243              -0.26372               0.24336 
             -0.24218               0.00428               0.29281 
             -0.32947               0.14799               0.03658 
             -0.33381               0.24033              -0.05294 
             -0.26068               0.24308              -0.25551 
             -0.17231               0.17932              -0.39815 
             -0.01553               0.12531              -0.17447 
              0.21088              -0.10232              -0.10654 
              0.27817              -0.23502               0.19696 
              0.25547              -0.17932               0.11361 
              0.21901              -0.20185              -0.17275 
              0.08731              -0.13113              -0.49119 
             -0.02831              -0.02891              -0.66713 
             -0.37883               0.16095               0.43720 
             -0.27269               0.13258               0.07111 
             -0.32804              -0.23169               2.00059 
              0.03051               0.04533               1.07608 
              0.04026              -0.03829               0.15385 
              0.06357              -0.15920               0.39680 
              0.04079              -0.08666              -0.30640 
              0.07091              -0.04744               0.59424 
              0.05720              -0.10301              -0.22341 
             -0.04645              -0.09649              -0.37180 
             -0.05999               0.03639              -0.55147 
             -0.03470               0.07857              -0.76899 
             -0.07064               0.11613              -0.51266 
             -0.04617               0.01362               0.18433 
              0.18294              -0.33011               0.20764 
              0.07873              -0.45448               0.11803 
             -0.12455              -0.25509               0.25881 
             -0.01488              -0.08196              -0.32097 
             -0.11595              -0.03245              -0.02119 
             -0.13865               0.15929              -0.41779 
              0.14850               0.15615               0.06124 
              0.21585              -0.00214              -0.22706 
             -0.05772               0.05882              -0.28663 
             -0.06034              -0.01529              -0.18782 
              0.09309              -0.04348              -0.48112 
              0.09318               0.12272              -0.06272 
             -0.11872               0.15971               0.40380 
             -0.15932              -0.15148               0.50456 
              0.05281              -0.76197               0.58023 
             -0.15955              -0.44096              -0.09808 
             -0.40348              -0.50494               0.37643 
             -0.18253              -0.40765              -0.02871 
             -0.03125              -0.57982               0.29088 
             -0.16060               0.03929               0.18245 
             -0.11976               0.18925              -0.25439 
             -0.02841               0.20299               0.67090 
              0.26811               0.03188              -0.09679 
              0.24676              -0.17970              -0.01719 
              0.08463              -0.28375              -0.24472 
              0.19220              -0.34529              -0.18150 
              0.07173              -0.42565               0.00137 
             -0.09308              -0.33518               0.00788 
              0.07647              -0.38404              -0.05303 
             -0.05524              -0.15225              -0.37844 
             -0.20897              -0.31555              -0.09957 
             -0.09282              -0.06722              -0.39173 
              0.09751               0.16107               0.10856 
              0.11061              -0.11829              -0.13801 
             -0.11186              -0.42043              -0.20702 
             -0.15176              -0.38688              -0.33029 
              0.01725              -0.17083              -0.18455 
              0.13304              -0.02595              -0.08946 
              0.09047              -0.34406               0.22633 
              0.26496              -0.24661               0.29706 
              0.08787               0.16457               0.06748 
              0.26223              -0.08480               0.08725 
              0.11283               0.02511               0.22445 
              0.13253              -0.02757               0.43846 
             -0.18274              -0.19737              -0.13258 
             -0.06748              -0.61008               0.23610 
              0.31472              -0.45054               0.22087 
              0.18184               0.02049              -0.06305 
              0.21258               0.33385               0.21243 
              0.33067               0.15756              -0.14098 
              0.28500               0.01806              -0.26714 
              0.06249               0.23979               0.38593 
              0.01864               0.01076              -0.27138 
              0.06099               0.40398               0.40705 
             -0.11991               0.12068              -0.28260 
             -0.14417               0.10397              -0.23443 
              0.05520               0.29473               0.13913 
              0.40382               0.12536              -0.01963 
              0.25191              -0.02267              -0.27574 
             -0.04228               0.18525               0.13387 
              0.02577               0.06975              -0.38128 
              0.10333              -0.00526              -0.03560 
              0.25004               0.01376               0.28796 
              0.04994               0.13508              -0.37538 
              0.20036               0.25470               0.27535 
              0.22770              -0.16237              -0.15864 
              0.08223              -0.28481              -0.22237 
              0.05829               0.23457               0.36037 
              0.16410               0.34787              -0.13819 
              0.26318              -0.13342               0.54472 
             -0.05122              -0.01126               0.17178 
              0.10124               0.00016              -0.01139 
              0.28414              -0.47085               0.64565 
              0.22213               0.01284              -0.31967 
              0.33584               0.30675               0.16912 
              0.12083               0.18016               0.08646 
              0.20006              -0.12197              -0.15452 
              0.18386              -0.37732               0.00305 
              0.05439              -0.38994              -0.27242 
              0.04504              -0.19931              -0.35221 
              0.14619               0.22804               0.05697 
              0.31763               0.30320               0.69766 
              0.02480              -0.01476               0.03267 
              0.11404               0.07112               0.21107 
              0.10802              -0.30908              -0.25122 
              0.21096              -0.47306               0.09167 
              0.14847              -0.43145               0.07522 
             -0.01845              -0.33904               0.26840 
              0.05488              -0.07864              -0.24543 
              0.36212              -0.06415               0.03665 
              0.16146               0.14155              -0.31448 
              0.05315               0.07963              -0.02721 
              0.19236              -0.46403               0.04611 
              0.08325              -0.40730              -0.26476 
              0.13120              -0.25716               0.31146 
              0.32347              -0.19676              -0.26701 
              0.28205              -0.43334              -0.00633 
              0.23218              -0.14160               0.18916 
             -0.17131              -0.02506              -0.01491 
             -0.09078              -0.30986               0.25756 
              0.26499              -0.21393               0.05987 
              0.26240              -0.10024              -0.04835 
              0.24428              -0.18462              -0.11308 
              0.19759              -0.10778              -0.24370 
              0.11902              -0.12796              -0.29038 
             -0.19512              -0.22656               0.27766 
             -0.13752              -0.27780              -0.10708 
              0.29033              -0.30226               0.16609 
              0.08790              -0.07763              -0.19094 
             -0.19514              -0.03948              -0.06732 
             -0.07009              -0.05807              -0.45549 
              0.32334              -0.27032               0.14596 
              0.29030              -0.36847               0.10699 
              0.13576              -0.05461              -0.09987 
              0.11553              -0.13756              -0.02122 
             -0.12280              -0.35630              -0.08409 
             -0.13400              -0.48056              -0.18956 
              0.04376              -0.13775              -0.08149 
              0.20193               0.20683               0.50023 
             -0.07334              -0.04125              -0.07761 
              0.03548               0.14499               0.29754 
              0.10816              -0.26916               0.28717 
             -0.08976              -0.52755              -0.14677 
             -0.03703               0.00301              -0.20915 
              0.03635               0.24153              -0.61821 
              0.20393              -0.08621              -0.31098 
              0.00375              -0.17856               0.54075 
             -0.19295               0.04824               0.65334 
              0.16302              -0.75838               0.82667 
              0.06370              -0.15616              -0.35954 
              0.06299               0.18104              -0.43512 
              0.18399               0.05111              -0.07397 
              0.04192              -0.27102              -0.65938 
             -0.08458              -0.61019               0.20692 
             -0.28280              -0.19541               0.22552 
             -0.09416              -0.25202               0.03263 
              0.24457              -0.23903               0.28232 
              0.19045               0.11191               0.08942 
              0.06014              -0.22149              -0.18432 
              0.18319              -0.28597              -0.12070 
              0.31591              -0.20912              -0.16011 
              0.25753              -0.27415               0.15870 
              0.21352              -0.18043              -0.25039 
              0.21924              -0.16833              -0.32974 
              0.09189              -0.15663               0.14994 
             -0.05474               0.08124               0.14957 
             -0.03431               0.01199              -0.10867 
             -0.12280              -0.10546               0.12392 
              0.09947              -0.30032              -0.10961 
              0.44214              -0.33248               0.04496 
              0.04276              -0.20438               0.02353 
             -0.12746              -0.09656              -0.19999 
              0.16934               0.11168              -0.00906 
             -0.01462               0.01351               0.23706 
             -0.10541              -0.24962               0.00585 
              0.15465              -0.29865               0.22377 
              0.24931               0.04167              -0.19780 
             -0.07564               0.06313              -0.14759 
             -0.08402              -0.19690              -0.14664 
             -0.12385              -0.03351               0.01984 
             -0.61102              -0.08319               0.30799 
             -0.27758              -0.09095              -0.50140 
              0.23031               0.24045               0.24878 
              0.09411               0.20711              -0.25496 
             -0.38047              -0.23954               0.15831 
             -0.31982              -0.04184               0.32375 
             -0.06006               0.20828              -0.08734 
             -0.17840               0.16048              -0.14283 
              0.03571               0.19753               0.27931 
              0.06841               0.00094              -0.08238 
             -0.32717              -0.30908               0.01237 
             -0.06781              -0.01930              -0.57372 
              0.46295               0.15573               0.49581 
              0.18395              -0.22734              -0.35989 
              0.32030              -0.40528               0.12116 
             -0.11333               0.00350              -0.18695 
             -0.39834               0.04443               0.12345 
             -0.02851              -0.19603              -0.20798 
              0.17428              -0.30554               0.30388 
             -0.41812              -0.07106               0.60955 
             -0.03866              -0.15264              -0.37828 
             -0.19460              -0.06890               0.85344 
             -0.13902               0.15426              -0.39271 
             -0.20862              -0.20434               0.24116 
             -0.09527              -0.39049              -0.39574 
             -0.24978              -0.37712               0.44058 
             -0.11639              -0.10108              -0.38546 
             -0.22552              -0.35779               0.32378 
              0.11458               0.16501              -0.28874 
              0.12371               0.24944               0.01155 
              0.00707              -0.09171              -0.41932 
             -0.12051              -0.14338              -0.02647 
             -0.00614              -0.07791              -0.04768 
              0.13538               0.09037              -0.09039 
              0.18745              -0.24321               0.26538 
              0.03774              -0.09548               0.05995 
              0.14259              -0.04148              -0.25161 
             -0.08246              -0.14904               0.00147 
             -0.13008               0.15238               0.05014 
              0.05184               0.19092              -0.06446 
             -0.11458              -0.35391               0.46246 
              0.08919              -0.13913              -0.37748 
              0.53286               0.04454               0.66469 
             -0.04918              -0.10297              -0.44495 
             -0.27966               0.08208               0.04430 
             -0.12084               0.12016              -0.32947 
             -0.27223               0.14478               0.13361 
             -0.14712              -0.27386              -0.22589 
             -0.07211              -0.20404               0.37467 
             -0.10288               0.05542               0.09910 
             -0.16206              -0.02422              -0.16166 
              0.12581              -0.29153               0.31249 
              0.04136              -0.39674               0.24994 
              0.06562               0.01431              -0.45538 
             -0.16850               0.14831               0.32648 
              0.03504              -0.21422              -0.09958 
              0.34146              -0.28340               0.30543 
             -0.03404              -0.19946               0.17236 
             -0.24296              -0.16373              -0.17115 
             -0.04312              -0.13723              -0.58349 
              0.18908               0.11663              -0.24646 
             -0.25620               0.18705              -0.10113 
             -0.42559              -0.05068               0.02633 
             -0.31922              -0.22754               0.01384 
             -0.16783               0.32355              -0.00859 
             -0.41437               0.20637               0.14327 
             -0.14025              -0.22130              -0.22548 
              0.18139              -0.09132              -0.10046 
              0.18171               0.04089              -0.47291 
             -0.01945              -0.04495              -0.34021 
              0.05133              -0.24349               0.09188 
              0.13382               0.44618               0.99707 
              0.23592               0.16057              -0.04045 
              0.30264              -0.11111               0.10745 
              0.30424              -0.32666               0.11622 
             -0.01098              -0.30584              -0.35043 
              0.16826              -0.25217               0.20097 
              0.12708              -0.20013               0.02116 
             -0.42714              -0.10869              -0.08484 
             -0.56181               0.09962               0.12661 
             -0.09083              -0.20759              -0.26727 
             -0.35863              -0.69839               0.82640 
             -0.16421              -0.00212              -0.47406 
             -0.20222              -0.40369               0.54850 
             -0.26753              -0.15843              -0.18927 
             -0.54553               0.03352              -0.10403 
             -0.34801               0.03698              -0.33775 
              0.00715               0.22899              -0.07596 
              0.10288               0.00393              -0.45591 
             -0.25482              -0.28529              -0.10717 
              0.01778              -0.28371              -0.02421 
              0.20377               0.28234              -0.04786 
              0.09977               0.47904              -0.03831 
             -0.17939               0.11066              -0.01363 
             -0.01101               0.27099              -0.09097 
              0.07014              -0.23756               0.12604 
              0.01633              -0.38191              -0.04546 
              0.39692               0.30673               0.44216 
              0.14714               0.24088              -0.07648 
             -0.21553               0.10328               0.43278 
              0.07519              -0.39024               0.35972 
             -0.20036              -0.17692              -0.37299 
             -0.12975              -0.13737               0.28148 
             -0.00209              -0.25128               0.06638 
             -0.28611              -0.99198               0.71918 
              0.13478              -0.16981              -0.30142 
              0.27224               0.00152               0.08992 
             -0.24020               0.02154              -0.66555 
             -0.38924              -0.01185               0.06882 
             -0.06633              -0.42404               0.10954 
              0.55631              -0.32840               0.55275 
             -0.18960               0.04868               0.01791 
             -0.30307               0.08280              -0.15980 
             -0.03849               0.00996              -0.38318 
             -0.10276               0.00116               0.05461 
             -0.04936               0.14708              -0.28294 
             -0.16200               0.02889               0.48776 
              0.05631               0.03987              -0.16146 
              0.22917               0.40316               0.45995 
              0.03050              -0.11889              -0.52559 
             -0.11009              -0.40218              -0.16384 
             -0.18003              -0.02121              -0.37482 
             -0.16738              -0.10515              -0.17116 
             -0.07174              -0.29429               0.01634 
             -0.01722              -0.51781              -0.03228 
              0.12966               0.08055               0.13302 
              0.04399               0.82548               0.46230 
              0.18105               0.40838               0.50462 
              0.05387              -0.25494              -0.09827 
             -0.14407              -0.18764              -0.18477 
             -0.21503               0.25844               0.15581 
             -0.31922               0.41841               0.32486 
             -0.02838               0.20879              -0.02363 
              0.41590              -0.38634               0.74083 
              0.04362              -0.03393              -0.33686 
             -0.28723               0.11895               0.31098 
             -0.13760              -0.19956              -0.16820 
             -0.02754              -0.12973              -0.22046 
              0.05275               0.12335              -0.25516 
             -0.03038               0.19238              -0.49405 
              0.19102               0.12119               0.21276 
             -0.08433               0.27830               0.15128 
             -0.30014              -0.01498              -0.43042 
             -0.09779              -0.37018              -0.13709 
             -0.10923              -0.10529               0.11079 
             -0.08088               0.29116              -0.10646 
              0.15068              -0.08570               0.08696 
              0.35342              -0.18280               0.56630 
             -0.05161              -0.16602              -0.12401 
             -0.11519              -0.06304              -0.23675 
              0.19471              -0.39741               0.40828 
             -0.03752              -0.40609              -0.20175 
             -0.01055               0.01332              -0.02598 
              0.18759               0.23495               0.27953 
             -0.31177              -0.07611              -0.10402 
             -0.28098              -0.08728              -0.11175 
             -0.18067               0.15312               0.29909 
             -0.44474              -0.22280               0.31965 
              0.09816              -0.25630              -0.11910 
              0.08003               0.00284              -0.01921 
              0.10658               0.02593              -0.27158 
              0.04211               0.01873              -0.00318 
              0.14484              -0.09117              -0.10559 
              0.22728              -0.10719              -0.24831 
              0.25980              -0.38578               0.18697 
              0.02596              -0.03167              -0.33320 
             -0.23327               0.09983              -0.14334 
             -0.13259              -0.04392              -0.06453 
             -0.12040              -0.06593              -0.22873 
             -0.07254              -0.37647               0.06318 
             -0.04868              -0.35254              -0.24804 
              0.10089              -0.45708               0.24662 
             -0.02955              -0.32797              -0.24319 
             -0.12273              -0.06781               0.19518 
             -0.01616              -0.24267               0.02866 
             -0.07608               0.04162               0.16332 
             -0.07148               0.48316               0.17457 
              0.23114               0.14516               0.39361 
              0.01109              -0.29014               0.17333 
             -0.10269              -0.14708              -0.22706 
              0.03438              -0.27515              -0.13299 
              0.16423              -0.35380               0.01823 
              0.11140               0.11147              -0.01109 
              0.06247               0.05800              -0.35729 
             -0.19020              -0.17277               0.02913 
             -0.16635              -0.48554               0.01597 
             -0.09533              -0.19474              -0.27021 
             -0.06121               0.04868               0.47807 
             -0.35234               0.08163               0.14411 
             -0.05774               0.18817              -0.43549 
              0.60867              -0.06422               0.63296 
              0.31098              -0.38082              -0.17083 
              0.18997              -0.66742               0.08860 
             -0.00127              -0.27420              -0.46942 
              0.02400              -0.00971              -0.08285 
              0.07275               0.43722              -0.04029 
              0.15824               0.35487               0.16835 
              0.06419              -0.44657               0.25300 
             -0.13834              -0.26886              -0.07000 
             -0.06120               0.12482              -0.07135 
              0.06073               0.18913              -0.48900 
              0.08396               0.56728               0.01706 
             -0.20482               0.24421               0.02166 
             -0.14195               0.04425               0.18825 
              0.11760              -0.31384               0.22203 
              0.02022              -0.24181               0.13551 
              0.07658              -0.16055              -0.34610 
              0.13844               0.26017              -0.06724 
             -0.23983              -0.19458              -0.00681 
              0.12686              -0.26641              -0.18835 
              0.18748               0.32645               0.09058 
             -0.31676               0.25064               0.28253 
              0.02745               0.12854              -0.03863 
              0.30242               0.16623               0.18354 
             -0.25025               0.06000              -0.14881 
             -0.21258               0.33501               0.04688 
              0.65631              -0.00947               0.28114 
              0.43356               0.00544              -0.24169 
              0.08825              -0.30341               0.57960 
             -0.25643              -0.22880              -0.32690 
             -0.09335               0.02612               0.81249 
              0.25085               0.11475              -0.12183 
              0.03088               0.04094              -0.05204 
              0.05217              -0.43862              -0.00022 
              0.21250              -0.20605              -0.12831 
             -0.11240              -0.62892               0.57331 
              0.05908               0.09903              -0.28847 
              0.13275               0.10951              -0.31439 
             -0.20809               0.02682              -0.08515 
             -0.44158              -0.09256              -0.12580 
              0.09689              -0.25029              -0.10234 
              0.07419              -0.13329               0.02711 
             -0.36771               0.01223               0.00064 
             -0.05296               0.01459               0.13980 
              0.79931              -0.05150               0.43662 
              0.06018              -0.11322               0.04509 
             -0.58974               0.00147               0.19557 
             -0.08721               0.11334              -0.55537 
              0.04475               0.43530               0.42349 
              0.04317              -0.02850              -0.41619 
              0.08540              -0.14881              -0.01651 
              0.24837               0.00395               0.15940 
              0.02007              -0.19801              -0.09575 
             -0.07609              -0.34825              -0.31784 
              0.12999              -0.81510               0.46603 
              0.43425              -0.24540              -0.12825 
              0.34613              -0.72936               0.65647 
             -0.16637              -0.41326              -0.01127 
              0.16423              -0.06740               0.05878 
              0.11945               0.12927              -0.18102 
              0.30093              -0.35493               0.12115 
              0.15227              -0.04485              -0.07613 
             -0.16018               0.03749               0.05207 
             -0.54238               0.03309               0.42512 
             -0.34716              -0.30159              -0.23810 
             -0.31705              -0.21343              -0.08864 
              0.06844               0.03069              -0.36131 
              0.15651               0.26313               0.12270 
              0.32795               0.42720               0.06486 
             -0.03160              -0.21928               0.16275 
             -0.54896              -0.18582               0.10124 
             -0.24138               0.08505               0.00243 
              0.05825              -0.05206              -0.42804 
              0.03226              -0.16684               0.21500 
              0.35295              -0.26416               0.34010 
             -0.12539               0.02060               0.39266 
              0.03489              -0.28951               0.01809 
              0.18119              -0.10744               0.18311 
              0.19356               0.05086              -0.17602 
              0.03943              -0.02865               0.09782 
             -0.12359               0.02469              -0.08721 
              0.01621              -0.11015               0.35575 
             -0.14070              -0.28762              -0.06651 
             -0.18471              -0.16092              -0.06876 
             -0.18911              -0.03435              -0.25727 
              0.38891              -0.00972              -0.01758 
              0.46022               0.23407               0.32546 
             -0.21305               0.09809              -0.04707 
             -0.17025              -0.00144               0.03020 
             -0.03006              -0.32211               0.56826 
             -0.18913              -0.30354               0.02246 
             -0.21936              -0.34136               0.02613 
             -0.22247               0.30104              -0.04164 
             -0.39655               0.08352               0.25571 
             -0.03017              -0.11496              -0.39057 
              0.38727               0.12508               0.51066 
              0.01852              -0.02136              -0.51225 
             -0.07879              -0.34595               0.27643 
             -0.35153              -0.00423               0.00687 
             -0.16447               0.29599              -0.07866 
              0.17421               0.23075              -0.46356 
              0.22435              -0.16762               0.49234 
             -0.09120              -0.11894              -0.62745 
              0.08598               0.03541              -0.02137 
             -0.04372               0.26430              -0.01744 
              0.04814               0.05408               0.09327 
             -0.10703              -0.01992               0.28005 
              0.24505              -0.17020              -0.06924 
              0.22307              -0.03559              -0.21390 
              0.08269              -0.16996              -0.21984 
              0.18048               0.04343               0.03921 
              0.05873               0.07959              -0.22253 
              0.22860               0.20220               0.06888 
              0.18235               0.28790               0.27399 
             -0.52020              -0.47521               0.61165 
              0.15186              -0.37156              -0.05834 
              0.21117              -0.42471               0.28707 
             -0.04874              -0.13619              -0.01257 
             -0.07313              -0.16373              -0.31704 
             -0.13936               0.13660              -0.27227 
             -0.21027               0.58317               0.70462 
             -0.02922               0.11359              -0.18409 
              0.15379              -0.12632              -0.25307 
              0.31874              -0.55573               0.30995 
             -0.00923              -0.19416              -0.37747 
             -0.02771               0.33757               0.30572 
             -0.05509               0.30844              -0.10127 
             -0.18944              -0.48926              -0.07544 
              0.12626              -0.20512              -0.32122 
              1.07937               0.03985               0.57368 
              0.45246               0.11522               0.22752 
              0.05926              -0.06367              -0.09066 
             -0.12861               0.07095              -0.20035 
             -0.38392              -0.05654               0.09219 
             -0.02901              -0.19306              -0.52964 
             -0.33048              -0.53096               0.42582 
             -0.30716               0.02057               0.04361 
             -0.27564               0.37846               0.17654 
             -0.18113               0.26028               0.43195 
             -0.38768              -0.22606               0.13367 
              0.09558              -0.08704              -0.43605 
              0.16623               0.08065              -0.32876 
             -0.36821              -0.13592               0.66085 
             -0.24886               0.39930               0.48144 
              0.53903              -0.08656               0.66254 
              0.45820              -0.06963              -0.17441 
              0.08734              -0.25279              -0.43726 
             -0.18838              -0.08930              -0.23016 
              0.01639              -0.00085              -0.23069 
              0.00999               0.19236              -0.13688 
              0.11561               0.19852               0.01023 
              0.03705              -0.34325              -0.01857 
             -0.34232              -0.28471               0.22536 
              0.13636               0.47822               0.65906 
              0.23988              -0.08775              -0.22825 
              0.00119              -0.65615               0.00304 
             -0.33967               0.24574               0.06169 
              0.11851               0.31114              -0.06481 
             -0.01085               0.20252               0.04870 
             -0.00244               0.39751               0.22926 
              0.24957              -0.10582              -0.34004 
              0.15709              -0.00166              -0.29250 
             -0.12435               0.18508               0.41304 
             -0.23979              -0.05014               0.07208 
              0.04039               0.14009               0.19911 
             -0.00546               0.07321              -0.05064 
              0.23841               0.01029              -0.37555 
              0.03439               0.06796              -0.39120 
              0.14330               0.37185               0.06980 
             -0.10847               0.47551              -0.00490 
             -0.08400              -0.42811               0.63995 
              0.12830              -0.08577              -0.38730 
             -0.06101              -0.46241               0.51773 
             -0.08092               0.18352              -0.30583 
             -0.01000               0.76853               0.66139 
             -0.07174               0.31378              -0.44556 
             -0.06162               0.05015              -0.23311 
             -0.25698              -0.05384               0.23098 
             -0.04837              -0.01730              -0.29544 
              0.20351              -0.10400              -0.21482 
             -0.03363              -0.19320               0.14179 
             -0.34211               0.12032              -0.09911 
             -0.01279               0.06494              -0.58081 
              0.60294              -0.28158               0.51910 
              0.14301              -0.11267              -0.52386 
             -0.10172              -0.40342               0.09929 
