             -0.06765              -0.10190              -0.18652 
              0.00781              -0.06559               0.03039 
              0.08045              -0.09003               0.16777 
             -0.02207              -0.07964               0.22861 
             -0.06123              -0.02466              -0.00360 
              0.01478               0.02001              -0.16615 
              0.05098               0.12118              -0.27529 
             -0.01980               0.10394              -0.18808 
             -0.07485               0.03786               0.01414 
              0.05189               0.09145               0.13541 
              0.06021              -0.01742               0.23988 
             -0.04604              -0.08924               0.01219 
             -0.02549              -0.09971              -0.13615 
              0.03417              -0.10971              -0.26967 
              0.04020              -0.02917              -0.23811 
             -0.04906              -0.01534              -0.04828 
             -0.04870              -0.01908               0.06884 
              0.07886               0.15744               0.22862 
              0.01054               0.09194               0.03707 
             -0.06932               0.07294              -0.08440 
             -0.05795               0.11404              -0.15714 
             -0.03644               0.04582              -0.08739 
             -0.02996               0.00882               0.20453 
             -0.05327              -0.05449               0.20124 
              0.00817              -0.06486               0.29251 
              0.09092              -0.02375              -0.01194 
              0.08831              -0.10290              -0.17662 
              0.05300              -0.05588              -0.22217 
              0.04229               0.06704              -0.19508 
              0.06385               0.08137               0.03390 
             -0.03215               0.05593               0.15021 
             -0.12849               0.06978               0.15360 
             -0.07281               0.05381              -0.02368 
             -0.04074               0.01063              -0.20193 
             -0.02793              -0.08964              -0.25957 
             -0.01419              -0.10517              -0.19777 
              0.04894              -0.02878               0.01137 
              0.12275              -0.08964               0.12853 
              0.04823              -0.06069               0.20723 
              0.00336               0.06122               0.01206 
              0.02463               0.08837              -0.16430 
             -0.01705               0.08645              -0.25993 
             -0.08154               0.03565              -0.21939 
             -0.10521               0.03577              -0.04309 
             -0.04108               0.05753               0.09687 
              0.01196              -0.12219               0.22829 
             -0.00018              -0.10819               0.07942 
              0.04960              -0.01739              -0.08320 
              0.10031              -0.01075              -0.25788 
              0.10705               0.04462              -0.24179 
              0.05999               0.10347              -0.18549 
             -0.00413               0.13064              -0.25210 
             -0.00649               0.20916              -0.24674 
              0.01789              -0.00380               0.92820 
             -0.07596              -0.41700               0.42574 
             -0.08914              -0.17925               0.99968 
              0.00866               0.16964               0.66557 
             -0.13846               0.14469               0.20079 
              0.04160               0.33245               0.26652 
              0.10598               0.40704               0.12141 
             -0.04027               0.24202              -0.13813 
              0.05323               0.13847              -0.07450 
              0.08646              -0.08109              -0.46624 
             -0.00513              -0.22119              -0.27687 
             -0.11863              -0.10655              -0.20003 
             -0.24943              -0.10851               0.03332 
             -0.27886              -0.42693               0.32478 
             -0.09668              -0.43784              -0.06207 
              0.00331              -0.32326               0.03959 
             -0.03789              -0.23401              -0.14876 
             -0.09031              -0.21170              -0.20931 
             -0.04839               0.02500              -0.23812 
              0.00939               0.01424              -0.34515 
              0.06770              -0.13554              -0.26605 
              0.11207              -0.01862              -0.30883 
             -0.05463               0.34934              -0.10270 
             -0.11852               0.36549              -0.19959 
              0.02387               0.30864               0.11652 
              0.01667              -0.02736               0.03967 
             -0.09411               0.07838               0.43610 
              0.06044               0.02200               0.29613 
             -0.15856              -0.28663               0.16532 
             -0.31163              -0.27799               0.19507 
             -0.00916              -0.34863               0.00349 
             -0.03128              -0.37926               0.20024 
             -0.08854              -0.32428               0.19999 
              0.02091              -0.24820              -0.17797 
             -0.04883              -0.08837               0.06109 
              0.06810               0.01694              -0.12145 
             -0.05883              -0.23175              -0.15005 
             -0.26580              -0.30300              -0.14253 
             -0.12557              -0.27360              -0.18871 
              0.11660              -0.33721              -0.04765 
             -0.04400              -0.46049               0.14136 
             -0.17107              -0.22669               0.02306 
              0.00321               0.03115              -0.03743 
              0.06213               0.14909              -0.11825 
             -0.02391               0.14010              -0.02670 
             -0.10349               0.03079              -0.04666 
              0.06031              -0.17658              -0.08353 
              0.15007              -0.19101               0.10267 
              0.04871              -0.15726              -0.19057 
              0.10955              -0.02127              -0.08110 
              0.10251               0.01563              -0.14349 
              0.02814               0.04654              -0.13868 
              0.11272               0.05114              -0.02512 
              0.23401               0.12637               0.18195 
              0.24018               0.12196               0.11925 
              0.00966               0.19681               0.53858 
              0.09714               0.00887               0.42004 
              0.07861               0.06528              -0.29476 
             -0.01623               0.30398              -0.00090 
             -0.03409               0.15242              -0.26886 
             -0.04304               0.05260               0.02856 
             -0.18014              -0.18189               0.02831 
             -0.14354              -0.24657              -0.16767 
              0.20462              -0.27716               0.11036 
              0.02275              -0.14208              -0.04905 
             -0.13689              -0.11521               0.20810 
              0.05714              -0.09516              -0.08968 
              0.23161               0.24578               0.03575 
              0.00499               0.33231              -0.34370 
             -0.02164               0.23932              -0.10464 
              0.21047              -0.04373              -0.05858 
              0.16204               0.18446              -0.18635 
             -0.04171              -0.00116               0.31210 
              0.07464               0.00100              -0.26569 
              0.25194              -0.04259               0.36791 
              0.00270              -0.07995              -0.16368 
             -0.02283               0.25305               0.13661 
              0.06972               0.14791              -0.28860 
              0.16336              -0.23168               0.01779 
              0.16681              -0.37510              -0.10369 
              0.18471               0.03354              -0.20268 
              0.07787               0.22138               0.10276 
             -0.15230               0.03647              -0.33782 
             -0.41682               0.40998               0.57178 
             -0.10662               0.23740               0.21615 
              0.11939               0.02507              -0.16040 
             -0.05407              -0.23025               0.47710 
              0.08273               0.16628              -0.34623 
              0.25809               0.54305               0.47516 
              0.02777              -0.06167              -0.13060 
             -0.02843              -0.09607              -0.33311 
              0.09767              -0.12726               0.43057 
              0.01895              -0.09685              -0.57002 
              0.14286              -0.03320               0.15748 
              0.00678               0.11705              -0.31333 
              0.13597              -0.11416              -0.16033 
              0.25439              -0.24659               0.05625 
              0.05601               0.21546              -0.00133 
             -0.10566               0.29597               0.00173 
             -0.11044              -0.07409               0.02087 
             -0.17652              -0.27606               0.08766 
              0.16144              -0.20569              -0.07810 
              0.23657              -0.07772              -0.05882 
              0.16539              -0.06367               0.08076 
             -0.07055              -0.02224               0.04372 
             -0.04117               0.07835              -0.27334 
              0.09613               0.00029              -0.01322 
             -0.14577              -0.15974              -0.22977 
             -0.21242              -0.18095               0.41954 
              0.23368              -0.32892               0.17392 
              0.08333              -0.35321              -0.06552 
              0.00540              -0.28802              -0.19867 
              0.15655              -0.02796              -0.16943 
              0.21245              -0.09586              -0.03401 
             -0.16515              -0.07004               0.05147 
             -0.24311               0.09673               0.25974 
              0.03349               0.05806              -0.22493 
              0.00494              -0.06937               0.06261 
              0.03974               0.01471              -0.04078 
              0.30054              -0.19213               0.35650 
              0.17768              -0.17602              -0.02091 
             -0.03570              -0.02682               0.13770 
              0.04112               0.11956              -0.03104 
              0.03072              -0.09520              -0.02831 
             -0.03640              -0.22353              -0.18342 
              0.17756              -0.23935              -0.14331 
              0.26053              -0.14552              -0.05928 
              0.05050              -0.57262               0.50305 
              0.04776              -0.23094               0.03414 
             -0.00824               0.00422               0.00461 
              0.00689              -0.30517               0.02910 
              0.15529              -0.51396               0.07260 
              0.09895              -0.23451               0.06576 
              0.25468              -0.03930              -0.04030 
              0.13636              -0.35809              -0.02935 
             -0.04853              -0.18929              -0.38658 
             -0.15255               0.19352              -0.08501 
             -0.05116               0.06864              -0.31409 
              0.03436              -0.17953               0.42995 
             -0.03778              -0.18623              -0.22747 
             -0.08430              -0.20957               0.43277 
              0.17815               0.16134              -0.28164 
              0.23249               0.15606               0.08222 
              0.29655               0.12880               0.29881 
              0.17146               0.11031               0.03542 
              0.33813              -0.05885               0.15424 
              0.18256              -0.15402              -0.14977 
             -0.06813               0.08798               0.23227 
              0.08913               0.32445              -0.03414 
              0.24035               0.35227              -0.20434 
              0.08361               0.04994              -0.06376 
              0.06658               0.05661               0.03817 
              0.02956              -0.09040              -0.02058 
              0.06579              -0.14122              -0.20697 
             -0.13599               0.01080               0.21409 
             -0.47351               0.14786               0.09354 
             -0.31584               0.23272               0.01551 
              0.14630               0.21897              -0.04355 
              0.39168              -0.05119              -0.23310 
              0.51982              -0.35899               0.13898 
              0.05680              -0.21161              -0.57438 
              0.41498              -0.22897               0.49844 
              0.20430               0.16468              -0.29954 
             -0.07854               0.21973               0.05137 
             -0.42763              -0.18311               0.56382 
              0.07577              -0.00357              -0.43048 
              0.21143               0.24738               0.25563 
              0.09733              -0.16109              -0.49147 
              0.47328              -0.28849               0.41759 
              0.33711               0.10070               0.10329 
             -0.32704               0.13162               0.28572 
             -0.04302               0.03115              -0.25614 
             -0.12693               0.18903               0.15627 
             -0.10979               0.07622              -0.18761 
              0.12196              -0.34372               0.17373 
              0.35896               0.01171              -0.26584 
              0.54326               0.11729               0.15342 
             -0.14609              -0.02003              -0.16216 
              0.02071               0.13526              -0.09891 
              0.33122               0.28118               0.00041 
             -0.03656               0.11673              -0.36655 
             -0.35260              -0.00870               0.07881 
              0.07666               0.05043              -0.05060 
              0.02960              -0.23504               0.14481 
             -0.19490               0.06597              -0.18632 
              0.07690               0.39104               0.09966 
              0.41750               0.01088               0.02999 
              0.12730               0.03527              -0.17754 
              0.10394               0.21187              -0.10604 
              0.16305              -0.16193               0.13503 
             -0.16020              -0.14934              -0.00214 
             -0.41216              -0.29217               0.55345 
              0.10624              -0.02631              -0.04037 
              0.27037               0.03419              -0.33269 
              0.12599               0.02361               0.18600 
             -0.10803               0.42080               0.38800 
              0.02613              -0.08896              -0.21745 
             -0.06559               0.06537               0.41104 
              0.00297              -0.01410              -0.47692 
              0.15054               0.02877               0.10413 
             -0.02714               0.10751              -0.29488 
              0.02265              -0.25106               0.13635 
              0.27930              -0.20305              -0.13106 
              0.17158               0.01551              -0.28255 
              0.20099              -0.03854              -0.25237 
              0.05067              -0.24131              -0.21646 
             -0.13274              -0.33982              -0.21982 
             -0.31851               0.10384               0.58015 
              0.03340               0.01517              -0.11630 
              0.13015              -0.10477               0.12403 
              0.00104               0.10327              -0.16633 
              0.03884              -0.02033              -0.05334 
              0.21595              -0.37259              -0.00893 
             -0.01148              -0.50568               0.64924 
             -0.52763              -0.32932               0.23352 
             -0.24791              -0.22899              -0.21973 
              0.20940              -0.15151               0.26192 
              0.28980               0.08558              -0.16142 
              0.27221              -0.05078              -0.32075 
              0.15606              -0.07977               0.09692 
              0.05537              -0.09076              -0.32602 
              0.22104              -0.09556               0.05124 
              0.29611               0.19226              -0.07969 
              0.00322               0.09677               0.26091 
             -0.14086              -0.22635              -0.07876 
              0.02047              -0.29085               0.07984 
              0.08318              -0.32885               0.15755 
             -0.09332              -0.23816              -0.13142 
             -0.02411              -0.54925               0.29680 
              0.05930              -0.12358              -0.39717 
              0.25980              -0.00477              -0.23256 
             -0.05995              -0.18261               0.05704 
             -0.16965              -0.21968              -0.40986 
             -0.04192              -0.40416               0.37867 
              0.15606              -0.13739               0.04572 
              0.29238              -0.14158              -0.02251 
              0.30293              -0.18124              -0.02354 
             -0.06188              -0.23694               0.03339 
             -0.24221              -0.37203               0.03115 
             -0.10124              -0.34481              -0.07540 
              0.31184              -0.28591               0.20062 
              0.12710               0.02190              -0.07824 
              0.03482              -0.04277              -0.03540 
              0.07732              -0.14561              -0.19121 
              0.18793              -0.31557              -0.19251 
              0.08092              -0.12900              -0.20389 
              0.20626              -0.09869               0.07075 
              0.20513               0.00267              -0.29496 
              0.39212               0.06825               0.12096 
              0.16296               0.42359               0.04685 
              0.05751               0.16576              -0.03404 
             -0.02469              -0.14096               0.47791 
             -0.16770              -0.11649              -0.27840 
             -0.05991              -0.15850               0.45106 
              0.05046               0.13673              -0.30519 
              0.08261               0.13239              -0.21499 
              0.04809               0.27365               0.03643 
             -0.15410              -0.04333               0.07782 
             -0.08640              -0.02689              -0.34980 
             -0.01026               0.14895               0.34951 
              0.17957              -0.08216              -0.34813 
              0.34515              -0.50331               0.38541 
             -0.03986              -0.14597               0.09666 
             -0.18908              -0.30514              -0.01982 
             -0.13360              -0.28113              -0.10955 
              0.02499              -0.34369               0.32765 
             -0.09750              -0.26974              -0.09224 
              0.15484               0.13872              -0.15193 
              0.02279              -0.13036              -0.09797 
             -0.20144              -0.22118              -0.22951 
              0.06142              -0.28140               0.48262 
             -0.03799              -0.10301              -0.29054 
             -0.24253              -0.33522              -0.08813 
             -0.34116              -0.21978               0.28167 
              0.17671              -0.03736               0.05194 
              0.04400               0.28485               0.00250 
             -0.01786              -0.07328               0.44205 
              0.20601              -0.16328              -0.18438 
              0.36995              -0.01140               0.21454 
             -0.03315               0.06142              -0.34968 
              0.13510               0.17131               0.26590 
              0.14478              -0.05543              -0.27314 
              0.61156              -0.17944               0.36348 
              0.28743              -0.08424              -0.17813 
              0.15623              -0.34454               0.42156 
             -0.03819              -0.21041              -0.26548 
              0.17000               0.07423              -0.21033 
             -0.05723               0.20135               0.08228 
              0.04811               0.10868              -0.36273 
             -0.10312              -0.19227              -0.30241 
             -0.19359              -0.24876              -0.04832 
              0.00282               0.37799              -0.02246 
              0.23563               0.25889              -0.20216 
              0.10684               0.16720               0.07900 
              0.02640              -0.04736               0.32129 
             -0.15811               0.05124              -0.47419 
             -0.08929              -0.00076               0.24351 
              0.27122              -0.08292              -0.20291 
              0.34392               0.03040              -0.16605 
              0.21641               0.01016              -0.05010 
              0.16415              -0.12392               0.20673 
              0.09299              -0.31867               0.09853 
             -0.04021              -0.20303               0.06520 
             -0.29526               0.10830              -0.27799 
             -0.21584               0.14674              -0.32381 
             -0.00000               0.13679              -0.09891 
             -0.14417               0.16331               0.31358 
             -0.19947               0.13177               0.09177 
              0.12184               0.07020               0.06133 
              0.07683              -0.24311              -0.23344 
             -0.13616              -0.16185              -0.02892 
              0.02183               0.21896               0.02062 
              0.09584               0.16413               0.27239 
             -0.00593              -0.06957              -0.43065 
             -0.14429               0.06930               0.30145 
             -0.05082               0.20099              -0.37195 
             -0.09918               0.10924              -0.22181 
             -0.24312              -0.32227               0.07579 
              0.04225              -0.16976              -0.40578 
              0.04638              -0.02407              -0.28962 
             -0.18826               0.20232               0.10804 
             -0.28385              -0.00194              -0.03194 
              0.09888              -0.04927               0.14851 
             -0.26445               0.01125              -0.09971 
             -0.14930               0.12905              -0.09445 
              0.03843               0.02226              -0.04547 
             -0.12487               0.26332               0.28883 
             -0.08603              -0.04675              -0.12589 
             -0.07990              -0.35086               0.01630 
             -0.17029               0.00081              -0.21309 
             -0.32429               0.10370              -0.07572 
              0.17439               0.21562              -0.36287 
              0.25690               0.24228              -0.16526 
              0.11630               0.17739               0.37560 
              0.18851               0.03091              -0.19746 
              0.26647               0.11205               0.14724 
              0.42607              -0.02435               0.52976 
              0.15873              -0.03491              -0.57056 
             -0.15189               0.04227               0.74639 
             -0.08181              -0.07885              -0.27059 
             -0.07209              -0.43357              -0.04595 
             -0.19058              -0.16635               0.02527 
             -0.07152               0.00968               0.09740 
              0.01462               0.10915              -0.11013 
             -0.34516              -0.05928               0.02384 
             -0.43330              -0.18317               0.08875 
             -0.01407              -0.11946              -0.33794 
             -0.02730              -0.35069               0.40944 
             -0.20982              -0.16041              -0.30330 
             -0.21455               0.15924               0.09193 
              0.10014               0.23642              -0.30872 
              0.12452               0.11896              -0.03664 
             -0.00015              -0.02830              -0.23478 
              0.09318               0.25802              -0.07742 
             -0.00907              -0.24950               0.20165 
             -0.28354              -0.42403               0.18814 
              0.04794               0.15245               0.27542 
              0.28756               0.11846              -0.02291 
              0.17609              -0.18213              -0.30737 
              0.29380              -0.30396               0.00329 
              0.09111              -0.24990               0.15778 
             -0.16971              -0.04032               0.24242 
              0.04675              -0.08383               0.23797 
             -0.08775              -0.32978               0.61754 
             -0.26331              -0.13200               0.03970 
              0.00909              -0.20749               0.16865 
             -0.18771              -0.17011              -0.30479 
             -0.37515              -0.27488              -0.13102 
             -0.63100              -0.20883               0.01181 
             -0.38279              -0.08778               0.48324 
              0.17729               0.11242              -0.10318 
             -0.16545              -0.21656               0.26821 
             -0.20554               0.08738              -0.41592 
             -0.04793               0.25348              -0.26751 
             -0.09226               0.17670              -0.20329 
             -0.24179              -0.18271               0.01597 
             -0.05176              -0.27322              -0.12913 
              0.45931               0.04082              -0.01183 
              0.13311               0.14196              -0.18346 
             -0.23057               0.11640               0.21904 
             -0.11686               0.20353              -0.34182 
              0.07962               0.48615               0.51186 
             -0.08725              -0.38056               0.07215 
             -0.27736              -0.06888              -0.09610 
              0.02844               0.19344              -0.00978 
              0.17390              -0.17918              -0.14153 
             -0.15220              -0.17093               0.07781 
             -0.07344               0.32961               0.04929 
              0.53904               0.16284               0.69172 
              0.09756              -0.26578               0.06297 
              0.03553               0.14411               0.23939 
              0.09007              -0.06308              -0.27986 
              0.09454              -0.19088               0.02513 
             -0.01162               0.20079              -0.19151 
              0.11085               0.35354               0.25882 
              0.25372               0.07372               0.06507 
              0.03910              -0.08176              -0.06338 
             -0.22107               0.04547              -0.02140 
             -0.25269               0.08979              -0.13261 
             -0.00730               0.02767              -0.43155 
              0.22969              -0.39913               0.46439 
              0.04082              -0.10044              -0.37055 
             -0.13779              -0.21175               0.45233 
             -0.14365              -0.12317               0.03102 
              0.10290               0.03984              -0.23496 
             -0.17679               0.03716              -0.00955 
             -0.21896              -0.15414              -0.25377 
             -0.24239              -0.12695              -0.13004 
              0.12573               0.20262               0.34759 
              0.10722              -0.06193              -0.01459 
              0.19129              -0.38998               0.15141 
              0.14499              -0.01347              -0.40552 
              0.05130              -0.14318              -0.05515 
              0.05357              -0.01989              -0.26326 
              0.04674               0.17651               0.15914 
              0.05754              -0.09768               0.53743 
              0.00204              -0.24538              -0.11507 
              0.17789               0.00386               0.34107 
             -0.09300              -0.08425              -0.44759 
              0.00340              -0.26279              -0.13445 
              0.15594              -0.02863              -0.49557 
              0.28582               0.19822               0.12390 
              0.07537              -0.29128              -0.05899 
              0.15222              -0.52015               0.23271 
             -0.02372              -0.07610              -0.26121 
              0.02215               0.22154               0.06068 
              0.03340              -0.10208              -0.25227 
             -0.06338              -0.37829               0.07206 
              0.03406              -0.27896               0.41665 
             -0.07307              -0.22740              -0.15185 
             -0.28696              -0.52270               0.27318 
              0.00650              -0.01176              -0.21008 
              0.52509               0.06836               0.15056 
              0.18523               0.24525              -0.20450 
             -0.03052               0.08538               0.16942 
             -0.40378              -0.29030               0.72526 
             -0.00210              -0.17731              -0.34021 
             -0.00811               0.07098               0.02346 
             -0.00917              -0.05299              -0.55431 
              0.02957              -0.01007              -0.45550 
              0.11118               0.11462              -0.23343 
             -0.62255              -0.16104               0.57844 
             -0.32945              -0.41692               0.18850 
              0.11874              -0.30482               0.39065 
             -0.19553               0.26527              -0.23780 
             -0.28475               0.07547              -0.42208 
             -0.58654              -0.13012               0.30823 
             -0.01924              -0.00391               0.08458 
             -0.05016               0.18181               0.63865 
              0.11030              -0.04658              -0.10091 
              0.12158              -0.45277               0.15208 
              0.01120              -0.05174              -0.54928 
             -0.41043              -0.02896               0.18155 
             -0.42228              -0.12913              -0.14252 
             -0.28267              -0.11658              -0.01395 
             -0.31062              -0.09366              -0.06750 
             -0.25842               0.01719               0.39004 
              0.03857               0.00911              -0.38720 
             -0.12403              -0.22260               0.03156 
             -0.35119               0.10276               0.09355 
              0.01238              -0.13782              -0.21072 
              0.17403              -0.28831              -0.18734 
             -0.11973               0.21964               0.03542 
             -0.32779               0.17400               0.10795 
              0.22488               0.15161              -0.09791 
              0.37889              -0.08119               0.24326 
              0.14778              -0.14533               0.01288 
              0.13879               0.10308              -0.38925 
              0.09847               0.43833               0.32767 
              0.21076               0.24760               0.04562 
              0.00702               0.39778               0.20630 
             -0.26264              -0.02838              -0.03000 
              0.12797               0.14075               0.42737 
             -0.29159              -0.10557               0.28288 
             -0.28032              -0.01494               0.15980 
              0.10022              -0.05746               0.39267 
             -0.30916               0.07934              -0.30724 
             -0.16444              -0.04880              -0.36025 
              0.16447              -0.11762              -0.29754 
              0.17471              -0.12376              -0.03043 
             -0.20589               0.01195               0.00404 
             -0.11576               0.15378              -0.23596 
              0.24093              -0.07387               0.68661 
             -0.08484              -0.04063              -0.38284 
             -0.01322              -0.03351               0.39596 
              0.23530              -0.09798              -0.28697 
              0.07471              -0.15505              -0.04287 
             -0.04783               0.19055              -0.30531 
              0.04607               0.44082               0.14566 
             -0.03718              -0.20979               0.03231 
             -0.25321              -0.32874               0.12536 
              0.27689              -0.07455               0.21392 
              0.45598              -0.05644              -0.18924 
              0.35033              -0.07791              -0.15786 
              0.25674              -0.00036              -0.40774 
              0.25422              -0.08612               0.49814 
             -0.20439              -0.11597               0.12816 
             -0.25863               0.08357              -0.03968 
             -0.17168               0.42011               0.31949 
              0.08140               0.06288              -0.14234 
             -0.12464               0.01504               0.08262 
             -0.28205              -0.27512               0.02248 
             -0.04545              -0.43697              -0.20187 
              0.20062              -0.27034               0.21426 
             -0.01306               0.20200              -0.01172 
              0.13878               0.35875              -0.02746 
             -0.17199               0.20487               0.03868 
              0.07315              -0.26226              -0.13131 
              0.30327              -0.41139              -0.05102 
              0.11033              -0.92727               0.59940 
             -0.14261              -0.35775              -0.21046 
             -0.17820               0.10572              -0.02857 
              0.06393               0.12968               0.11912 
             -0.06388              -0.04710              -0.36088 
              0.02773              -0.28527              -0.10491 
              0.30731              -0.13503              -0.17716 
              0.14621               0.00850              -0.21021 
              0.03901               0.05606              -0.47270 
              0.03910              -0.21691               0.63790 
             -0.01275               0.10159              -0.47896 
             -0.03012              -0.08798               0.54070 
             -0.09500              -0.38366              -0.14329 
             -0.03499              -0.17990               0.12078 
              0.08551              -0.21509               0.18721 
             -0.12141              -0.16436              -0.06817 
              0.05379              -0.22006              -0.05675 
              0.01843              -0.24712              -0.05873 
             -0.32222               0.15235              -0.02545 
             -0.07853               0.13147              -0.03634 
             -0.00162               0.10813               0.18971 
             -0.18197              -0.05382              -0.29695 
             -0.24503              -0.22885              -0.06892 
              0.04516              -0.34598               0.00219 
              0.16749              -0.28719              -0.02149 
              0.06659              -0.08556              -0.25506 
              0.21783              -0.04745              -0.10864 
              0.18108               0.00411              -0.05327 
              0.21287               0.19933              -0.20260 
              0.06594               0.21661              -0.29017 
             -0.19056               0.16820              -0.12922 
             -0.36686               0.05964              -0.16997 
             -0.10401               0.07790              -0.10765 
              0.21481              -0.01301               0.25100 
              0.12054              -0.08249              -0.03863 
              0.36864              -0.22407               0.22236 
              0.08658              -0.08652              -0.15509 
             -0.30667              -0.15681               0.27107 
