             -0.00836              -0.12032              -0.21739 
              0.00612              -0.13353               0.07639 
             -0.00602              -0.08496               0.08246 
             -0.00296              -0.12536               0.29648 
              0.01076              -0.06132               0.03671 
             -0.00832               0.05892              -0.09177 
              0.00193               0.15689              -0.18229 
              0.00454               0.13501              -0.22619 
             -0.00577               0.08194               0.03743 
              0.00847               0.09197               0.06538 
             -0.01014               0.03460               0.26721 
             -0.00150              -0.14122               0.10851 
              0.01002              -0.15976              -0.09349 
             -0.01007              -0.12296              -0.15327 
             -0.00106              -0.06199              -0.22574 
              0.00654              -0.03329              -0.06566 
             -0.00105               0.01546               0.08817 
              0.00279               0.18196               0.26797 
             -0.00803               0.17122               0.12621 
              0.00476               0.07409              -0.03853 
              0.00817               0.02822              -0.20487 
             -0.00768              -0.01669              -0.21168 
              0.00488              -0.09135              -0.06593 
              0.01009              -0.18062               0.06044 
             -0.00941              -0.17354               0.29169 
             -0.00014              -0.00492               0.11254 
             -0.00719               0.02701               0.00120 
             -0.00008               0.04681              -0.19526 
              0.00478               0.13792              -0.21772 
             -0.01419               0.20621              -0.06408 
              0.00421               0.10964              -0.00625 
              0.01091              -0.02815               0.30489 
             -0.00940              -0.07159               0.08759 
              0.01090              -0.09875               0.05773 
             -0.00104              -0.16436              -0.13596 
             -0.00331              -0.15563              -0.26671 
              0.00058              -0.04949              -0.06418 
             -0.01870               0.06557              -0.05941 
              0.00756               0.09572               0.28801 
              0.00765               0.11443               0.16394 
             -0.01584               0.15959               0.03840 
              0.01405               0.11946              -0.10950 
              0.00504              -0.02438              -0.25813 
             -0.00169              -0.14238              -0.12644 
              0.00473              -0.11051              -0.01987 
             -0.01380              -0.12156               0.22965 
              0.01327              -0.14561               0.19091 
             -0.00403              -0.04099               0.05711 
             -0.02046               0.10969              -0.08577 
              0.00988               0.14908              -0.24490 
              0.00448               0.13105              -0.15808 
             -0.00725               0.10827              -0.01120 
              0.00257               0.10824               0.15642 
             -0.00426              -0.01919               0.21069 
              0.01236              -0.17518               0.10502 
              0.00143              -0.16725              -0.09901 
             -0.01347              -0.11033              -0.17589 
              0.01088              -0.06290              -0.20330 
              0.00955              -0.03680              -0.06835 
             -0.01531               0.05376               0.17882 
             -0.00171               0.19762               0.19134 
             -0.00285               0.17238               0.15774 
              0.00431               0.04749              -0.06761 
             -0.00245               0.02483              -0.22370 
             -0.00682              -0.01503              -0.17391 
              0.01583              -0.11671              -0.11639 
              0.01311              -0.21665               0.18286 
             -0.01825              -0.13194               0.19991 
              0.00270               0.00889               0.14791 
             -0.00011               0.03092              -0.02028 
             -0.00333               0.05812              -0.22666 
             -0.00786               0.16392              -0.13486 
             -0.00810               0.17931              -0.15335 
              0.01869               0.10448               0.14250 
             -0.00306              -0.05542               0.20944 
             -0.01122              -0.06915               0.10624 
              0.01684              -0.10859               0.07736 
              0.00232              -0.16172              -0.22561 
             -0.00379              -0.15288              -0.17482 
             -0.00626              -0.02994              -0.12784 
             -0.00299               0.08990               0.03789 
              0.01624               0.10332               0.26074 
             -0.01389               0.09218               0.14146 
             -0.00667               0.17231               0.06360 
              0.01126               0.09551              -0.17048 
              0.00254              -0.04906              -0.21388 
             -0.00235              -0.12859              -0.13587 
             -0.00611              -0.11685               0.01730 
              0.00440              -0.11029               0.23844 
              0.01868              -0.12368               0.15441 
             -0.01844              -0.03527               0.07926 
             -0.00538               0.11193              -0.13839 
              0.01373               0.15369              -0.21359 
             -0.00323               0.11437              -0.14572 
             -0.00980               0.09600               0.01542 
             -0.00159               0.09986               0.16638 
              0.00674              -0.02646               0.18476 
              0.01403              -0.16979               0.10968 
             -0.01623              -0.16580              -0.13329 
             -0.00641              -0.11075              -0.16281 
              0.01682              -0.04456              -0.22442 
             -0.00587              -0.03748               0.00412 
             -0.01138               0.07502               0.16925 
              0.00809               0.20235               0.16640 
              0.00536               0.14483               0.18871 
              0.00477               0.05407              -0.14602 
             -0.01341               0.01360              -0.15327 
             -0.00021              -0.03708              -0.23637 
              0.02051              -0.11504              -0.03501 
             -0.01692              -0.21022               0.16292 
             -0.01340              -0.10685               0.14610 
              0.01406               0.01989               0.21112 
              0.00254               0.01618              -0.13963 
              0.00020               0.08766              -0.14265 
             -0.01164               0.15601              -0.20798 
             -0.00122               0.15978              -0.08361 
              0.01792               0.08335               0.16349 
             -0.01518              -0.04666               0.13193 
             -0.00450              -0.08308               0.20942 
              0.01230              -0.09673              -0.05146 
             -0.00211              -0.17504              -0.17521 
             -0.00128              -0.13156              -0.20873 
             -0.00464              -0.00057              -0.13014 
              0.00205               0.09081               0.02823 
              0.01412               0.11334               0.09514 
             -0.01551               0.13155               0.13306 
             -0.00575               0.14624              -0.10837 
              0.01776               0.11528              -0.22093 
              0.00454              -0.01092              -0.43788 
             -0.00837              -0.09120              -0.41337 
             -0.00401              -0.18880              -0.20656 
              0.00443              -0.62392               0.34151 
              0.00780              -0.52630              -0.09986 
              0.01380              -1.02661               0.49070 
              0.00003              -0.68179              -0.20429 
              0.00899              -1.46472               1.00323 
              0.04024              -1.13451               1.27321 
             -0.01228              -0.91164               0.37112 
             -0.01972              -1.14924               0.52839 
             -0.00515              -0.56427              -0.30940 
             -0.00241              -1.15955               0.62925 
             -0.00570              -0.34514              -0.63873 
             -0.00459              -0.72835               0.11583 
              0.02098              -0.18879              -0.48417 
              0.00841              -0.32991              -0.16936 
             -0.01909              -0.35184              -0.42442 
             -0.01761              -0.20085              -0.00508 
              0.01245               0.29623              -0.45762 
              0.00273               0.33200              -0.47636 
              0.00103               0.20750              -0.48130 
              0.02388               0.08924               0.03147 
             -0.01348              -0.04843              -0.51221 
             -0.02168              -0.19154               0.15184 
              0.02919              -0.35378              -0.24349 
              0.01698              -0.33798              -0.38453 
              0.02551               0.06341              -0.21822 
              0.03899               0.86905               0.59641 
              0.00331               1.04942               0.53126 
             -0.00737               1.62918               1.26907 
             -0.00045               0.91000               0.20574 
              0.00495               0.39898              -0.58509 
              0.04838               1.33511               1.03469 
              0.03967               0.69358               0.10203 
             -0.04681               1.25371               1.00792 
             -0.02916               0.61877               0.00862 
              0.00216               0.26612              -0.65776 
             -0.01211               0.12297              -0.60317 
             -0.07085              -0.21858              -0.23890 
             -0.07163               0.02898              -0.28702 
              0.07349               0.47588               0.07237 
              0.22828               0.29623               0.31476 
             -0.01182               0.13883              -0.58601 
             -0.12969               0.42051               0.03048 
             -0.12489               0.01884              -0.36842 
             -0.09991              -0.18274              -0.23558 
             -0.00392              -0.09171              -0.48702 
              0.24586              -0.17722               0.10642 
              0.15469               0.27352               0.07252 
             -0.06122               0.54988              -0.12655 
              0.07431               0.51669               0.24581 
              0.08802               0.37872              -0.16314 
             -0.05151               0.60453              -0.20478 
             -0.11502               1.17132               0.62937 
             -0.17295               0.47688               0.14499 
              0.03490              -0.34357               1.09471 
              0.27747              -0.00851               0.52449 
              0.27709              -0.00936               0.03735 
             -0.01125               0.20775               0.16422 
             -0.10350               0.31142              -0.34160 
             -0.09617               0.25933              -0.35319 
              0.02243               0.37502              -0.03888 
              0.12945               0.19132              -0.44547 
             -0.06606               0.16675              -0.43203 
             -0.41948               0.27431               0.35707 
             -0.08326               0.17035              -0.52689 
              0.05696              -0.00564              -0.23724 
              0.06589              -0.27240              -0.57317 
              0.16867              -0.46316              -0.24591 
              0.23763              -0.18023              -0.38756 
              0.10894              -0.13939               0.48783 
             -0.07948              -0.01148              -0.29333 
             -0.01694               0.62307               0.77887 
             -0.14953               0.24186               0.08931 
             -0.02348               0.13446              -0.21906 
             -0.27581              -0.36609               1.03992 
             -0.10600              -0.38944               0.00132 
              0.38972              -0.65347               0.65295 
              0.21234              -0.66707               0.24037 
              0.01351              -0.07853              -0.06408 
             -0.22341               0.14949              -0.26517 
             -0.11844               0.11932              -0.10684 
              0.02983               0.07688              -0.15718 
             -0.21862              -0.08939               0.08305 
             -0.17422              -0.39359              -0.04125 
              0.06809              -0.23410              -0.45474 
              0.08290              -0.16175              -0.42497 
             -0.07384              -0.15417              -0.22028 
             -0.00343              -0.15302              -0.70042 
              0.29637              -0.37149               0.02206 
              0.15104              -0.21244              -0.51539 
              0.08696              -0.45763              -0.05104 
             -0.08243              -0.43949               0.02007 
             -0.23734              -0.18246               0.17729 
              0.06900              -0.07015               0.32133 
             -0.08972              -0.36151               0.12415 
             -0.20388              -1.17144               0.83665 
             -0.02720              -0.72762               0.13597 
              0.09757              -0.93972               0.47933 
              0.20705              -0.72275               0.21140 
              0.14627              -0.69626               0.07135 
             -0.00970              -0.51360              -0.00199 
             -0.20693              -0.48706               0.03097 
             -0.17687              -0.34870              -0.17216 
              0.14173              -0.24228               0.06058 
              0.07505              -0.07638              -0.30046 
             -0.06449              -0.12782              -0.50733 
             -0.09864              -0.33526              -0.16096 
             -0.06780              -0.25087              -0.43551 
             -0.13107              -0.33691              -0.35730 
             -0.08729              -0.38411              -0.17873 
              0.03072              -0.51807               0.06202 
             -0.05708              -0.32075              -0.25052 
             -0.16615               0.00702               0.23827 
             -0.07737              -0.27481              -0.35622 
             -0.01810              -0.53222               0.04523 
             -0.20372              -0.44471               0.22559 
             -0.23831              -0.37725               0.60111 
             -0.15519              -0.46347               0.43621 
             -0.26105              -0.50347               0.15473 
             -0.56719              -0.23069               0.02763 
             -0.37241              -0.38799              -0.11708 
             -0.26586              -0.62437               0.18123 
             -0.42117              -0.17263              -0.17917 
             -0.57014              -0.19139               0.12721 
             -0.35831              -0.16271              -0.04817 
             -0.09330              -0.02684              -0.54508 
             -0.24775              -0.15478              -0.14717 
             -0.29684              -0.20275              -0.38237 
             -0.41800              -0.19338              -0.10885 
             -0.13624              -0.03637              -0.19363 
              0.05919              -0.09378              -0.01206 
             -0.11249              -0.05645              -0.08316 
             -0.07124               0.04485               0.06996 
              0.05585               0.22155              -0.25205 
              0.12428               0.11296              -0.08625 
              0.19425              -0.24598              -0.01127 
              0.23999              -0.13055              -0.12614 
              0.05415               0.54718               0.44103 
              0.10516               0.23639              -0.42846 
              0.28466               0.45906               0.39120 
              0.08634               0.41016              -0.08650 
             -0.19529               0.18015               0.19222 
             -0.01987               0.41126               0.09971 
              0.07439               0.66389               0.00161 
             -0.07010               0.54833              -0.15175 
             -0.16023               0.86539               0.43620 
             -0.01343               0.35304              -0.44825 
              0.28469               0.29974               0.68676 
              0.05279              -0.04585              -0.16719 
             -0.09012               0.23281               0.24731 
              0.20931               0.29966               0.03762 
              0.14285               0.10408              -0.27831 
             -0.16635               0.08725               0.02384 
              0.13709              -0.02605              -0.06009 
              0.22401              -0.03456              -0.16777 
             -0.04652               0.06421              -0.31070 
             -0.20783               0.38229              -0.22801 
             -0.18652               0.57650              -0.07961 
             -0.13159               0.48242              -0.08550 
              0.01113               0.16198              -0.05896 
              0.07978               0.14944              -0.41779 
              0.16267               0.05154               0.42787 
             -0.09046              -0.32684              -0.01503 
              0.16610               0.11623               0.21602 
              0.08646              -0.10575               0.26944 
              0.06845               0.02967               0.10262 
              0.00217               0.35870               0.15689 
             -0.31817              -0.04738              -0.03260 
             -0.10233               0.33542               0.17440 
              0.21413               0.27896              -0.13492 
              0.00425              -0.35588               0.36410 
             -0.18752              -0.22952              -0.09594 
             -0.05146              -0.14688              -0.23504 
              0.04235              -0.32520              -0.24509 
              0.14743              -0.14999              -0.21149 
              0.12906               0.08830              -0.32696 
              0.04854               0.14010              -0.14574 
             -0.21684              -0.07003               0.04564 
             -0.30980               0.21016               0.08101 
             -0.05942               0.14360              -0.20144 
              0.20730              -0.22422               0.14435 
              0.12143               0.04644              -0.40564 
              0.05838              -0.02354              -0.10159 
             -0.03539              -0.54214               0.00329 
             -0.11412              -0.87171               0.37936 
             -0.08126              -0.53123              -0.22120 
              0.24827              -0.32946               0.58088 
             -0.11499              -0.22492               0.17249 
             -0.28050              -0.19651               0.14830 
             -0.14233              -0.13633               0.19545 
              0.02011              -0.44593               0.11558 
              0.30766              -0.29674              -0.09203 
              0.01594              -0.43506               0.47771 
             -0.10053              -0.31111              -0.41663 
              0.02032              -0.26174              -0.58227 
             -0.08393              -0.45290               0.21986 
             -0.10204              -0.17680              -0.28695 
              0.04311              -0.44362              -0.11703 
              0.00614              -0.46438              -0.19104 
             -0.19848              -0.35535              -0.21037 
             -0.14432              -0.19215               0.22260 
              0.00318              -0.06438              -0.53633 
             -0.05412              -0.44828               0.32873 
              0.08890              -0.38800              -0.34029 
             -0.00553              -0.29477              -0.00598 
             -0.07780              -0.43438               0.28174 
             -0.21273              -0.21337               0.01205 
             -0.06493              -0.63392               0.24461 
              0.04865              -0.61824              -0.18776 
             -0.03865              -0.81519               0.14213 
             -0.20343              -0.68640               0.53415 
             -0.29752              -0.48831               0.13890 
             -0.08094              -0.58323               0.04097 
              0.07888              -0.50852               0.02020 
             -0.01514              -0.26345              -0.01927 
              0.01960              -0.21996               0.06431 
              0.02459              -0.19869               0.02511 
              0.21327              -0.25525               0.00377 
              0.12769              -0.25927              -0.34284 
              0.06794              -0.51310              -0.05320 
              0.01770              -0.20929              -0.34816 
              0.03089              -0.03815              -0.01761 
              0.11849               0.01770              -0.29988 
              0.14937              -0.12000              -0.12165 
             -0.00706               0.04724               0.01192 
             -0.04240              -0.05406              -0.35912 
              0.54581              -0.38871               0.62972 
              0.15515              -0.17689              -0.48039 
              0.11615               0.25363               0.36216 
              0.11227               0.26450               0.28666 
              0.04116               0.15468              -0.08311 
             -0.14387               0.15353               0.20481 
             -0.22556               0.39815               0.03418 
             -0.12526               0.44822              -0.16253 
             -0.04585               0.38448               0.03658 
              0.15040               0.21415               0.34326 
             -0.15900               0.24757              -0.00646 
             -0.14519               0.31422               0.02429 
              0.09593               0.30335               0.25181 
             -0.09064               0.23443              -0.44007 
             -0.18732               0.43954               0.10315 
              0.02882               0.46921              -0.24455 
             -0.03562               0.33924              -0.22983 
              0.21862               0.25194               0.35887 
              0.15978               0.20933               0.03489 
             -0.10603               0.35237              -0.01375 
             -0.02095               0.52063              -0.03062 
              0.02192               0.37094              -0.43600 
             -0.18191               0.04184               0.26418 
              0.06687               0.02875              -0.46406 
             -0.03135               0.58944               0.83382 
             -0.11635               0.34167              -0.08781 
             -0.02125               0.21422               0.18032 
              0.17682               0.25743               0.09373 
              0.17729               0.18034              -0.40246 
              0.04438               0.13839               0.28044 
              0.02170               0.09482              -0.51539 
             -0.38127               0.35854               0.51688 
              0.02041               0.25874              -0.19171 
              0.24029               0.30508               0.17568 
             -0.00031               0.00031               0.03966 
             -0.18782              -0.08747              -0.17382 
             -0.19424               0.01068              -0.08732 
             -0.16766               0.03848              -0.05663 
              0.09564               0.19594              -0.06370 
              0.32409              -0.02642              -0.09788 
             -0.05517              -0.01066               0.17854 
             -0.27800               0.14138              -0.12827 
             -0.19814               0.27580              -0.29005 
              0.16510              -0.01874              -0.19812 
              0.45308               0.04304               0.33512 
              0.04893              -0.12551               0.07852 
             -0.22584              -0.16991               0.03362 
             -0.27886              -0.16287               0.22733 
             -0.02790              -0.24534               0.12981 
              0.17179              -0.11872               0.01189 
              0.46506              -0.11447               0.04363 
              0.05004              -0.21698              -0.22615 
             -0.33696              -0.13764              -0.12935 
             -0.21334               0.22605               0.12902 
              0.42147              -0.02402               0.21776 
              0.07544              -0.36504              -0.21481 
             -0.20073              -0.45561              -0.08964 
             -0.24987              -0.22947              -0.00635 
             -0.04054              -0.11052               0.21158 
              0.06906              -0.12629              -0.32454 
              0.20641              -0.44098               0.27620 
              0.19810              -0.15531              -0.52477 
              0.34341              -0.24719               0.38667 
             -0.10617              -0.06076              -0.32201 
             -0.40679              -0.06837               0.06072 
             -0.07145              -0.16826              -0.21079 
              0.20370              -0.18053               0.11450 
              0.08031              -0.35978               0.21789 
             -0.01929              -0.37238              -0.19136 
             -0.04698              -0.69474               0.25004 
             -0.10767              -0.35799              -0.45292 
             -0.06717              -0.35922               0.22295 
              0.26465              -0.23323              -0.27285 
              0.05296              -0.60501               0.25008 
             -0.15885              -0.63736               0.24292 
             -0.09349              -0.50840              -0.07378 
             -0.05470              -0.84391               0.49684 
              0.04092              -0.24621              -0.45327 
              0.18849              -0.36648               0.08081 
             -0.19763              -0.31392              -0.11948 
             -0.26738              -0.38380               0.13682 
              0.16087              -0.34046              -0.23596 
              0.19692              -0.73940               0.38584 
              0.04628              -0.25377              -0.47587 
              0.22077              -0.09538              -0.09655 
              0.14248              -0.20068              -0.35169 
             -0.06725              -0.51541              -0.10537 
             -0.08473              -0.40654              -0.40913 
              0.00143              -0.75187               0.48301 
             -0.15030              -0.38484              -0.00981 
             -0.12472              -0.50040               0.01256 
             -0.16446              -0.57324               0.16824 
             -0.10812              -0.41324              -0.33441 
              0.00348              -0.70323               0.13352 
              0.07167              -0.61800               0.03624 
              0.28352              -0.51694               0.31575 
              0.11152              -0.44938               0.10954 
              0.14977              -0.46298               0.18938 
              0.11846              -0.28385              -0.31232 
              0.04784              -0.28278               0.18419 
              0.39941              -0.11799              -0.16671 
              0.45660              -0.17167              -0.05863 
             -0.00641               0.08377              -0.09031 
             -0.02090               0.24146               0.24991 
              0.24233              -0.06371              -0.27132 
              0.16244              -0.01004              -0.01935 
             -0.03173               0.27339              -0.38921 
             -0.08442               0.45692              -0.30231 
             -0.05312               0.33646              -0.28179 
             -0.03557               0.00430              -0.11430 
             -0.01006              -0.02157               0.23649 
             -0.19605               0.33303              -0.14065 
             -0.01028               0.40343              -0.10881 
             -0.02676               0.33138              -0.08260 
              0.03995               0.17251              -0.32310 
              0.09518               0.17430               0.14053 
             -0.06791               0.63966               0.12318 
             -0.12731               0.41173               0.27542 
             -0.11168               0.20739               0.49643 
              0.24009               0.15208               0.22329 
              0.02349               0.37764               0.13930 
             -0.20253               0.01898              -0.05611 
             -0.03644               0.52349               0.02284 
             -0.03556               0.46983               0.35468 
              0.03521               0.13079               0.02146 
             -0.01304               0.50960               0.08557 
              0.09697               0.33748              -0.27958 
              0.07081               0.11593              -0.24019 
             -0.09207              -0.05666              -0.04045 
             -0.17047               0.04858              -0.44338 
             -0.19520               0.22985               0.21313 
              0.02116              -0.04092              -0.10241 
              0.11416              -0.13303              -0.15092 
             -0.16077               0.18974              -0.02557 
             -0.04352               0.22825              -0.30396 
              0.17573               0.14365              -0.36263 
              0.06126              -0.06889               0.02477 
             -0.07053               0.02861              -0.30725 
             -0.27717               0.20487               0.15552 
             -0.26682               0.08537               0.36176 
              0.13559               0.13786               0.06957 
              0.19890               0.18395               0.74548 
             -0.12841              -0.28542               0.11031 
              0.00022              -0.05435              -0.25224 
              0.23766               0.05253               0.50168 
              0.13701               0.02977               0.17903 
             -0.14724              -0.12764               0.34045 
              0.19609              -0.05894               0.44744 
              0.06376              -0.10672               0.01737 
             -0.08893               0.02899              -0.29231 
              0.16225              -0.11151              -0.12931 
             -0.01064              -0.10687              -0.21748 
             -0.18366              -0.00646              -0.08340 
             -0.12383               0.07808              -0.41280 
              0.22451               0.01720               0.15092 
             -0.00935              -0.23802              -0.17228 
              0.01868              -0.34843              -0.18376 
              0.05791              -0.06625              -0.21921 
             -0.08712              -0.00665              -0.26428 
             -0.07836              -0.25027              -0.17740 
             -0.08907              -0.26618              -0.31456 
              0.13863              -0.46477               0.33957 
             -0.07858              -0.03612               0.06947 
              0.05839              -0.52931               0.34981 
             -0.20336              -0.31707               0.15684 
             -0.04554              -0.15266              -0.17099 
              0.15766              -0.09535              -0.25972 
              0.11835              -0.75678               0.72734 
              0.08023              -0.36866              -0.15753 
              0.04376              -0.82796               1.05508 
             -0.08435              -0.47141               0.14180 
             -0.09065              -0.25313              -0.06069 
             -0.15065              -0.17997              -0.17591 
             -0.11924              -0.25457              -0.12823 
             -0.05961              -0.28641              -0.18307 
             -0.06107              -0.42500              -0.08516 
              0.05905              -0.40467               0.07391 
             -0.07351              -0.40897               0.08270 
              0.11448              -0.10289              -0.45716 
              0.22150              -0.25705              -0.14171 
              0.10713              -0.28685              -0.26975 
             -0.10464              -0.36532              -0.15156 
             -0.14104              -0.22578               0.22871 
              0.11396              -0.14504               0.01887 
              0.09743              -0.33666               0.44461 
             -0.17205              -0.40413              -0.07289 
             -0.36392              -0.60706               0.41638 
              0.00478              -0.45419              -0.28040 
              0.00749              -0.76141               0.03639 
             -0.01753              -0.67055               0.03132 
             -0.07233              -0.88023               0.35829 
             -0.02850              -0.35991              -0.04124 
              0.02739              -0.37009               0.19669 
              0.09210              -0.30942              -0.24402 
              0.00876              -0.43314               0.07716 
              0.19348              -0.42178               0.21335 
              0.11252              -0.39424              -0.19884 
              0.33425              -0.43288               0.15746 
             -0.23286              -0.03024               0.14640 
             -0.09424              -0.06937              -0.38044 
              0.24782              -0.20881               0.17454 
             -0.08401              -0.23105              -0.52941 
             -0.27755              -0.16041              -0.31185 
             -0.21706               0.01109              -0.06767 
              0.19166               0.06757              -0.01644 
              0.24069              -0.02296              -0.36802 
              0.07566               0.15372               0.66974 
              0.06210               0.08386              -0.42938 
              0.04660              -0.26818               0.27778 
             -0.22725               0.11327              -0.22587 
             -0.24732              -0.04447               0.08775 
              0.13151              -0.15897              -0.17408 
              0.13148              -0.18390              -0.14109 
             -0.25392               0.20316              -0.27790 
             -0.36938               0.43209               0.12027 
             -0.40189               0.16963               0.57049 
             -0.41577               0.01996               0.10132 
              0.23427               0.38696               0.19322 
              0.22454               0.41184              -0.06719 
              0.07996               0.47265              -0.25988 
              0.16463               0.23451              -0.16130 
              0.04970              -0.03488              -0.27017 
              0.21178               0.49048               0.68155 
             -0.05029               0.55291               0.60710 
             -0.16148               0.34337              -0.29317 
             -0.08943               0.60106               0.52211 
             -0.10888               0.06396              -0.49137 
             -0.40391              -0.03096               0.13074 
             -0.15200               0.11158              -0.14795 
              0.19639               0.31536               0.51664 
              0.65445               0.14405               0.33330 
             -0.05768               0.11123               0.25058 
             -0.03044               0.14588               0.00014 
             -0.03619               0.01976              -0.35424 
              0.17963               0.01218              -0.61544 
              0.23897              -0.07327              -0.17556 
              0.04313              -0.19112               0.53946 
             -0.08684               0.15254              -0.14548 
             -0.15264               0.15278              -0.23355 
             -0.39488               0.23445               0.25973 
             -0.21507               0.16569              -0.38226 
              0.00080               0.13997              -0.21037 
              0.08221              -0.41352               0.33452 
              0.13425              -0.24582              -0.03373 
