             -0.05233              -0.11260              -0.25481 
             -0.00618              -0.13306               0.04621 
             -0.07790              -0.06966               0.12803 
             -0.02710              -0.12577               0.21942 
              0.02089              -0.05839               0.00210 
             -0.01618               0.09662              -0.21915 
              0.06587               0.16347              -0.25839 
              0.05470               0.11176              -0.26847 
              0.02214               0.06698               0.00975 
              0.04825               0.08985               0.13009 
             -0.06624               0.01416               0.19703 
             -0.00984              -0.16745               0.07035 
             -0.03010              -0.16454              -0.22010 
             -0.08817              -0.08671              -0.25972 
             -0.00721              -0.04312              -0.28142 
              0.01603              -0.04909              -0.10427 
              0.01973               0.02785               0.12157 
              0.05703               0.16171               0.13925 
             -0.00468               0.14717               0.06370 
              0.06423               0.03272              -0.17057 
              0.04342               0.06210              -0.14048 
             -0.04535               0.22705              -0.00961 
              0.02308               0.32101               0.15339 
              0.00719               0.24947               0.34106 
             -0.04732               0.19214              -0.01454 
             -0.10508               0.17115              -0.10270 
             -0.08109              -0.11984              -0.26440 
             -0.00316              -0.41478              -0.22000 
             -0.09474              -0.61565               0.13758 
             -0.11798              -0.38899               0.04093 
              0.03950              -0.39444               0.17307 
              0.05364              -0.30137              -0.11503 
              0.04063              -0.10321              -0.22626 
             -0.02418               0.28035               0.12243 
             -0.06764               0.32069              -0.16621 
              0.01654               0.16658               0.18059 
             -0.07603               0.06649              -0.07370 
             -0.12649               0.08152              -0.38648 
             -0.04133              -0.01832              -0.15489 
              0.03002              -0.14330              -0.51439 
              0.01846              -0.26081              -0.30578 
              0.02053               0.00182              -0.04556 
             -0.09447               0.65736               0.64989 
              0.00398               0.09619               0.41486 
             -0.15022              -0.05087               1.03334 
             -0.00196              -0.32022               0.93301 
              0.04304              -1.03019               1.24008 
              0.06032              -0.29487               0.39434 
              0.10777              -0.44687               0.44536 
             -0.02134              -0.25935              -0.22610 
             -0.22206               0.15031              -0.09854 
             -0.21434               0.34187              -0.22018 
             -0.13911               0.24008              -0.52438 
             -0.09394               0.20621              -0.28337 
             -0.01998               0.09368              -0.40801 
              0.02050               0.03883              -0.32931 
              0.04447              -0.19529               0.00146 
             -0.05934              -0.42374               0.17943 
              0.08105              -0.09628               0.16736 
              0.31393               0.12932               0.13013 
              0.07054               0.14617              -0.21237 
              0.00807               0.08088               0.09031 
              0.01634              -0.13217              -0.21363 
              0.04725              -0.23585              -0.04466 
              0.07046              -0.34740               0.34057 
             -0.16566              -0.05681              -0.27853 
             -0.06757               0.11336               0.02527 
              0.09076               0.18463              -0.23409 
             -0.02301               0.27036              -0.29419 
             -0.02474               0.23167              -0.13860 
              0.04386               0.06324              -0.27911 
             -0.04519               0.04528              -0.04028 
             -0.01715              -0.24190               0.06641 
             -0.04006              -0.23286              -0.08607 
             -0.16188              -0.11999               0.04310 
             -0.04412              -0.08224              -0.12714 
             -0.04949               0.28851              -0.09356 
             -0.05308               0.47859               0.11270 
              0.09232               0.22070              -0.10816 
              0.01823               0.08505               0.07086 
             -0.12803              -0.05473              -0.09839 
             -0.14114              -0.13650              -0.11594 
             -0.11727              -0.24010              -0.04078 
              0.02153              -0.09460              -0.46311 
              0.28283              -0.02048               0.04286 
              0.12001               0.06686              -0.38606 
              0.01590              -0.10034              -0.27321 
              0.00227              -0.50831               0.07507 
             -0.00231              -0.65407              -0.02253 
              0.12869              -0.85505               0.86235 
              0.15606              -0.15065               0.22384 
              0.05218              -0.17298               0.35576 
             -0.10417              -0.39182               0.24497 
             -0.33741              -0.59616               0.46981 
              0.03278              -0.61712               0.47222 
             -0.16751              -0.28820               0.29361 
              0.08695               0.02909               0.07221 
              0.11505              -0.25182              -0.06451 
             -0.08821              -0.59451               0.27278 
             -0.03997              -0.27911               0.04036 
              0.03545              -0.05488              -0.08334 
             -0.08235              -0.06672              -0.42423 
             -0.13493              -0.02322              -0.35463 
             -0.01343               0.13786              -0.08415 
              0.04027              -0.04766              -0.31471 
             -0.09721              -0.04592              -0.14782 
             -0.02923               0.48138               0.29993 
             -0.05346               0.17739              -0.57588 
             -0.14127               0.19543               0.21790 
             -0.14477               0.19669              -0.11918 
             -0.19399               0.24409              -0.02162 
             -0.12689              -0.07054               0.06037 
              0.06706               0.12843              -0.32775 
             -0.01587               0.29525              -0.12567 
             -0.22218              -0.05669              -0.08818 
             -0.12647              -0.24394              -0.32412 
              0.16990              -0.28750               0.21429 
              0.09114               0.02455              -0.24019 
             -0.14512               0.05094              -0.27035 
             -0.12424              -0.26070               0.38993 
             -0.04517              -0.29286               0.01367 
             -0.18940              -0.17778               0.34675 
              0.36641               0.03680               0.38180 
              0.43656              -0.01015               0.17408 
              0.09167               0.33662               0.12150 
              0.11306               0.68953               0.48811 
             -0.06260               0.21463              -0.06659 
             -0.01996              -0.27153               0.24146 
              0.13951              -0.31425               0.42800 
             -0.13629              -0.20767              -0.31525 
             -0.21565              -0.20188              -0.10462 
             -0.16269               0.05036              -0.00739 
             -0.04229               0.01946              -0.28095 
              0.21370               0.01255              -0.15004 
              0.07986               0.24910               0.08195 
             -0.05258               0.24413              -0.46952 
             -0.01360               0.28899               0.08067 
             -0.03604               0.11792              -0.04035 
             -0.00893               0.08542              -0.19918 
              0.30970               0.20736               0.07242 
              0.27613               0.09211              -0.26166 
              0.25861               0.11272               0.09309 
             -0.04058              -0.10267              -0.39466 
             -0.01083              -0.07063               0.06993 
              0.18816               0.04820              -0.23443 
             -0.08847              -0.21763               0.48316 
             -0.05798              -0.22592              -0.10422 
             -0.03251              -0.33450               0.57533 
             -0.02036              -0.29606               0.08788 
              0.15484              -0.17423               0.18903 
             -0.08005              -0.12804               0.20891 
             -0.02893               0.12007               0.10236 
             -0.05468               0.10775               0.10549 
             -0.20673               0.18229              -0.26437 
             -0.17601               0.10779               0.15744 
             -0.04070              -0.21371              -0.09038 
              0.11745              -0.17800              -0.02635 
              0.16141               0.12385              -0.25687 
              0.00554               0.23606               0.15278 
             -0.06374               0.01237              -0.29934 
              0.14021              -0.11877               0.23999 
              0.04913              -0.14939              -0.17653 
             -0.10632              -0.23497              -0.28023 
             -0.00930              -0.63243               0.14009 
              0.03177              -0.45613              -0.14235 
             -0.06315              -0.62855               0.31486 
             -0.00722              -0.15136              -0.29550 
              0.16471               0.06644               0.10775 
             -0.18968              -0.12062              -0.09290 
             -0.26591              -0.40817               0.29608 
             -0.20435              -0.08797               0.24168 
              0.06921              -0.16865              -0.43930 
              0.40925              -0.13715              -0.31977 
              0.27002               0.13789               0.14177 
             -0.15366               0.14593               0.27292 
              0.11243               0.11096               0.23822 
             -0.15939               0.11037               0.36479 
             -0.06874              -0.09575              -0.04242 
              0.36915              -0.07402              -0.02327 
              0.53486              -0.27212               0.41744 
              0.12601              -0.21691              -0.18308 
              0.03607              -0.07375               0.07944 
             -0.09956              -0.07480              -0.36950 
             -0.17893              -0.09847              -0.51905 
              0.13267              -0.17121               0.00332 
              0.19194              -0.23212              -0.07950 
              0.06980              -0.08304              -0.08341 
              0.11459              -0.30494              -0.00380 
              0.14476              -0.48147               0.01420 
              0.05952              -0.17583              -0.25878 
             -0.11667              -0.00671               0.15873 
             -0.08362              -0.06847               0.31818 
             -0.25528              -0.15348               0.17002 
             -0.00594              -0.01267               0.11334 
              0.27929              -0.08750              -0.21855 
              0.06932              -0.20690              -0.21444 
              0.00882              -0.04627              -0.46672 
              0.21202               0.10008               0.05730 
             -0.01162               0.03584               0.48093 
             -0.33532              -0.16514               0.71185 
             -0.26412              -0.35781               0.24377 
              0.12548              -0.09986              -0.04108 
              0.08826              -0.07576              -0.33884 
              0.02807              -0.21368              -0.00977 
              0.05945               0.16325              -0.04347 
              0.30547               0.23393               0.27057 
              0.31611               0.00859              -0.16077 
              0.21499              -0.17273               0.11238 
             -0.01929              -0.49567              -0.00941 
              0.05960              -0.32832              -0.40017 
              0.13559              -0.44400               0.28086 
             -0.01493              -0.03635              -0.35509 
             -0.03300               0.04920               0.53962 
              0.08722              -0.06384              -0.13316 
              0.07502              -0.07693               0.04515 
              0.16910               0.06241              -0.34609 
              0.15510               0.01278              -0.19628 
             -0.13640              -0.65287               0.52954 
             -0.12397              -0.26276              -0.15869 
             -0.12690              -0.32379               0.34362 
             -0.35069              -0.08271              -0.04243 
             -0.33385              -0.04116              -0.23105 
             -0.17992              -0.17256              -0.21002 
             -0.13016              -0.02339              -0.23492 
             -0.03901               0.48521               0.14563 
             -0.10968               0.36755              -0.18422 
             -0.28915               0.08299              -0.07991 
             -0.03114              -0.27167               0.05355 
             -0.00598               0.03147              -0.44540 
             -0.18560               0.22791               0.55785 
              0.10100              -0.10744               0.26250 
              0.10428               0.15290               0.06107 
              0.12671              -0.18664               0.05213 
             -0.26797              -0.17063               0.04589 
             -0.12995               0.14371              -0.15613 
              0.32616               0.22499               0.05395 
              0.39488               0.21559               0.23998 
              0.30176              -0.18657              -0.11852 
              0.09725              -0.52600              -0.04847 
              0.07493               0.13319              -0.23744 
              0.02556               0.54109               0.06619 
             -0.00081               0.08292              -0.58344 
              0.68009              -0.34856               0.62872 
             -0.09847              -0.22157              -0.33579 
             -0.28617               0.00846               0.03494 
              0.43429              -0.24551               0.17233 
              0.09116              -0.29682              -0.18593 
             -0.11018              -0.06296              -0.10374 
             -0.23438               0.07435               0.07751 
              0.00025              -0.12917              -0.03985 
              0.53857               0.12136               0.24791 
              0.22989              -0.26051               0.15376 
             -0.05445              -0.06286               0.15989 
             -0.02844               0.20206              -0.21655 
             -0.18145              -0.06954              -0.18699 
             -0.06358              -0.18467              -0.19763 
             -0.03647               0.42962               0.34754 
             -0.01257               0.19573              -0.03756 
              0.21641               0.00416               0.07398 
             -0.12132              -0.22691              -0.01009 
             -0.08983              -0.42062              -0.21865 
             -0.00698              -0.23855              -0.49088 
             -0.03207              -0.02438              -0.03761 
             -0.01583              -0.17511              -0.12827 
             -0.40701              -0.37073               0.04428 
             -0.30945              -0.08548               0.18606 
              0.14541              -0.06953              -0.08403 
              0.17593               0.13124               0.08725 
              0.09149               0.29633              -0.18736 
              0.07885              -0.06955              -0.17448 
              0.02049              -0.30890              -0.02563 
              0.25286              -0.21264               0.06827 
              0.30639              -0.45807               0.19602 
              0.20583              -0.10502               0.05463 
             -0.09473               0.04581               0.48490 
             -0.11466               0.08351               0.01242 
              0.20735              -0.06196               0.28380 
              0.13405              -0.06762              -0.30410 
              0.07565              -0.07447               0.00117 
              0.09142               0.02232               0.26252 
             -0.26696              -0.08355              -0.14578 
             -0.30876              -0.18057               0.02275 
             -0.32785               0.00143              -0.11534 
              0.08120               0.06807              -0.26035 
              0.45026              -0.17982               0.02646 
              0.02034              -0.36380              -0.34444 
             -0.27926              -0.16063               0.51236 
              0.01545               0.25124              -0.35182 
             -0.06189              -0.13217              -0.03165 
             -0.11005              -0.06416              -0.12574 
              0.01365               0.02725              -0.33045 
              0.09417              -0.10822              -0.13716 
             -0.05998              -0.44728               0.18727 
             -0.01500              -0.19733              -0.27860 
             -0.04711               0.09536               0.10584 
              0.51741              -0.44153               0.92311 
              0.23163              -0.57027              -0.06721 
              0.10532              -0.50070               0.17641 
             -0.22990              -0.18342              -0.19183 
             -0.19836              -0.14039              -0.24287 
             -0.17357              -0.32183               0.33641 
             -0.14220              -0.25224              -0.07210 
             -0.34680              -0.57700               0.09826 
             -0.28367              -0.40015               0.25955 
              0.01751               0.04468              -0.42208 
             -0.22289              -0.15013               0.52856 
             -0.23115              -0.07973              -0.20570 
              0.04869              -0.14160               0.33044 
              0.23612              -0.11691              -0.34573 
              0.46622              -0.23723               0.29895 
              0.35020              -0.01443              -0.16865 
              0.11538               0.08321               0.02261 
             -0.05642              -0.02002              -0.09931 
              0.06400               0.08109              -0.06972 
              0.04304               0.12293              -0.43457 
              0.27123               0.14560               0.24452 
             -0.06516               0.26128              -0.11946 
             -0.19053               0.21243              -0.01961 
              0.13586              -0.38338               0.02033 
              0.31858              -0.21390              -0.11023 
              0.29860               0.15125               0.21262 
             -0.09827               0.02175              -0.35995 
              0.00515               0.04528               0.17022 
              0.27718               0.19983              -0.07782 
              0.05625               0.15670               0.17935 
              0.00847              -0.24616               0.16162 
              0.25875               0.28855               0.27051 
              0.20650               0.36946               0.10896 
              0.32124               0.07809               0.12300 
              0.28218              -0.17440              -0.32455 
             -0.01848              -0.13901               0.08702 
             -0.07295               0.17282              -0.27285 
             -0.02625               0.13108               0.50097 
             -0.03383               0.02927               0.29019 
              0.03752              -0.23152              -0.03715 
              0.01761              -0.08826              -0.19853 
             -0.20412              -0.10233              -0.19776 
              0.41098              -0.05253               0.28568 
              0.15073              -0.00852              -0.54167 
              0.02895              -0.22415               0.27648 
              0.07850              -0.01174              -0.10389 
              0.12592               0.00697              -0.03714 
              0.07046              -0.06136               0.00098 
              0.05372              -0.18125              -0.13251 
              0.02623              -0.16489              -0.55514 
             -0.06323              -0.38440               0.31451 
              0.05095               0.13761              -0.50481 
              0.21072               0.24245               0.49812 
              0.11570              -0.33402              -0.03246 
              0.11616              -0.37013               0.00488 
              0.13804               0.21283               0.16361 
              0.06640               0.06080               0.33219 
             -0.06291              -0.34236               0.08908 
             -0.11154              -0.20922               0.23193 
              0.05534              -0.13091              -0.06782 
              0.05037              -0.27303               0.25645 
              0.02953              -0.24829              -0.27109 
              0.15736              -0.25340              -0.25278 
              0.13015              -0.18674              -0.03322 
              0.41979              -0.43481               0.24000 
              0.12367              -0.15040              -0.58914 
              0.06648              -0.45584               0.06433 
              0.14584              -0.12427              -0.24861 
             -0.09981               0.26096              -0.01148 
             -0.28172               0.32518               0.20252 
              0.08343              -0.27217              -0.04849 
              0.10861              -0.18643              -0.51696 
             -0.23497              -0.22450               0.20091 
             -0.20246              -0.05682              -0.23537 
              0.28435              -0.12350              -0.13725 
              0.00444               0.06437              -0.13861 
             -0.17819               0.10015               0.19547 
              0.18974               0.20713               0.00665 
              0.22531              -0.35317               0.18770 
              0.18671              -0.24616              -0.20851 
              0.06661              -0.22574               0.07643 
              0.50278              -0.09373               0.32207 
              0.22811               0.09044               0.32956 
             -0.34923              -0.10201               0.10706 
             -0.31632              -0.01232              -0.05918 
              0.05280               0.20216              -0.07178 
              0.10072               0.15171               0.14972 
             -0.11042              -0.08296              -0.51371 
             -0.15568               0.26226               0.35534 
              0.08886               0.19885              -0.32067 
             -0.06201              -0.08004              -0.09300 
              0.36200              -0.16452               0.75016 
              0.36877              -0.08278              -0.38051 
              0.99328              -0.70196               1.33929 
              0.06028              -0.14610              -0.51645 
              0.06718              -0.05380              -0.10858 
             -0.33323              -0.21322              -0.12022 
             -0.29364              -0.16757              -0.40204 
             -0.31155               0.01874               0.30006 
              0.01656              -0.11263              -0.15086 
             -0.12779              -0.44567              -0.06920 
             -0.20590              -0.16075               0.26277 
              0.18572               0.32742              -0.28247 
              0.15145              -0.02143              -0.23099 
              0.13153              -0.24284               0.07713 
             -0.26194               0.01875              -0.06503 
              0.03378              -0.14467               0.11412 
              0.17065              -0.05936              -0.09258 
              0.07963               0.20506              -0.65195 
             -0.09675               0.42346               0.02776 
             -0.33878              -0.33183               0.16378 
             -0.22991              -0.38846               0.22921 
             -0.33984               0.06048               0.48803 
             -0.03587              -0.10252              -0.56236 
              0.14424              -0.61583               0.54174 
             -0.12808              -0.14208              -0.21926 
             -0.10580               0.09956               0.19321 
             -0.01246              -0.01231               0.37013 
              0.10145              -0.00081              -0.64784 
              0.34686               0.08456               0.87276 
              0.09110              -0.05484              -0.53687 
             -0.11972              -0.11566               0.41755 
             -0.02414              -0.15139               0.20928 
             -0.09988              -0.24236              -0.34144 
             -0.00273              -0.48736               0.25172 
             -0.10671               0.09838              -0.06147 
             -0.15135               0.11006               0.25719 
              0.14884               0.00653               0.14688 
              0.03020               0.27878              -0.22574 
             -0.03499               0.19862              -0.12715 
             -0.00785              -0.31944              -0.22214 
             -0.05461              -0.30537              -0.20201 
              0.01453              -0.05703               0.00955 
             -0.12142               0.29590               0.13166 
              0.07065               0.01079              -0.20307 
             -0.00051              -0.05228              -0.19249 
              0.00449              -0.03303              -0.20972 
              0.20596               0.00575              -0.13501 
              0.10623              -0.06001              -0.28544 
             -0.02918              -0.11826               0.05630 
             -0.31100              -0.13138               0.42873 
             -0.06348              -0.05702              -0.19752 
             -0.12514              -0.12434               0.23479 
             -0.27010              -0.03203              -0.41027 
             -0.09728              -0.03353              -0.52989 
              0.52975               0.02117               0.16810 
              0.09241              -0.03958              -0.40952 
             -0.37857              -0.42131               0.23920 
             -0.47690              -0.16208               0.20433 
             -0.35663               0.02551               0.95352 
             -0.21335              -0.09256               0.28854 
              0.09497               0.05606               0.11630 
              0.31076               0.09559               0.08817 
              0.23597               0.03257              -0.20608 
              0.48388              -0.05952               0.27138 
              0.06666              -0.36955              -0.21762 
             -0.36566              -0.67721               0.81062 
             -0.34993              -0.19364               0.10042 
             -0.08515               0.10903               0.15281 
             -0.20968               0.12670              -0.20414 
             -0.04005              -0.13394               0.00783 
              0.03151               0.10659              -0.01457 
              0.18836               0.16607              -0.27584 
              0.31044              -0.03251              -0.31850 
              0.01790              -0.42676               0.10138 
             -0.28959              -0.16266              -0.14802 
             -0.33904               0.04719              -0.32780 
             -0.07906               0.18754              -0.38833 
              0.53988              -0.05384               0.12601 
              0.25792              -0.22598               0.08555 
             -0.42078               0.10234              -0.07166 
             -0.29565               0.05392               0.32080 
              0.18654              -0.27312              -0.09033 
              0.02864              -0.04308              -0.06400 
              0.08844               0.20487               0.31943 
              0.54359               0.24488               0.01451 
              0.28580               0.42405              -0.12686 
             -0.41731              -0.08666               0.28436 
             -0.27422              -0.26484              -0.31362 
              0.54452              -0.23094               0.80906 
              0.12987               0.01204              -0.77502 
             -0.01272               0.37148               0.12923 
             -0.11318               0.42206              -0.25301 
              0.24593               0.23038               0.18097 
             -0.00606              -0.18730              -0.24081 
             -0.34381              -0.33858               0.42877 
             -0.13135              -0.01056              -0.25402 
             -0.34552               0.08210              -0.18180 
              0.14742              -0.01500              -0.03463 
              0.38382              -0.30960               0.29663 
              0.09942              -0.23466              -0.04253 
              0.00398               0.25226               0.08093 
             -0.27335               0.18161              -0.07444 
             -0.18638               0.15042              -0.48762 
             -0.45986               0.13068               0.09586 
              0.15730              -0.09699              -0.20553 
              0.58913               0.16493               0.06618 
              0.49701               0.05029               0.63225 
              0.25177              -0.01366              -0.19339 
              0.20381               0.44016               0.09329 
             -0.12552               0.30024              -0.01586 
             -0.10720               0.07820              -0.12434 
             -0.00681              -0.29793              -0.22761 
              0.63942              -0.38911               0.97933 
              0.17789              -0.22224              -0.16470 
             -0.28407               0.12190               0.31378 
             -0.28405               0.37889               0.18023 
             -0.33512               0.09462              -0.25569 
              0.06331              -0.08822              -0.26924 
              0.19364              -0.26610               0.03201 
             -0.14743              -0.11458              -0.06129 
             -0.07837               0.02678              -0.13457 
              0.73514              -0.19526               0.41592 
              0.06252              -0.42622              -0.04911 
             -0.25099               0.10141              -0.21036 
             -0.17326               0.14897              -0.28278 
             -0.15223               0.26747              -0.18088 
              0.10639               0.19570              -0.31728 
             -0.09744               0.04222              -0.05914 
              0.33093              -0.14022               0.44532 
              0.18135              -0.25800              -0.17678 
             -0.18835              -0.00024               0.04171 
             -0.34473              -0.02529              -0.09154 
             -0.05087               0.01590              -0.64496 
              0.47195               0.21415               0.26317 
              0.26396              -0.17603              -0.03924 
              0.23075              -0.08133               0.18546 
             -0.09890              -0.03566               0.25644 
             -0.21988              -0.17361               0.30221 
             -0.06520              -0.05777              -0.47871 
             -0.25627              -0.13605              -0.06114 
              0.15163               0.05003               0.01159 
              0.18559               0.16955              -0.24045 
             -0.03238              -0.04388               0.22422 
             -0.11546              -0.34643               0.60349 
              0.04819              -0.23551              -0.14769 
             -0.02111               0.03660               0.30632 
             -0.02971               0.40401              -0.17030 
              0.05172               0.04418              -0.13950 
             -0.04307               0.11576              -0.34508 
              0.15252               0.00722              -0.44027 
             -0.36363               0.11614              -0.07283 
             -0.29454              -0.01236              -0.22125 
             -0.06726              -0.46512               0.06093 
              0.20191              -0.26874              -0.03502 
             -0.06453               0.29188              -0.16868 
             -0.10865              -0.02774              -0.10248 
              0.08780              -0.12738               0.02999 
              0.03687               0.32188               0.39487 
              0.13737               0.14634               0.51666 
             -0.21117              -0.12826               0.14363 
             -0.16732               0.00035              -0.24303 
              0.14509              -0.01631              -0.52945 
              0.26256              -0.25498              -0.10098 
             -0.25649              -0.20540              -0.32412 
             -0.40789              -0.36941               0.05644 
              0.24089               0.04528               0.62801 
              0.02437               0.15945              -0.25973 
             -0.46220               0.42737               0.45630 
             -0.06842              -0.14120              -0.47738 
              0.13144              -0.01318              -0.11902 
              0.14639              -0.10234              -0.37043 
             -0.28164              -0.00288               0.13915 
             -0.48918               0.19832               0.41034 
             -0.04310               0.27791              -0.18926 
              0.18461              -0.11197               0.06782 
              0.04821               0.01009              -0.28592 
              0.05669              -0.10707               0.70300 
              0.05791               0.02986              -0.32104 
             -0.14210              -0.02100              -0.13202 
              0.19783              -0.25258              -0.07356 
             -0.08146              -0.15647              -0.44711 
              0.17352              -0.03538              -0.43975 
              0.14231              -0.20442               0.36424 
              0.11538              -0.12582               0.11588 
             -0.06253               0.18467               0.13170 
              0.12622               0.14815               0.45026 
             -0.02774              -0.00630              -0.42464 
              0.23630               0.13088               0.65198 
             -0.01472              -0.16839              -0.28841 
             -0.10075              -0.75878               0.29599 
              0.03407              -0.35173              -0.52732 
              0.22124               0.10538               0.00725 
              0.17460              -0.03778              -0.26865 
              0.12818              -0.10821               0.63684 
              0.40340               0.37625               0.38775 
              0.37029               0.31759              -0.20759 
              0.16178               0.24468               0.68110 
              0.03842              -0.18020              -0.38971 
             -0.02442              -0.29888               0.12690 
             -0.38978              -0.25569               0.80608 
             -0.13809              -0.07269              -0.49564 
             -0.02263              -0.31023              -0.21911 
              0.05360              -0.17388               0.13925 
              0.11911               0.12472              -0.00831 
              0.12056               0.09039              -0.42907 
              0.40425               0.22959               0.69261 
              0.13129               0.32643              -0.12162 
             -0.24093              -0.08117              -0.16795 
             -0.34073              -0.02836              -0.27628 
             -0.52626              -0.05511              -0.08018 
              0.09826              -0.14326              -0.27254 
              0.45984              -0.06551              -0.30536 
              0.37485               0.05365              -0.14861 
             -0.05557              -0.26637               0.42183 
