           -486.63147               1.20313            -485.42833              93.07811 
           -487.29325               1.99428            -485.29898             154.28314 
           -486.87404               1.69942            -485.17462             131.47186 
           -487.49689               2.41309            -485.08379             186.68405 
           -488.25869               3.26798            -484.99071             252.82080 
           -488.08164               3.07039            -485.01125             237.53487 
           -487.37842               2.26184            -485.11659             174.98251 
           -487.32573               2.08103            -485.24471             160.99431 
           -487.80840               2.45547            -485.35293             189.96281 
           -487.56925               2.13567            -485.43358             165.22200 
           -487.69646               2.21290            -485.48355             171.19693 
           -488.84102               3.42928            -485.41174             265.29937 
           -489.18634               3.93979            -485.24655             304.79405 
           -488.93513               3.81003            -485.12510             294.75532 
           -489.54213               4.48967            -485.05246             347.33446 
           -490.57100               5.53756            -485.03344             428.40251 
           -490.19739               5.18641            -485.01098             401.23646 
           -490.46914               5.37150            -485.09764             415.55547 
           -491.48708               6.24841            -485.23867             483.39580 
           -492.55436               7.22551            -485.32885             558.98732 
           -492.68401               7.33100            -485.35302             567.14768 
           -492.75405               7.39219            -485.36186             571.88169 
           -493.90054               8.46223            -485.43831             654.66371 
           -494.41608               8.77671            -485.63937             678.99224 
           -495.19143               9.25877            -485.93266             716.28633 
           -496.97512              10.72294            -486.25218             829.55847 
           -496.83761              10.28644            -486.55117             795.78994 
           -496.81786              10.16736            -486.65049             786.57764 
           -497.54950              10.99434            -486.55516             850.55480 
           -497.77999              11.54311            -486.23688             893.00914 
           -496.90930              11.18034            -485.72896             864.94408 
           -498.33215              13.19363            -485.13852            1020.69867 
           -498.15315              13.45220            -484.70095            1040.70266 
           -498.29199              13.79036            -484.50163            1066.86315 
           -499.11742              14.69398            -484.42344            1136.77023 
           -500.25650              15.74258            -484.51392            1217.89270 
           -500.25903              15.59886            -484.66017            1206.77407 
           -500.29913              15.54466            -484.75446            1202.58156 
           -502.20145              17.32166            -484.87979            1340.05523 
           -502.72864              17.81430            -484.91434            1378.16749 
           -503.94823              19.06844            -484.87979            1475.19135 
           -505.94353              21.14649            -484.79704            1635.95557 
           -507.58149              22.90775            -484.67375            1772.21157 
           -509.05769              24.37727            -484.68042            1885.89832 
           -514.86917              30.05077            -484.81840            2324.81736 
           -522.65579              37.56352            -485.09226            2906.02631 
           -521.62128              36.28372            -485.33756            2807.01714 
           -517.55888              31.71431            -485.84457            2453.51338 
           -511.73430              25.51452            -486.21978            1973.87930 
           -499.10667              13.31301            -485.79366            1029.93393 
           -499.77442              14.07016            -485.70426            1088.50963 
           -505.92003              20.46060            -485.45943            1582.89314 
           -515.09882              29.83793            -485.26089            2308.35141 
           -518.34587              32.94974            -485.39613            2549.08994 
           -516.28925              30.97870            -485.31055            2396.60465 
           -512.46331              27.37336            -485.08994            2117.68498 
           -511.02376              25.83991            -485.18385            1999.05281 
           -508.97513              23.57844            -485.39669            1824.09829 
           -507.52172              21.94822            -485.57351            1697.97968 
           -505.39673              19.68607            -485.71066            1522.97299 
           -503.79503              17.73284            -486.06219            1371.86508 
           -502.79440              16.49216            -486.30224            1275.88267 
           -498.27670              12.32191            -485.95479             953.25935 
           -496.88888              11.22333            -485.66555             868.27054 
           -497.21178              11.77330            -485.43848             910.81738 
           -498.73682              13.20412            -485.53270            1021.50992 
           -500.88747              15.30264            -485.58483            1183.85784 
           -501.54981              16.18542            -485.36439            1252.15211 
           -499.50891              14.40051            -485.10840            1114.06609 
           -505.28271              20.10571            -485.17699            1555.43798 
           -504.33083              19.26570            -485.06513            1490.45181 
           -509.12216              23.79793            -485.32423            1841.07909 
           -511.96025              26.50115            -485.45909            2050.20827 
           -512.35759              26.78372            -485.57387            2072.06863 
           -514.61318              29.09023            -485.52296            2250.50689 
           -512.40268              26.96577            -485.43691            2086.15252 
           -508.67582              24.16422            -484.51160            1869.41597 
           -508.31505              23.92581            -484.38924            1850.97186 
           -503.45744              19.62891            -483.82852            1518.55140 
           -505.47398              21.80544            -483.66853            1686.93410 
           -505.36277              21.74653            -483.61624            1682.37623 
           -504.63654              21.03605            -483.60050            1627.41150 
           -508.50023              24.50415            -483.99608            1895.71402 
           -512.14794              28.16309            -483.98484            2178.78092 
           -511.92321              27.87920            -484.04401            2156.81814 
           -509.30246              25.31222            -483.99023            1958.22909 
           -507.11407              23.00542            -484.10865            1779.76812 
           -504.82087              20.56734            -484.25353            1591.15041 
           -503.74634              19.71040            -484.03594            1524.85519 
           -500.08619              16.35565            -483.73054            1265.32159 
           -500.32281              16.46064            -483.86218            1273.44384 
           -500.68789              17.16429            -483.52360            1327.88096 
           -498.88457              15.62651            -483.25806            1208.91378 
           -498.77515              15.90419            -482.87096            1230.39555 
           -496.31319              13.85906            -482.45414            1072.17795 
           -499.61077              17.38521            -482.22556            1344.97149 
           -500.34515              18.04282            -482.30233            1395.84654 
           -501.78145              19.61101            -482.17044            1517.16621 
           -502.07113              20.39739            -481.67375            1578.00260 
           -503.77906              22.05474            -481.72433            1706.22016 
           -505.20505              23.72452            -481.48053            1835.39971 
           -505.16666              24.03515            -481.13151            1859.43057 
           -506.03306              24.66488            -481.36818            1908.14881 
           -505.89121              24.71097            -481.18024            1911.71452 
           -505.56633              24.61426            -480.95207            1904.23268 
           -507.36085              26.21239            -481.14846            2027.86892 
           -504.69781              23.67476            -481.02306            1831.54980 
           -509.08669              28.03688            -481.04980            2169.01693 
           -508.80788              27.91789            -480.89000            2159.81118 
           -506.91739              25.68728            -481.23011            1987.24474 
           -506.32137              24.65471            -481.66666            1907.36165 
           -514.73781              32.51859            -482.21922            2515.73511 
           -509.84416              27.66107            -482.18309            2139.94299 
           -505.73960              24.04011            -481.69949            1859.81479 
           -505.81129              24.43725            -481.37404            1890.53844 
           -503.61113              22.64736            -480.96377            1752.06759 
           -503.03801              22.18093            -480.85708            1715.98289 
           -499.06061              18.32844            -480.73217            1417.94294 
           -501.21102              20.64657            -480.56445            1597.28024 
           -503.57490              23.09988            -480.47501            1787.07586 
           -505.65742              25.48408            -480.17334            1971.52438 
           -503.93503              23.78042            -480.15461            1839.72398 
           -503.69562              23.03133            -480.66428            1781.77259 
           -505.12349              24.37242            -480.75107            1885.52314 
           -506.49960              25.96741            -480.53219            2008.91632 
           -506.61692              26.04705            -480.56987            2015.07748 
           -509.60953              29.11249            -480.49704            2252.22900 
           -504.56638              24.25798            -480.30840            1876.66943 
           -503.26463              23.11562            -480.14900            1788.29348 
           -503.88548              23.36773            -480.51775            1807.79708 
           -507.28353              26.75880            -480.52472            2070.14095 
           -508.36234              28.30447            -480.05787            2189.71816 
           -502.28888              22.67800            -479.61088            1754.43803 
           -503.07494              23.67175            -479.40319            1831.31713 
           -504.98972              25.69183            -479.29789            1987.59698 
           -505.28083              25.87440            -479.40643            2001.72066 
           -507.59564              27.92631            -479.66933            2160.46272 
           -506.39703              26.97235            -479.42469            2086.66121 
           -508.24551              27.95801            -480.28750            2162.91542 
           -505.71409              25.69987            -480.01421            1988.21891 
           -502.77627              22.50638            -480.26989            1741.16098 
           -500.72815              20.47735            -480.25079            1584.18914 
           -502.43677              21.94298            -480.49379            1697.57442 
           -503.46589              22.73318            -480.73271            1758.70665 
           -500.71265              20.28374            -480.42891            1569.21056 
           -504.68836              24.21425            -480.47411            1873.28680 
           -504.31342              24.00653            -480.30689            1857.21666 
           -504.45129              24.13664            -480.31465            1867.28279 
           -506.31129              25.93731            -480.37398            2006.58773 
           -505.52400              25.66742            -479.85658            1985.70803 
           -503.62969              23.56465            -480.06504            1823.03171 
           -510.97811              30.66786            -480.31024            2372.55718 
           -507.91288              27.84597            -480.06691            2154.24761 
           -511.74617              31.67818            -480.06799            2450.71834 
           -507.55298              27.40860            -480.14438            2120.41116 
           -510.31453              29.75416            -480.56038            2301.87033 
           -506.88720              27.06780            -479.81940            2094.04611 
           -502.74582              23.02793            -479.71788            1781.50974 
           -508.02088              27.84801            -480.17287            2154.40510 
           -502.62111              22.41694            -480.20418            1734.24105 
           -504.95662              24.71608            -480.24054            1912.10991 
           -505.24340              25.17763            -480.06577            1947.81641 
           -504.02717              23.90663            -480.12053            1849.48839 
           -506.77586              26.82519            -479.95067            2075.27640 
           -503.03128              23.69409            -479.33719            1833.04537 
           -504.00128              24.86601            -479.13527            1923.70860 
           -501.61807              22.84106            -478.77700            1767.05284 
           -503.26529              24.16561            -479.09968            1869.52402 
           -500.78442              21.57173            -479.21269            1668.85348 
           -501.78891              22.75965            -479.02926            1760.75456 
           -501.93834              22.96902            -478.96932            1776.95198 
           -499.33539              20.87259            -478.46280            1614.76594 
           -499.20482              21.37921            -477.82561            1653.95910 
           -500.75253              23.23552            -477.51700            1797.56953 
           -506.70333              29.37440            -477.32892            2272.49161 
           -502.08109              24.83254            -477.24855            1921.11977 
           -504.32864              26.77058            -477.55806            2071.05179 
           -504.64328              26.85895            -477.78433            2077.88873 
           -501.71817              23.84423            -477.87393            1844.66102 
           -508.78900              30.65889            -478.13011            2371.86312 
           -506.02783              28.08385            -477.94398            2172.65054 
           -503.74910              26.14087            -477.60823            2022.33564 
           -502.75230              25.41199            -477.34031            1965.94761 
           -505.18150              28.44241            -476.73909            2200.38982 
           -500.76098              24.23941            -476.52157            1875.23311 
           -502.67282              25.73954            -476.93328            1991.28746 
           -500.36953              23.59555            -476.77398            1825.42206 
           -500.82732              24.10651            -476.72081            1864.95183 
           -497.41789              20.65238            -476.76551            1597.72972 
           -502.96110              26.17055            -476.79055            2024.63148 
           -501.67992              24.98582            -476.69410            1932.97751 
           -499.75228              23.32544            -476.42685            1804.52544 
           -499.92917              23.26072            -476.66845            1799.51888 
           -502.83284              26.06938            -476.76346            2016.80472 
           -505.51686              28.27653            -477.24033            2187.55702 
           -503.93745              26.64494            -477.29251            2061.33193 
           -501.82055              25.07059            -476.74995            1939.53584 
           -501.46444              24.63128            -476.83317            1905.54910 
           -498.78869              22.03560            -476.75309            1704.73952 
           -504.66340              27.50755            -477.15585            2128.06639 
           -506.48699              29.20497            -477.28203            2259.38331 
           -510.53476              33.02957            -477.50520            2555.26583 
           -505.15731              28.02284            -477.13447            2167.93059 
           -505.87892              29.30067            -476.57825            2266.78738 
           -503.90002              27.07659            -476.82342            2094.72612 
           -505.47748              28.26259            -477.21489            2186.47856 
           -502.18729              24.86166            -477.32563            1923.37224 
           -506.42609              28.48149            -477.94460            2203.41286 
           -500.09683              23.04680            -477.05003            1782.96911 
           -500.96420              23.47030            -477.49390            1815.73210 
           -500.60984              23.74606            -476.86379            1837.06567 
           -508.71911              31.37180            -477.34731            2427.01627 
           -501.90390              24.80492            -477.09898            1918.98284 
           -499.23627              21.97789            -477.25838            1700.27546 
           -501.92997              24.38740            -477.54256            1886.68238 
           -503.18973              25.70359            -477.48614            1988.50634 
           -502.94060              25.26753            -477.67307            1954.77152 
           -502.66450              25.01301            -477.65149            1935.08108 
           -505.13469              27.83244            -477.30225            2153.20061 
           -496.94763              19.81978            -477.12786            1533.31709 
           -500.86266              23.32460            -477.53806            1804.46071 
           -499.91868              22.01677            -477.90191            1703.28334 
           -506.91807              28.85801            -478.06006            2232.54190 
           -501.57887              23.78688            -477.79200            1840.22377 
           -503.70556              26.33837            -477.36719            2037.61486 
           -501.37905              24.17736            -477.20169            1870.43269 
           -497.96271              20.53204            -477.43067            1588.41963 
           -505.41478              27.46955            -477.94523            2125.12628 
           -502.34129              24.53489            -477.80640            1898.09242 
           -505.50990              28.09603            -477.41387            2173.59290 
           -504.53128              27.28787            -477.24341            2111.07079 
           -501.43170              24.12534            -477.30636            1866.40855 
           -501.79608              24.66024            -477.13583            1907.79011 
           -504.20598              26.96875            -477.23723            2086.38328 
           -504.06147              26.52869            -477.53277            2052.33896 
           -502.60280              25.19801            -477.40479            1949.39286 
           -502.03922              24.86757            -477.17165            1923.82964 
           -502.93042              25.82959            -477.10083            1998.25380 
           -504.63002              27.04866            -477.58135            2092.56537 
           -504.14196              26.42836            -477.71360            2044.57683 
           -502.81967              24.95758            -477.86208            1930.79320 
           -501.18303              23.82466            -477.35837            1843.14672 
           -502.00892              24.29662            -477.71230            1879.65887 
           -500.51090              23.04416            -477.46674            1782.76493 
           -504.13663              26.73930            -477.39733            2068.63210 
           -504.14494              26.56620            -477.57874            2055.24055 
           -502.44163              25.07878            -477.36285            1940.16938 
           -506.37567              28.37711            -477.99856            2195.33755 
           -502.27132              24.25173            -478.01959            1876.18625 
           -506.46366              28.62340            -477.84026            2214.39156 
           -504.87464              27.00958            -477.86506            2089.54186 
           -502.13205              24.83455            -477.29750            1921.27503 
           -508.56505              30.68757            -477.87748            2374.08203 
           -504.79525              27.00244            -477.79280            2088.98939 
           -505.59774              27.62960            -477.96814            2137.50819 
           -501.65129              24.63730            -477.01399            1906.01530 
           -506.09969              28.48399            -477.61570            2203.60657 
           -506.70827              29.53074            -477.17753            2284.58586 
           -506.01460              29.07052            -476.94408            2248.98190 
           -503.33695              26.50503            -476.83193            2050.50799 
           -502.70008              26.06068            -476.63940            2016.13208 
           -501.28011              24.89079            -476.38932            1925.62582 
           -503.04971              26.54791            -476.50180            2053.82561 
           -502.47208              26.07634            -476.39574            2017.34333 
           -496.87937              21.17577            -475.70360            1638.22052 
           -499.93374              23.92540            -476.00833            1850.94067 
           -504.43634              28.22941            -476.20693            2183.91152 
           -504.13340              28.01058            -476.12282            2166.98235 
           -501.98735              26.00251            -475.98484            2011.63161 
           -504.12913              27.87727            -476.25186            2156.66902 
           -502.06297              26.31625            -475.74672            2035.90361 
           -501.97531              26.33142            -475.64389            2037.07740 
           -504.24961              28.92428            -475.32532            2237.66892 
           -501.53104              26.51242            -475.01861            2051.08029 
           -500.25592              24.97794            -475.27798            1932.36821 
           -498.44023              23.62949            -474.81075            1828.04753 
           -501.27273              27.07016            -474.20256            2094.22870 
           -501.90407              27.82063            -474.08344            2152.28707 
           -498.01713              24.42714            -473.58999            1889.75623 
           -499.72883              26.43204            -473.29679            2044.86169 
           -499.63748              26.07039            -473.56708            2016.88352 
           -502.49532              28.89667            -473.59865            2235.53279 
           -501.77100              28.05605            -473.71495            2170.49936 
           -497.50085              24.22676            -473.27409            1874.25414 
           -499.91280              26.43980            -473.47301            2045.46167 
           -501.59759              28.71257            -472.88503            2221.28978 
           -500.74874              28.41967            -472.32907            2198.63017 
           -501.93613              29.47691            -472.45921            2280.42198 
           -498.79807              26.79621            -472.00186            2073.03459 
           -497.91711              26.01269            -471.90441            2012.41962 
           -495.23531              23.33083            -471.90448            1804.94278 
           -497.89961              25.79333            -472.10628            1995.44868 
           -499.23321              27.36957            -471.86364            2117.39169 
           -496.99740              25.17201            -471.82539            1947.38143 
           -500.73729              28.90550            -471.83179            2236.21561 
           -500.23453              28.60960            -471.62492            2213.32439 
           -499.16311              27.55704            -471.60607            2131.89487 
           -493.34342              22.82316            -470.52026            1765.66798 
           -494.73875              24.24141            -470.49734            1875.38743 
           -494.80319              24.24982            -470.55337            1876.03827 
           -498.46575              27.92155            -470.54420            2160.09457 
           -494.47810              23.97309            -470.50501            1854.62985 
           -501.69543              31.12742            -470.56801            2408.11013 
           -494.40714              24.14987            -470.25727            1868.30588 
           -494.07130              24.45132            -469.61998            1891.62686 
           -494.67470              25.75431            -468.92038            1992.43061 
           -496.26168              27.52826            -468.73342            2129.66831 
           -495.29829              26.37059            -468.92771            2040.10715 
           -496.87026              28.38276            -468.48751            2195.77471 
           -494.83548              26.61801            -468.21747            2059.24877 
           -493.35197              25.58548            -467.76650            1979.36880 
           -489.95627              23.33622            -466.62005            1805.35983 
           -494.38199              27.64903            -466.73297            2139.01120 
           -499.17740              32.42299            -466.75441            2508.33920 
           -495.47012              29.48811            -465.98201            2281.28839 
           -491.10662              25.55295            -465.55367            1976.85226 
           -498.40116              32.22170            -466.17946            2492.76700 
           -498.31973              32.39744            -465.92230            2506.36225 
           -499.26933              33.79128            -465.47805            2614.19457 
           -496.00685              31.34174            -464.66512            2424.69031 
           -496.15873              31.33452            -464.82421            2424.13205 
           -503.55772              37.90857            -465.64915            2932.71972 
           -495.77579              30.57069            -465.20510            2365.03950 
           -495.33448              29.64908            -465.68540            2293.74129 
           -496.22748              30.77917            -465.44831            2381.16852 
           -495.33766              30.00987            -465.32779            2321.65286 
           -492.56052              27.40575            -465.15478            2120.19044 
           -493.22941              27.53154            -465.69787            2129.92198 
           -499.52893              33.08176            -466.44717            2559.30384 
           -501.16100              34.09916            -467.06184            2638.01255 
           -495.96362              29.65847            -466.30515            2294.46793 
           -495.27015              29.68956            -465.58058            2296.87302 
           -491.93270              26.21929            -465.71341            2028.40276 
           -492.54387              26.76181            -465.78206            2070.37358 
           -495.80499              29.72329            -466.08170            2299.48241 
           -492.81266              26.88907            -465.92359            2080.21859 
           -494.88054              28.76375            -466.11679            2225.24956 
           -488.37778              23.64728            -464.73050            1829.42389 
           -491.73208              27.19024            -464.54184            2103.51811 
           -495.11219              30.50284            -464.60935            2359.79102 
           -485.89673              21.58080            -464.31593            1669.55528 
           -495.12234              30.02538            -465.09696            2322.85288 
           -495.82172              30.34966            -465.47206            2347.94037 
           -493.08999              28.19760            -464.89239            2181.45066 
           -491.80915              26.80199            -465.00716            2073.48198 
           -490.17631              25.53002            -464.64629            1975.07880 
           -490.57268              26.24591            -464.32677            2030.46205 
           -495.71928              31.38301            -464.33628            2427.88305 
           -495.60834              30.76836            -464.83997            2380.33237 
           -493.84615              29.33051            -464.51564            2269.09543 
           -496.39988              32.00532            -464.39456            2476.02684 
           -494.23104              30.31304            -463.91800            2345.10742 
           -492.55375              28.70271            -463.85103            2220.52764 
           -494.20613              30.73709            -463.46904            2377.91329 
           -498.85529              35.36097            -463.49432            2735.63034 
           -492.44405              29.74397            -462.70007            2301.08259 
           -496.52190              34.09481            -462.42710            2637.67586 
           -494.60655              32.07157            -462.53498            2481.15268 
           -490.79588              28.54101            -462.25486            2208.01801 
           -490.67770              28.44713            -462.23057            2200.75472 
           -490.03335              28.12449            -461.90886            2175.79439 
           -491.27565              29.63905            -461.63660            2292.96513 
           -486.85750              25.23216            -461.62534            1952.03492 
           -497.07920              35.68569            -461.39351            2760.75141 
           -491.74628              30.35261            -461.39368            2348.16809 
           -489.96364              29.02153            -460.94211            2245.19210 
           -490.13775              29.02357            -461.11418            2245.35011 
           -489.25420              28.30685            -460.94735            2189.90241 
           -490.12706              28.95136            -461.17570            2239.76321 
           -489.37016              28.82224            -460.54792            2229.77437 
           -492.20986              32.23725            -459.97261            2493.96957 
           -491.54404              31.20572            -460.33832            2414.16721 
           -489.47347              29.09510            -460.37837            2250.88396 
           -492.43089              32.35108            -460.07981            2502.77610 
           -494.64615              34.42036            -460.22579            2662.86200 
           -492.88960              32.44961            -460.43999            2510.39889 
           -490.86215              30.22352            -460.63863            2338.18155 
           -495.37944              34.35745            -461.02199            2657.99447 
           -495.31109              33.75778            -461.55331            2611.60220 
           -490.54627              30.24219            -460.30408            2339.62617 
           -494.44451              34.66992            -459.77459            2682.16819 
           -491.06507              31.30095            -459.76412            2421.53492 
           -492.15248              32.37649            -459.77599            2504.74207 
           -494.47005              34.88222            -459.58783            2698.59240 
           -488.22243              28.14525            -460.07719            2177.40037 
           -494.38950              34.23567            -460.15383            2648.57341 
           -493.27237              33.50887            -459.76350            2592.34618 
           -488.67419              28.54999            -460.12420            2208.71271 
           -495.22536              35.63570            -459.58966            2756.88410 
           -494.47149              35.52338            -458.94811            2748.19469 
           -489.05757              30.30823            -458.74934            2344.73504 
           -493.89238              34.52058            -459.37180            2670.61516 
           -491.07723              31.94148            -459.13575            2471.08810 
           -489.65619              30.88683            -458.76936            2389.49707 
           -486.81250              28.05658            -458.75592            2170.54062 
           -489.00760              30.59497            -458.41263            2366.91837 
           -490.85821              33.12964            -457.72857            2563.00775 
           -492.97631              35.02832            -457.94799            2709.89543 
           -490.24269              32.20482            -458.03787            2491.46099 
           -492.98220              34.96416            -458.01805            2704.93134 
           -489.07327              31.65223            -457.42104            2448.71108 
           -494.76253              37.21078            -457.55175            2878.73667 
           -487.52759              30.53775            -456.98984            2362.49161 
           -482.67112              26.84322            -455.82790            2076.67161 
           -490.91439              35.07399            -455.84040            2713.42855 
           -485.12202              29.98526            -455.13676            2319.74909 
           -489.74237              34.15635            -455.58602            2642.43706 
           -492.39186              36.76839            -455.62347            2844.51233 
           -485.61347              30.27844            -455.33502            2342.43072 
           -491.12735              35.55638            -455.57097            2750.74778 
           -487.20537              32.45311            -454.75226            2510.66941 
           -490.09799              35.66110            -454.43689            2758.84883 
           -493.18508              39.29907            -453.88601            3040.29305 
           -488.19782              34.83780            -453.36002            2695.15648 
           -488.69428              34.79057            -453.90371            2691.50232 
           -490.05196              36.45506            -453.59690            2820.27217 
           -489.13017              36.12261            -453.00756            2794.55274 
           -492.27848              39.16641            -453.11207            3030.03015 
           -490.16111              37.22820            -452.93291            2880.08480 
           -486.89303              37.23656            -449.65647            2880.73143 
           -494.85516              44.69048            -450.16467            3457.38904 
           -487.62563              37.50182            -450.12381            2901.25240 
           -493.19766              42.19190            -451.00577            3264.09111 
           -493.16194              42.32082            -450.84112            3274.06497 
           -488.86553              38.55474            -450.31079            2982.70940 
           -489.43672              38.94132            -450.49540            3012.61643 
           -487.84207              37.13460            -450.70747            2872.84361 
           -486.91949              36.89877            -450.02071            2854.59928 
           -486.50589              36.48369            -450.02220            2822.48741 
           -490.66663              39.84211            -450.82452            3082.30452 
           -484.70110              34.80430            -449.89680            2692.56465 
           -486.82629              36.83709            -449.98920            2849.82736 
           -489.46872              39.76808            -449.70064            3076.57750 
           -485.32123              35.62324            -449.69798            2755.92032 
           -486.95129              36.88407            -450.06722            2853.46202 
           -486.31881              35.90584            -450.41297            2777.78278 
           -481.99178              32.42711            -449.56467            2508.65760 
           -482.32785              32.25915            -450.06870            2495.66419 
           -484.24481              34.24984            -449.99497            2649.66976 
           -486.14249              36.42031            -449.72218            2817.58360 
           -484.42140              35.53025            -448.89115            2748.72610 
           -486.94287              38.46086            -448.48201            2975.44652 
           -485.94521              37.29881            -448.64639            2885.54740 
           -491.88486              42.92337            -448.96149            3320.68026 
           -487.98507              39.17329            -448.81179            3030.56229 
           -487.91390              39.08147            -448.83243            3023.45929 
           -483.63330              35.29050            -448.34280            2730.17870 
           -493.15438              44.09336            -449.06102            3411.19395 
           -484.38143              35.70626            -448.67518            2762.34248 
           -484.65529              36.52696            -448.12834            2825.83444 
           -480.82708              32.43184            -448.39524            2509.02417 
           -490.90327              42.12077            -448.78250            3258.58823 
           -486.43246              37.89097            -448.54149            2931.35862 
           -486.65662              38.72557            -447.93104            2995.92573 
           -481.18210              32.57871            -448.60339            2520.38619 
           -486.49764              37.14228            -449.35536            2873.43735 
           -481.95497              33.83254            -448.12243            2617.38638 
           -486.00419              37.37410            -448.63008            2891.37221 
           -480.91902              32.70352            -448.21550            2530.04182 
           -480.87919              33.02045            -447.85874            2554.56028 
           -479.24165              31.76844            -447.47321            2457.70117 
           -480.47691              33.55120            -446.92571            2595.62092 
           -483.45653              37.00305            -446.45348            2862.66597 
           -479.81010              33.16538            -446.64472            2565.77251 
           -482.88420              35.62460            -447.25960            2756.02536 
           -477.36573              30.26001            -447.10572            2341.00480 
           -478.43916              31.15618            -447.28299            2410.33487 
           -481.12604              33.87658            -447.24947            2620.79298 
           -487.93778              40.58121            -447.35657            3139.48341 
           -486.47424              38.65965            -447.81458            2990.82616 
           -488.17197              40.74663            -447.42533            3152.28122 
           -485.41918              38.02487            -447.39430            2941.71776 
           -482.46424              35.82555            -446.63869            2771.57154 
           -482.93316              36.18032            -446.75284            2799.01750 
           -483.45753              36.48883            -446.96870            2822.88454 
           -480.45909              34.11124            -446.34784            2638.94760 
           -481.28563              34.42114            -446.86449            2662.92221 
           -483.41955              36.49205            -446.92749            2823.13405 
           -476.71841              29.68759            -447.03082            2296.72079 
           -484.64503              37.32090            -447.32413            2887.25615 
           -484.44733              37.43633            -447.01100            2896.18632 
           -483.50685              36.26646            -447.24040            2805.68121 
           -488.11843              40.13466            -447.98377            3104.93727 
           -481.68066              33.86489            -447.81577            2619.88911 
           -484.98280              37.67582            -447.30698            2914.71352 
           -482.33905              35.45122            -446.88783            2742.61179 
           -485.44918              37.93163            -447.51755            2934.50368 
           -478.16575              31.49927            -446.66648            2436.87766 
           -483.70841              37.14273            -446.56568            2873.47259 
           -484.03222              37.72999            -446.30223            2918.90461 
           -479.47541              33.57386            -445.90154            2597.37429 
           -480.94634              35.47327            -445.47307            2744.31839 
           -483.86842              37.97145            -445.89697            2937.58466 
           -480.97838              35.12557            -445.85281            2717.41883 
           -481.55577              35.84545            -445.71031            2773.11129 
           -487.80974              41.44853            -446.36121            3206.58187 
           -480.74823              35.20755            -445.54068            2723.76149 
           -485.50570              39.74911            -445.75658            3075.10987 
           -481.84489              35.92628            -445.91861            2779.36424 
           -483.31804              37.22148            -446.09656            2879.56493 
           -490.31352              43.71769            -446.59583            3382.13097 
           -486.60382              40.01003            -446.59379            3095.29557 
           -490.81572              43.87425            -446.94147            3394.24305 
           -490.53373              44.03881            -446.49492            3406.97358 
           -490.43614              43.12542            -447.31072            3336.31141 
           -485.41743              38.45268            -446.96475            2974.81409 
           -495.39048              47.92345            -447.46704            3707.50078 
           -485.84709              39.18342            -446.66367            3031.34632 
           -493.36223              46.41446            -446.94777            3590.76120 
           -492.35301              45.25061            -447.10240            3500.72185 
           -490.97861              44.55188            -446.42673            3446.66621 
           -488.17761              41.77613            -446.40148            3231.92604 
           -485.59415              40.36243            -445.23172            3122.55793 
           -490.59250              45.23233            -445.36018            3499.30770 
           -481.94387              36.59590            -445.34797            2831.16808 
           -481.91068              36.73752            -445.17316            2842.12407 
           -479.10337              33.81847            -445.28490            2616.29772 
           -483.39183              38.00200            -445.38984            2939.94788 
           -484.27980              38.83842            -445.44138            3004.65592 
           -483.18886              37.72978            -445.45909            2918.88810 
           -475.54327              30.70065            -444.84262            2375.09393 
           -481.16222              36.22389            -444.93833            2802.38792 
           -477.66667              32.68524            -444.98143            2528.62777 
           -479.98998              34.32638            -445.66360            2655.59108 
           -487.86453              41.26973            -446.59480            3192.74951 
           -484.85978              38.72420            -446.13558            2995.81929 
           -485.62588              39.25870            -446.36718            3037.17024 
           -488.15243              41.55741            -446.59503            3215.00484 
           -486.19258              39.68996            -446.50261            3070.53400 
           -485.73847              39.46532            -446.27315            3053.15508 
           -487.83279              41.10153            -446.73125            3179.73722 
           -488.38443              41.85705            -446.52737            3238.18633 
           -493.15878              46.17213            -446.98665            3572.01362 
           -480.14459              34.80207            -445.34253            2692.39166 
           -489.60899              43.51289            -446.09609            3366.28718 
           -485.41791              40.04859            -445.36932            3098.27842 
           -490.19220              44.57360            -445.61860            3448.34695 
           -486.54273              41.20916            -445.33357            3188.06358 
           -487.34209              42.27865            -445.06345            3270.80229 
           -485.21144              40.06480            -445.14664            3099.53229 
           -482.32717              37.35026            -444.97691            2889.52761 
           -478.18247              33.95984            -444.22263            2627.23456 
           -485.87924              41.50388            -444.37536            3210.86389 
           -476.69330              33.01950            -443.67380            2554.48706 
           -477.35448              33.60573            -443.74874            2599.83984 
           -476.94155              32.48232            -444.45922            2512.92945 
           -476.26726              31.15863            -445.10863            2410.52436 
           -478.12467              32.85497            -445.26970            2541.75867 
           -477.80358              32.80796            -444.99562            2538.12172 
           -476.57081              31.65588            -444.91493            2448.99356 
           -480.92842              36.45589            -444.47252            2820.33679 
           -477.40535              33.19880            -444.20655            2568.35827 
           -480.42663              36.00610            -444.42053            2785.53948 
           -482.55781              38.48875            -444.06907            2977.60419 
           -485.29091              41.14654            -444.14437            3183.21880 
           -487.99920              43.69180            -444.30740            3380.12829 
           -481.36020              37.75600            -443.60421            2920.91645 
           -485.05678              42.00741            -443.04937            3249.81891 
           -479.77933              36.70599            -443.07334            2839.68453 
           -482.26744              39.65916            -442.60827            3068.15126 
           -482.35190              38.76857            -443.58333            2999.25202 
           -487.41968              43.69950            -443.72018            3380.72378 
           -479.81565              37.38183            -442.43382            2891.96958 
           -484.63218              41.73097            -442.90121            3228.43264 
           -477.97716              34.98625            -442.99091            2706.64069 
           -480.63376              37.67228            -442.96148            2914.43997 
           -482.69022              39.31700            -443.37322            3041.68037 
           -477.92556              35.08122            -442.84434            2713.98791 
           -478.53172              35.69063            -442.84109            2761.13338 
           -480.41650              38.08445            -442.33205            2946.32657 
           -473.75881              31.86047            -441.89833            2464.82105 
           -481.25534              39.84884            -441.40650            3082.82531 
           -476.76372              35.93005            -440.83368            2779.65548 
           -481.47747              40.40634            -441.07113            3125.95476 
           -472.53972              32.39544            -440.14428            2506.20808 
           -474.73687              33.90542            -440.83145            2623.02458 
           -479.07565              38.00393            -441.07172            2940.09716 
           -485.37241              44.37716            -440.99525            3433.14980 
           -484.58300              42.95814            -441.62486            3323.37006 
           -481.61563              40.44638            -441.16925            3129.05278 
           -484.22693              43.63558            -440.59136            3375.77842 
           -478.39997              38.51189            -439.88808            2979.39471 
           -478.33438              38.77841            -439.55597            3000.01379 
           -482.84669              42.63832            -440.20837            3298.62776 
           -487.00717              46.63721            -440.36997            3607.99342 
           -482.08086              42.82458            -439.25628            3313.03699 
           -479.40330              40.34438            -439.05893            3121.16143 
           -482.82543              42.93510            -439.89034            3321.58715 
           -478.02196              39.02227            -438.99969            3018.87922 
           -479.52523              40.55914            -438.96608            3137.77626 
           -476.55374              37.84180            -438.71193            2927.55488 
           -477.26201              38.98135            -438.28066            3015.71374 
           -479.04508              40.15150            -438.89358            3106.23988 
           -480.46780              41.42640            -439.04140            3204.87008 
           -479.49532              40.63947            -438.85585            3143.99055 
           -470.75991              32.75517            -438.00475            2534.03748 
           -475.69213              37.42639            -438.26573            2895.41731 
           -477.07390              39.17624            -437.89766            3030.79106 
           -479.70301              41.53056            -438.17245            3212.92764 
           -473.97378              36.20310            -437.77068            2800.77975 
