           -530.27945               1.19538            -529.08407              96.33128 
           -530.63289               1.65130            -528.98159             133.07220 
           -530.04363               1.15284            -528.89078              92.90367 
           -530.27091               1.49277            -528.77814             120.29741 
           -530.61645               1.88829            -528.72816             152.17079 
           -530.12303               1.41991            -528.70312             114.42534 
           -530.15764               1.36927            -528.78838             110.34420 
           -530.19827               1.25880            -528.93947             101.44227 
           -530.30607               1.29485            -529.01122             104.34736 
           -530.31272               1.22450            -529.08822              98.67812 
           -530.09319               0.93887            -529.15432              75.66022 
           -530.45207               1.36841            -529.08366             110.27544 
           -530.29027               1.31549            -528.97478             106.01096 
           -529.90740               1.06309            -528.84432              85.67032 
           -530.30231               1.53949            -528.76282             124.06195 
           -530.83893               2.08062            -528.75831             167.66966 
           -530.28375               1.57548            -528.70826             126.96264 
           -530.06195               1.27871            -528.78324             103.04659 
           -530.36436               1.41252            -528.95184             113.83001 
           -530.46772               1.43405            -529.03367             115.56473 
           -530.03760               0.94032            -529.09728              75.77711 
           -530.13583               1.03291            -529.10292              83.23833 
           -530.37538               1.32996            -529.04542             107.17673 
           -530.15879               1.20187            -528.95692              96.85423 
           -530.05826               1.26848            -528.78978             102.22207 
           -530.21404               1.49534            -528.71871             120.50376 
           -530.35517               1.62623            -528.72894             131.05198 
           -530.24746               1.51610            -528.73136             122.17672 
           -530.00994               1.18316            -528.82679              95.34634 
           -530.35746               1.39037            -528.96709             112.04472 
           -530.68918               1.59754            -529.09164             128.74034 
           -530.11826               0.97409            -529.14417              78.49837 
           -530.52019               1.41848            -529.10171             114.31036 
           -530.50826               1.46396            -529.04430             117.97540 
           -530.18286               1.22608            -528.95679              98.80504 
           -530.10029               1.30478            -528.79551             105.14719 
           -530.44258               1.71829            -528.72429             138.47120 
           -530.37149               1.63585            -528.73564             131.82730 
           -530.24302               1.48200            -528.76102             119.42908 
           -530.16957               1.32043            -528.84915             106.40862 
           -530.30147               1.35248            -528.94899             108.99144 
           -530.15697               1.10166            -529.05531              88.77859 
           -530.22459               1.09354            -529.13105              88.12428 
           -530.24398               1.17959            -529.06439              95.05900 
           -530.59096               1.59636            -528.99461             128.64460 
           -530.15572               1.24584            -528.90988             100.39784 
           -530.12806               1.34988            -528.77818             108.78198 
           -530.60090               1.87000            -528.73090             150.69646 
           -530.19831               1.49140            -528.70691             120.18641 
           -530.10861               1.31422            -528.79438             105.90870 
           -530.47800               1.54753            -528.93047             124.70975 
           -530.37258               1.38220            -528.99037             111.38677 
           -530.09918               1.01597            -529.08321              81.87331 
           -530.32862               1.18344            -529.14519              95.36889 
           -530.36805               1.29620            -529.07185             104.45650 
           -530.08696               1.10685            -528.98011              89.19698 
           -530.05623               1.19878            -528.85745              96.60567 
           -530.06447               1.29142            -528.77305             104.07116 
           -530.58621               1.83933            -528.74688             148.22508 
           -530.31931               1.61547            -528.70384             130.18474 
           -530.10130               1.30641            -528.79489             105.27886 
           -530.52032               1.58472            -528.93560             127.70684 
           -530.48174               1.47493            -529.00680             118.85973 
           -530.14379               1.06380            -529.07999              85.72788 
           -530.13603               1.04927            -529.08677              84.55682 
           -530.79866               1.73474            -529.06392             139.79659 
           -530.26503               1.27975            -528.98528             103.13079 
           -530.25980               1.41407            -528.84573             113.95493 
           -530.59418               1.80269            -528.79150             145.27209 
           -530.43644               1.67762            -528.75882             135.19331 
           -530.06433               1.32467            -528.73965             106.75083 
           -530.02492               1.19547            -528.82944              96.33890 
           -530.34713               1.40894            -528.93820             113.54142 
           -530.39051               1.35377            -529.03675             109.09517 
           -530.26801               1.14647            -529.12154              92.38995 
           -530.34519               1.26364            -529.08155             101.83195 
           -530.34213               1.29475            -529.04738             104.33917 
           -530.25592               1.29353            -528.96239             104.24133 
           -530.12249               1.30168            -528.82081             104.89808 
           -530.40770               1.64561            -528.76209             132.61399 
           -530.40428               1.67836            -528.72592             135.25291 
           -530.02561               1.27904            -528.74656             103.07355 
           -530.38381               1.52025            -528.86356             122.51137 
           -530.33243               1.40581            -528.92661             113.28947 
           -530.23714               1.20288            -529.03425              96.93610 
           -530.07183               0.98214            -529.08969              79.14726 
           -530.38894               1.33133            -529.05761             107.28736 
           -530.20893               1.19600            -529.01293              96.38105 
           -530.11712               1.19958            -528.91753              96.67026 
           -530.34100               1.51649            -528.82451             122.20834 
           -530.44897               1.67420            -528.77476             134.91810 
           -530.24664               1.51138            -528.73526             121.79636 
           -530.05957               1.26553            -528.79404             101.98456 
           -530.45933               1.55854            -528.90079             125.59723 
           -530.47331               1.51234            -528.96097             121.87376 
           -530.31113               1.24336            -529.06777             100.19777 
           -530.27638               1.16712            -529.10926              94.05377 
           -530.61348               1.53005            -529.08343             123.30168 
           -530.41434               1.38456            -529.02978             111.57661 
           -529.95714               1.05464            -528.90250              84.98953 
           -530.45679               1.63866            -528.81813             132.05342 
           -530.45747               1.68538            -528.77209             135.81879 
           -530.26409               1.53598            -528.72811             123.77890 
           -530.23732               1.44787            -528.78944             116.67909 
           -530.49498               1.62443            -528.87055             130.90711 
           -530.18301               1.23513            -528.94787              99.53508 
           -530.18254               1.11704            -529.06549              90.01842 
           -530.31687               1.23304            -529.08383              99.36625 
           -530.52438               1.45256            -529.07181             117.05680 
           -530.39200               1.36949            -529.02250             110.36265 
           -530.12098               1.24503            -528.87595             100.33258 
           -530.35069               1.52568            -528.82502             122.94875 
           -530.47689               1.70707            -528.76982             137.56677 
           -530.17132               1.42318            -528.74814             114.68900 
           -530.01933               1.21474            -528.80459              97.89183 
           -530.49048               1.61027            -528.88021             129.76577 
           -530.03613               1.05351            -528.98262              84.89843 
           -530.00873               0.93620            -529.07253              75.44485 
           -530.37954               1.30796            -529.07157             105.40395 
           -530.44150               1.37028            -529.07122             110.42625 
           -529.91924               0.94989            -528.96935              76.54821 
           -530.20411               1.34487            -528.85924             108.37813 
           -530.23784               1.44078            -528.79706             116.10723 
           -530.27784               1.54216            -528.73569             124.27701 
           -530.20998               1.47289            -528.73708             118.69526 
           -530.24412               1.44168            -528.80244             116.18015 
           -530.28220               1.41291            -528.86928             113.86169 
           -530.27635               1.27410            -529.00225             102.67524 
           -529.97611               0.90114            -529.07497              72.61960 
           -530.58167               1.49858            -529.08309             120.76493 
           -530.36729               1.29515            -529.07215             104.37113 
           -530.10886               1.13291            -528.97596              91.29706 
           -530.25239               1.38161            -528.87078             111.33885 
           -530.36289               1.57416            -528.78873             126.85622 
           -530.02961               1.31907            -528.71054             106.29909 
           -530.23679               1.48599            -528.75081             119.75033 
           -530.44565               1.61060            -528.83504             129.79287 
           -530.42678               1.50609            -528.92070             121.37031 
           -530.15223               1.10682            -529.04541              89.19481 
           -530.44136               1.35146            -529.08990             108.90935 
           -530.24017               1.14142            -529.09875              91.98318 
           -530.40370               1.33988            -529.06382             107.97634 
           -530.05198               1.12357            -528.92841              90.54485 
           -530.37115               1.53143            -528.83972             123.41267 
           -530.41450               1.64341            -528.77109             132.43648 
           -530.20626               1.50108            -528.70518             120.96677 
           -530.19260               1.43871            -528.75389             115.94070 
           -530.59405               1.76032            -528.83373             141.85815 
           -530.23756               1.29618            -528.94138             104.45489 
           -529.92887               0.88800            -529.04086              71.56114 
           -530.49324               1.41678            -529.07646             114.17302 
           -530.40121               1.30921            -529.09200             105.50434 
           -530.31215               1.25327            -529.05888             100.99664 
           -530.20555               1.27601            -528.92953             102.82937 
           -530.55582               1.70734            -528.84847             137.58865 
           -530.32000               1.56608            -528.75392             126.20502 
           -530.05653               1.33270            -528.72383             107.39748 
           -530.39266               1.60271            -528.78995             129.15683 
           -530.29827               1.45573            -528.84253             117.31242 
           -530.26695               1.30153            -528.96542             104.88547 
           -530.11264               1.03712            -529.07552              83.57793 
           -530.48165               1.37887            -529.10278             111.11838 
           -530.50593               1.39768            -529.10825             112.63379 
           -530.01827               1.00345            -529.01482              80.86456 
           -530.11430               1.21771            -528.89659              98.13126 
           -530.30581               1.50346            -528.80235             121.15882 
           -530.41940               1.70866            -528.71074             137.69476 
           -530.23725               1.51802            -528.71923             122.33186 
           -530.41498               1.63603            -528.77895             131.84151 
           -530.40173               1.55408            -528.84765             125.23813 
           -530.12201               1.14485            -528.97717              92.25909 
           -530.11961               1.05635            -529.06326              85.12737 
           -530.57335               1.46499            -529.10836             118.05811 
           -530.32108               1.22232            -529.09876              98.50233 
           -530.13713               1.13502            -529.00211              91.46732 
           -530.25626               1.34691            -528.90935             108.54255 
           -530.33828               1.53574            -528.80254             123.75986 
           -530.20902               1.49014            -528.71889             120.08476 
           -530.19908               1.45535            -528.74373             117.28146 
           -530.38358               1.58056            -528.80302             127.37201 
           -530.12154               1.25378            -528.86776             101.03742 
           -529.96543               0.97464            -528.99079              78.54293 
           -530.27549               1.19727            -529.07821              96.48408 
           -530.54687               1.42672            -529.12015             114.97431 
           -529.97228               0.90063            -529.07165              72.57854 
           -530.22302               1.25547            -528.96755             101.17401 
           -530.37203               1.49697            -528.87506             120.63554 
           -530.23979               1.47022            -528.76957             118.47967 
           -530.18072               1.50221            -528.67851             121.05780 
           -530.39769               1.68004            -528.71766             135.38811 
           -530.32302               1.53088            -528.79215             123.36786 
           -530.20971               1.29359            -528.91612             104.24607 
           -530.11284               1.08791            -529.02494              87.67045 
           -530.40782               1.31829            -529.08953             106.23618 
           -530.42463               1.28730            -529.13733             103.73924 
           -530.22465               1.14829            -529.07635              92.53698 
           -529.84289               0.91318            -528.92971              73.58996 
           -530.46826               1.62531            -528.84295             130.97756 
           -530.29225               1.53582            -528.75643             123.76632 
           -529.97710               1.25640            -528.72071             101.24849 
           -530.43114               1.67712            -528.75401             135.15351 
           -530.50201               1.67194            -528.83008             134.73533 
           -530.05323               1.08301            -528.97022              87.27580 
           -530.22874               1.16875            -529.06000              94.18503 
           -530.53303               1.43198            -529.10104             115.39852 
           -530.37085               1.25297            -529.11787             100.97277 
           -530.13316               1.09192            -529.04124              87.99392 
           -530.40536               1.47611            -528.92925             118.95424 
           -530.37553               1.57208            -528.80345             126.68845 
           -530.37813               1.65924            -528.71889             133.71262 
           -530.15914               1.44195            -528.71719             116.20168 
           -530.25064               1.50930            -528.74134             121.62882 
           -530.38882               1.55576            -528.83307             125.37298 
           -529.87893               0.90270            -528.97623              72.74538 
           -530.25855               1.18690            -529.07165              95.64834 
           -530.40069               1.30251            -529.09818             104.96463 
           -530.26078               1.16319            -529.09759              93.73742 
           -530.16071               1.12521            -529.03550              90.67692 
           -530.26437               1.34716            -528.91721             108.56284 
           -530.28404               1.50576            -528.77828             121.34397 
           -530.11200               1.40302            -528.70898             113.06414 
           -530.29240               1.54503            -528.74738             124.50834 
           -530.33534               1.54624            -528.78910             124.60633 
           -530.15402               1.28814            -528.86588             103.80666 
           -530.20701               1.21000            -528.99702              97.50922 
           -530.09673               1.00951            -529.08722              81.35321 
           -530.55119               1.42884            -529.12235             115.14510 
           -530.02098               0.97829            -529.04269              78.83722 
           -529.93596               0.98101            -528.95494              79.05646 
           -530.29838               1.41260            -528.88578             113.83665 
           -530.28559               1.52869            -528.75690             123.19205 
           -529.96586               1.29259            -528.67327             104.16504 
           -530.43161               1.69891            -528.73270             136.90930 
           -530.34267               1.52894            -528.81373             123.21176 
           -529.91155               1.00062            -528.91093              80.63645 
           -530.06699               1.06754            -528.99946              86.02886 
           -530.57282               1.48638            -529.08643             119.78231 
           -530.40664               1.26911            -529.13752             102.27326 
           -530.03790               0.97997            -529.05793              78.97251 
           -530.33642               1.38398            -528.95244             111.53013 
           -530.37569               1.50219            -528.87350             121.05617 
           -530.26197               1.48190            -528.78007             119.42079 
           -530.15531               1.42321            -528.73210             114.69147 
           -530.27443               1.53790            -528.73653             123.93384 
           -530.44933               1.62638            -528.82295             131.06440 
           -530.17613               1.21188            -528.96425              97.66127 
           -530.15423               1.12954            -529.02469              91.02535 
           -530.50847               1.42702            -529.08145             114.99826 
           -530.35957               1.23817            -529.12140              99.77943 
           -529.99557               0.95180            -529.04377              76.70200 
           -530.26455               1.33731            -528.92724             107.76898 
           -530.48755               1.67156            -528.81599             134.70505 
           -530.27887               1.53796            -528.74091             123.93895 
           -530.31070               1.58342            -528.72728             127.60220 
           -530.33883               1.60944            -528.72938             129.69941 
           -530.39723               1.55406            -528.84317             125.23648 
           -530.05032               1.07091            -528.97942              86.30052 
           -530.39023               1.32028            -529.06995             106.39664 
           -530.31436               1.21406            -529.10030              97.83683 
           -530.37273               1.27059            -529.10214             102.39226 
           -530.01289               0.97055            -529.04235              78.21293 
           -530.46549               1.52233            -528.94316             122.67903 
           -530.37957               1.58833            -528.79124             127.99771 
           -530.08527               1.36238            -528.72288             109.78949 
           -530.16361               1.41324            -528.75037             113.88817 
           -530.57823               1.79681            -528.78142             144.79869 
           -529.97891               1.13521            -528.84370              91.48278 
           -530.29443               1.29407            -529.00036             104.28487 
           -530.45443               1.36276            -529.09168             109.81972 
           -530.37805               1.25981            -529.11824             101.52363 
           -529.99292               0.93554            -529.05738              75.39161 
           -530.32584               1.33702            -528.98882             107.74607 
           -530.37777               1.46048            -528.91729             117.69490 
           -530.24040               1.46946            -528.77094             118.41821 
           -530.31015               1.62048            -528.68967             130.58857 
           -530.25479               1.53429            -528.72049             123.64308 
           -530.37902               1.58412            -528.79490             127.65864 
           -530.20019               1.28909            -528.91110             103.88347 
           -530.04803               1.05136            -528.99667              84.72523 
           -530.49259               1.40725            -529.08535             113.40490 
           -530.43846               1.29342            -529.14504             104.23198 
           -530.00980               0.95516            -529.05464              76.97274 
           -530.22297               1.26158            -528.96139             101.66650 
           -530.47087               1.58376            -528.88711             127.62976 
           -530.10663               1.32734            -528.77929             106.96560 
           -530.16713               1.43876            -528.72837             115.94440 
           -530.44186               1.69592            -528.74594             136.66815 
           -530.43290               1.59695            -528.83595             128.69250 
           -530.01225               1.06005            -528.95220              85.42556 
           -530.24503               1.23031            -529.01472              99.14607 
           -530.62575               1.54175            -529.08400             124.24384 
           -530.15214               1.04330            -529.10884              84.07588 
           -530.17593               1.14186            -529.03407              92.01866 
           -530.25962               1.33622            -528.92340             107.68114 
           -530.51510               1.67613            -528.83896             135.07367 
           -530.15582               1.39468            -528.76113             112.39255 
           -530.19539               1.46090            -528.73449             117.72873 
           -530.56441               1.82431            -528.74010             147.01503 
           -530.18527               1.34123            -528.84404             108.08471 
           -530.03624               1.05280            -528.98344              84.84157 
           -530.37736               1.33611            -529.04125             107.67262 
           -530.45767               1.38203            -529.07564             111.37276 
           -530.22668               1.11632            -529.11036              89.96032 
           -530.34875               1.29298            -529.05577             104.19630 
           -530.37297               1.43469            -528.93828             115.61650 
           -530.30578               1.49836            -528.80742             120.74764 
           -530.16728               1.41421            -528.75307             113.96598 
           -530.25984               1.49226            -528.76757             120.25618 
           -530.40699               1.63404            -528.77295             131.68134 
           -530.29609               1.43880            -528.85728             115.94798 
           -530.23662               1.24163            -528.99499             100.05890 
           -530.36414               1.29152            -529.07262             104.07938 
           -530.48332               1.38598            -529.09734             111.69081 
           -530.10683               1.05978            -529.04705              85.40407 
           -530.14197               1.15020            -528.99178              92.69029 
           -530.63420               1.70493            -528.92928             137.39404 
           -530.13137               1.35020            -528.78116             108.80811 
           -530.18623               1.46343            -528.72280             117.93301 
           -530.64238               1.87366            -528.76872             150.99160 
           -530.32735               1.50956            -528.81778             121.65036 
           -530.10270               1.20865            -528.89406              97.40057 
           -530.26891               1.28588            -528.98303             103.62460 
           -530.38787               1.31232            -529.07555             105.75503 
           -530.29222               1.15790            -529.13432              93.31139 
           -530.12635               1.07568            -529.05067              86.68557 
           -530.46967               1.49977            -528.96990             120.86121 
           -530.41944               1.51815            -528.90129             122.34245 
           -530.16977               1.36814            -528.80163             110.25388 
           -530.03382               1.29601            -528.73781             104.44060 
           -530.43622               1.68913            -528.74709             136.12112 
           -530.52541               1.68897            -528.83644             136.10804 
           -530.00424               1.06357            -528.94067              85.70933 
           -530.45786               1.46899            -528.98887             118.38079 
           -530.52743               1.45977            -529.06766             117.63772 
           -529.96728               0.86345            -529.10382              69.58266 
           -530.15885               1.12364            -529.03521              90.55009 
           -530.33514               1.40328            -528.93186             113.08528 
           -530.32653               1.48934            -528.83719             120.02060 
           -530.22158               1.44065            -528.78094             116.09655 
           -530.26165               1.51992            -528.74173             122.48500 
           -530.52085               1.77871            -528.74215             143.33975 
           -530.26127               1.42041            -528.84086             114.46580 
           -530.14532               1.17621            -528.96910              94.78694 
           -530.22984               1.19403            -529.03581              96.22293 
           -530.57368               1.48689            -529.08679             119.82336 
           -530.20482               1.10125            -529.10358              88.74570 
           -530.19162               1.13726            -529.05436              91.64783 
           -530.49684               1.55751            -528.93933             125.51388 
           -530.37898               1.55640            -528.82259             125.42442 
           -530.01892               1.25319            -528.76573             100.98996 
           -530.51158               1.73456            -528.77702             139.78218 
           -530.40502               1.63000            -528.77502             131.35558 
           -530.15124               1.30888            -528.84236             105.47834 
           -530.26112               1.27608            -528.98504             102.83513 
           -530.71413               1.63529            -529.07884             131.78229 
           -530.36560               1.27472            -529.09088             102.72482 
           -530.39118               1.33281            -529.05837             107.40658 
           -530.29891               1.28936            -529.00955             103.90471 
           -530.45980               1.52747            -528.93234             123.09299 
           -530.16181               1.38130            -528.78052             111.31373 
           -530.31376               1.58534            -528.72842             127.75731 
           -530.52154               1.75532            -528.76621             141.45533 
           -530.36397               1.55323            -528.81075             125.16889 
           -530.00210               1.12066            -528.88144              90.31016 
           -530.13962               1.16131            -528.97832              93.58544 
           -530.71888               1.61632            -529.10256             130.25336 
           -530.25638               1.13247            -529.12390              91.26209 
           -530.14468               1.11185            -529.03283              89.59976 
           -530.39419               1.41709            -528.97711             114.19810 
           -530.29202               1.39200            -528.90002             112.17635 
           -530.06978               1.27678            -528.79300             102.89112 
           -530.20391               1.47237            -528.73155             118.65277 
           -530.59143               1.83175            -528.75968             147.61420 
           -530.19174               1.34550            -528.84624             108.42931 
           -530.10103               1.18602            -528.91501              95.57689 
           -530.40565               1.42378            -528.98187             114.73740 
           -530.40993               1.32992            -529.08001             107.17377 
           -530.35968               1.25695            -529.10272             101.29340 
           -529.97280               0.95786            -529.01494              77.19018 
           -530.48683               1.56523            -528.92160             126.13606 
           -530.30907               1.45886            -528.85022             117.56395 
           -530.08566               1.29131            -528.79435             104.06179 
           -530.34819               1.62537            -528.72281             130.98308 
           -530.51312               1.77423            -528.73889             142.97897 
           -530.14532               1.27940            -528.86592             103.10235 
           -530.15308               1.18537            -528.96771              95.52471 
           -530.36118               1.35069            -529.01049             108.84742 
           -530.51162               1.43935            -529.07228             115.99195 
           -530.07894               0.97643            -529.10251              78.68738 
           -530.37931               1.32694            -529.05238             106.93299 
           -530.42301               1.51297            -528.91004             121.92496 
           -530.21003               1.41069            -528.79934             113.68241 
           -530.19675               1.40608            -528.79067             113.31111 
           -530.33959               1.56551            -528.77407             126.15923 
           -530.50557               1.75065            -528.75492             141.07831 
           -530.17048               1.32682            -528.84366             106.92397 
           -530.07800               1.10334            -528.97466              88.91425 
           -530.48048               1.42891            -529.05157             115.15096 
           -530.09182               1.04847            -529.04335              84.49251 
           -530.12825               1.09983            -529.02842              88.63142 
           -530.36529               1.35624            -529.00904             109.29495 
           -530.43983               1.53525            -528.90458             123.72046 
           -530.09907               1.34284            -528.75623             108.21431 
           -530.19507               1.46931            -528.72576             118.40635 
           -530.50667               1.74708            -528.75959             140.79103 
           -530.21779               1.41244            -528.80534             113.82386 
           -530.08318               1.20883            -528.87435              97.41551 
           -530.33474               1.36318            -528.97156             109.85375 
           -530.62723               1.54061            -529.08662             124.15215 
           -530.49523               1.36938            -529.12586             110.35308 
           -530.43412               1.37291            -529.06121             110.63830 
           -530.61637               1.59729            -529.01908             128.72001 
           -530.82222               1.87557            -528.94665             151.14542 
           -530.28640               1.44030            -528.84609             116.06885 
           -530.55093               1.74857            -528.80236             140.91084 
           -531.33403               2.51604            -528.81799             202.75844 
           -531.41714               2.52095            -528.89619             203.15444 
           -531.48857               2.48417            -529.00440             200.19013 
           -532.48199               3.40860            -529.07339             274.68726 
           -534.14271               4.95983            -529.18289             399.69471 
           -536.87674               7.63767            -529.23907             615.49243 
           -540.50973              11.25649            -529.25324             907.12063 
           -545.49186              16.25933            -529.23252            1310.28183 
           -550.58870              21.37376            -529.21494            1722.43502 
           -551.98206              23.21606            -528.76600            1870.89984 
           -547.69657              19.94418            -527.75240            1607.23043 
           -546.24826              19.29415            -526.95411            1554.84706 
           -539.70843              13.65190            -526.05652            1100.15829 
           -534.51056               8.72681            -525.78375             703.26236 
           -534.47691               9.54910            -524.92781             769.52803 
           -536.44776              13.65590            -522.79185            1100.48073 
           -538.83284              18.09806            -520.73478            1458.45833 
           -543.32165              23.54443            -519.77722            1897.36208 
           -545.62961              26.33353            -519.29609            2122.12512 
           -542.10895              23.50604            -518.60292            1894.26775 
           -539.73149              21.66775            -518.06373            1746.12715 
           -533.12767              15.61127            -517.51640            1258.05645 
           -528.71940              11.35418            -517.36522             914.99260 
           -525.47594               8.36579            -517.11015             674.16911 
           -524.69139               8.19760            -516.49379             660.61562 
           -523.87098               7.86124            -516.00974             633.50951 
           -528.76041              12.77949            -515.98092            1029.85364 
           -529.38143              13.47373            -515.90770            1085.79974 
           -528.64985              12.81750            -515.83235            1032.91655 
           -525.74774               9.51968            -516.22806             767.15686 
           -524.68312               7.41129            -517.27183             597.24940 
           -529.07288              11.32896            -517.74392             912.96022 
           -531.00425              12.79327            -518.21098            1030.96389 
           -530.31798              11.77548            -518.54250             948.94369 
           -525.41712               6.78724            -518.62989             546.95914 
           -528.11051               9.36428            -518.74623             754.63363 
           -532.91497              14.10362            -518.81135            1136.56047 
           -534.69195              15.48607            -519.20588            1247.96692 
           -528.87515               9.37039            -519.50476             755.12646 
           -530.57539              11.73718            -518.83822             945.85718 
           -533.92965              15.31872            -518.61093            1234.48110 
           -525.95041               7.36028            -518.59014             593.13843 
           -529.58657              10.89624            -518.69033             878.08919 
           -535.97705              17.69203            -518.28502            1425.73770 
           -530.83834              13.46879            -517.36955            1085.40184 
           -532.34434              14.48683            -517.85751            1167.44177 
           -535.04516              17.51542            -517.52974            1411.50540 
           -532.79318              15.00930            -517.78388            1209.54604 
           -531.91436              13.63073            -518.28362            1098.45241 
           -528.94696              10.61521            -518.33175             855.44197 
           -532.56947              14.35591            -518.21355            1156.89182 
           -532.41809              14.29397            -518.12412            1151.90015 
           -529.18912              10.39016            -518.79896             837.30609 
           -532.88958              13.06349            -519.82609            1052.74055 
           -535.49959              15.06426            -520.43532            1213.97550 
           -537.75859              17.18455            -520.57404            1384.84168 
           -540.41586              19.33018            -521.08569            1557.75005 
           -537.02321              15.81830            -521.20491            1274.74057 
           -544.50227              22.67701            -521.82526            1827.45922 
           -541.23419              18.40790            -522.82629            1483.42721 
           -535.06556              12.26707            -522.79849             988.55948 
           -540.85285              17.35509            -523.49776            1398.58514 
           -539.55516              15.46610            -524.08907            1246.35772 
           -543.63638              19.11834            -524.51804            1540.67868 
           -544.12140              19.38463            -524.73677            1562.13861 
           -545.43485              20.19068            -525.24418            1627.09473 
           -539.34962              13.38225            -525.96737            1078.42815 
           -548.00650              20.84143            -527.16507            1679.53697 
           -547.13267              19.59056            -527.54210            1578.73388 
           -540.20648              12.45291            -527.75358            1003.53542 
           -540.19174              12.53054            -527.66120            1009.79195 
           -539.01942              11.67111            -527.34831             940.53307 
           -540.35789              13.32306            -527.03483            1073.65795 
           -540.11579              13.21256            -526.90322            1064.75352 
           -539.85366              12.61145            -527.24221            1016.31222 
           -541.02998              13.47206            -527.55793            1085.66509 
           -547.18503              19.27331            -527.91171            1553.16785 
           -545.27882              17.45442            -527.82440            1406.58974 
           -545.15197              17.34758            -527.80439            1397.97993 
           -549.44677              21.24778            -528.19899            1712.28324 
           -547.79726              19.40405            -528.39320            1563.70354 
           -548.62678              19.69685            -528.92993            1587.29874 
           -547.08770              18.27897            -528.80873            1473.03745 
           -549.21855              21.09307            -528.12548            1699.81553 
           -546.07302              17.74010            -528.33292            1429.61176 
           -546.25658              18.14060            -528.11598            1461.88628 
           -551.18948              22.83302            -528.35646            1840.03205 
           -546.95080              18.60509            -528.34572            1499.31764 
           -548.36126              20.10702            -528.25423            1620.35343 
           -549.35262              21.41882            -527.93380            1726.06672 
           -546.22971              18.22279            -528.00692            1468.50995 
           -542.69812              14.65545            -528.04266            1181.03069 
           -542.69552              14.92662            -527.76890            1202.88314 
           -539.72511              12.29097            -527.43414             990.48576 
           -539.66000              12.50640            -527.15360            1007.84621 
           -539.51966              12.72620            -526.79346            1025.55920 
           -538.60260              11.71795            -526.88466             944.30754 
           -541.48619              14.36640            -527.11979            1157.73706 
           -544.21510              17.17411            -527.04099            1384.00043 
           -544.61821              17.49701            -527.12120            1410.02165 
           -544.37573              17.40752            -526.96822            1402.80974 
           -547.79753              21.19615            -526.60138            1708.12220 
           -543.09430              17.03143            -526.06288            1372.50212 
           -543.09753              17.68522            -525.41232            1425.18868 
           -544.55105              20.11294            -524.43811            1620.83021 
           -539.78288              15.84018            -523.94270            1276.50370 
           -538.52909              15.17901            -523.35008            1223.22234 
           -539.60135              16.71333            -522.88802            1346.86781 
           -542.81048              20.37565            -522.43483            1642.00141 
           -541.84306              20.55720            -521.28586            1656.63188 
           -541.97609              21.65992            -520.31617            1745.49599 
           -540.01897              19.73718            -520.28179            1590.54881 
           -536.70797              16.75071            -519.95726            1349.87975 
           -536.98746              17.28778            -519.69968            1393.16084 
           -534.47218              15.30501            -519.16717            1233.37610 
           -529.62579              10.96825            -518.65754             883.89207 
           -530.96496              12.90812            -518.05683            1040.21982 
           -531.94769              14.51725            -517.43043            1169.89364 
           -529.93576              12.83477            -517.10099            1034.30861 
           -529.71182              12.70675            -517.00507            1023.99190 
           -531.31702              14.35642            -516.96060            1156.93278 
           -532.16481              15.53480            -516.63001            1251.89443 
           -532.31471              16.49174            -515.82297            1329.01040 
           -532.96020              17.70614            -515.25406            1426.87507 
           -530.69786              16.61834            -514.07951            1339.21323 
           -529.36749              15.95720            -513.41029            1285.93424 
           -525.24499              12.38723            -512.85776             998.24257 
           -527.30518              15.76002            -511.54516            1270.04395 
           -523.46285              12.98976            -510.47309            1046.79859 
           -524.49529              15.69808            -508.79722            1265.05226 
           -525.53039              17.67962            -507.85077            1424.73759 
           -525.70604              18.33453            -507.37151            1477.51456 
           -526.65325              19.72890            -506.92435            1589.88166 
           -522.78855              16.64637            -506.14219            1341.47158 
           -521.14208              15.43270            -505.70938            1243.66670 
           -518.92128              13.91342            -505.00786            1121.23303 
           -518.29098              13.69668            -504.59430            1103.76664 
           -516.29168              11.96436            -504.32731             964.16556 
           -515.55458              11.41117            -504.14341             919.58550 
           -514.39725              10.40195            -503.99530             838.25608 
           -517.51609              13.55578            -503.96030            1092.41228 
           -516.06507              12.32022            -503.74486             992.84245 
           -515.34282              11.68088            -503.66194             941.32059 
           -518.08517              14.33154            -503.75363            1154.92764 
           -520.44118              16.86721            -503.57397            1359.26828 
           -518.28492              14.91967            -503.36524            1202.32328 
           -519.71549              16.39060            -503.32489            1320.86013 
           -522.81823              19.46463            -503.35360            1568.58549 
           -518.18456              15.12947            -503.05509            1219.23026 
           -520.45491              17.28493            -503.16998            1392.93100 
           -521.55839              18.45788            -503.10051            1487.45514 
           -522.61140              19.54800            -503.06340            1575.30372 
           -523.91824              20.86165            -503.05659            1681.16612 
           -522.78487              19.68178            -503.10309            1586.08450 
           -523.28164              20.05425            -503.22738            1616.10092 
           -524.43282              20.95607            -503.47674            1688.77531 
           -526.29281              22.18890            -504.10392            1788.12416 
           -529.00838              24.71372            -504.29466            1991.59066 
           -528.63436              24.48023            -504.15413            1972.77431 
           -525.01297              21.30209            -503.71088            1716.65997 
           -526.83619              23.13283            -503.70335            1864.19281 
           -525.41877              21.40602            -504.01275            1725.03487 
           -527.69033              23.32927            -504.36106            1880.02244 
           -532.93976              28.32553            -504.61424            2282.65359 
           -526.28864              21.37715            -504.91149            1722.70884 
           -533.69091              28.55465            -505.13626            2301.11735 
           -526.62230              21.47376            -505.14854            1730.49394 
           -532.63383              26.62510            -506.00872            2145.62237 
           -529.61613              23.55628            -506.05985            1898.31681 
           -536.45908              30.08544            -506.37364            2424.47887 
           -533.31981              26.96690            -506.35290            2173.16661 
           -538.14324              31.12929            -507.01396            2508.59857 
           -532.41330              25.47208            -506.94121            2052.70459 
           -533.54975              26.87644            -506.67331            2165.87672 
           -533.39197              26.29133            -507.10064            2118.72444 
           -535.52855              27.98368            -507.54487            2255.10523 
           -532.40486              24.69405            -507.71081            1990.00554 
           -538.98015              30.85088            -508.12927            2486.16228 
           -529.95494              21.85860            -508.09635            1761.50656 
           -532.24724              23.98511            -508.26214            1932.87451 
           -534.44585              26.34417            -508.10168            2122.98305 
           -532.68695              24.67724            -508.00971            1988.65067 
           -530.54104              22.23759            -508.30345            1792.04858 
           -529.85857              21.70955            -508.14903            1749.49517 
           -535.76806              27.57871            -508.18936            2222.46991 
