           -503.95142               1.16767            -502.78375              94.09816 
           -504.53937               1.85266            -502.68670             149.29967 
           -503.69481               1.06596            -502.62886              85.90167 
           -504.08094               1.46276            -502.61818             117.87860 
           -504.54355               2.02593            -502.51762             163.26255 
           -504.13984               1.63127            -502.50857             131.45848 
           -504.07251               1.46065            -502.61185             117.70892 
           -504.32649               1.62903            -502.69746             131.27760 
           -504.61419               1.87729            -502.73690             151.28410 
           -504.43472               1.67291            -502.76181             134.81383 
           -504.46913               1.63406            -502.83506             131.68323 
           -504.81947               2.00317            -502.81630             161.42844 
           -504.74591               2.08022            -502.66568             167.63773 
           -504.43920               1.86110            -502.57810             149.97924 
           -504.78532               2.19636            -502.58896             176.99680 
           -505.49825               2.93585            -502.56240             236.58977 
           -505.11903               2.61746            -502.50157             210.93165 
           -504.98693               2.42132            -502.56562             195.12537 
           -505.46307               2.75917            -502.70390             222.35169 
           -505.63188               2.87299            -502.75889             231.52443 
           -505.28556               2.55283            -502.73273             205.72359 
           -505.88387               3.12190            -502.76197             251.58271 
           -506.09623               3.31728            -502.77895             267.32760 
           -505.95903               3.30203            -502.65700             266.09900 
           -506.03059               3.49026            -502.54032             281.26799 
           -506.63435               4.10904            -502.52531             331.13275 
           -506.51513               3.96983            -502.54529             319.91484 
           -506.70873               4.14176            -502.56697             333.76988 
           -506.96448               4.37336            -502.59113             352.43318 
           -507.23956               4.54167            -502.69788             365.99740 
           -507.64751               4.83029            -502.81722             389.25575 
           -507.46363               4.68742            -502.77620             377.74274 
           -508.22740               5.46635            -502.76106             440.51333 
           -508.43957               5.70199            -502.73758             459.50347 
           -508.26369               5.59019            -502.67349             450.49390 
           -508.29517               5.73444            -502.56072             462.11820 
           -509.28114               6.78191            -502.49923             546.53030 
           -509.32960               6.77952            -502.55008             546.33772 
           -509.17262               6.57432            -502.59830             529.80102 
           -509.89440               7.28715            -502.60725             587.24568 
           -510.15137               7.44501            -502.70636             599.96714 
           -510.15303               7.37149            -502.78154             594.04182 
           -510.44235               7.64954            -502.79281             616.44915 
           -511.13183               8.37529            -502.75654             674.93486 
           -511.47696               8.78958            -502.68738             708.32087 
           -511.42094               8.75686            -502.66408             705.68440 
           -511.98598               9.40598            -502.58000             757.99461 
           -512.67940              10.19396            -502.48544             821.49457 
           -513.28844              10.75060            -502.53784             866.35280 
           -514.39488              11.77645            -502.61843             949.02206 
           -517.27083              14.60371            -502.66712            1176.86121 
           -521.77579              19.03490            -502.74090            1533.95446 
           -522.61566              19.81457            -502.80109            1596.78544 
           -524.02921              21.13621            -502.89301            1703.29191 
           -520.98750              17.99356            -502.99394            1450.03712 
           -515.08211              12.18364            -502.89848             981.83594 
           -509.43382               6.28124            -503.15258             506.18245 
           -512.14541               8.11959            -504.02582             654.32873 
           -515.91093              11.14515            -504.76579             898.14758 
           -522.45468              16.54581            -505.90887            1333.36803 
           -526.96544              19.89219            -507.07325            1603.04088 
           -525.55470              17.67756            -507.87714            1424.57167 
           -523.40143              14.98337            -508.41806            1207.45685 
           -523.53635              14.52883            -509.00752            1170.82649 
           -517.54781               7.97726            -509.57055             642.85890 
           -517.36073               7.05370            -510.30703             568.43283 
           -516.85881               6.03487            -510.82394             486.32889 
           -518.54646               7.47124            -511.07522             602.08099 
           -519.04658               7.86866            -511.17791             634.10766 
           -519.77876               8.37142            -511.40735             674.62283 
           -524.74443              12.98560            -511.75883            1046.46328 
           -523.91324              12.18619            -511.72705             982.04166 
           -528.94504              17.05672            -511.88832            1374.54049 
           -530.25429              18.18098            -512.07331            1465.14043 
           -531.17448              18.89996            -512.27452            1523.08014 
           -529.72805              16.81758            -512.91047            1355.26894 
           -531.40161              17.71762            -513.68399            1427.80015 
           -528.61565              14.35918            -514.25647            1157.15549 
           -526.31730              10.98460            -515.33270             885.21009 
           -526.72235              10.63918            -516.08317             857.37392 
           -534.81302              17.75541            -517.05761            1430.84535 
           -534.94673              17.11612            -517.83061            1379.32690 
           -535.17052              17.64483            -517.52569            1421.93369 
           -531.36894              14.10357            -517.26537            1136.55642 
           -532.35725              14.97298            -517.38427            1206.61880 
           -534.34358              16.83171            -517.51186            1356.40794 
           -529.62034              11.85670            -517.76365             955.48917 
           -528.01964              10.05966            -517.95999             810.67185 
           -526.56844               8.45092            -518.11752             681.02939 
           -527.39357               8.89871            -518.49486             717.11536 
           -528.13148               9.47976            -518.65171             763.94041 
           -531.37306              12.90880            -518.46426            1040.27411 
           -534.66339              16.13240            -518.53099            1300.05233 
           -532.25971              13.17113            -519.08858            1061.41443 
           -538.10549              18.55163            -519.55386            1495.01020 
           -539.00701              20.04214            -518.96487            1615.12476 
           -537.15575              18.16739            -518.98835            1464.04569 
           -536.01786              16.85592            -519.16195            1358.35820 
           -535.34154              16.05983            -519.28170            1294.20471 
           -532.68453              13.01816            -519.66637            1049.08687 
           -530.28051              10.87334            -519.40717             876.24409 
           -539.27083              19.40263            -519.86820            1563.58906 
           -539.23841              19.10455            -520.13386            1539.56753 
           -536.33646              17.17548            -519.16098            1384.11042 
           -534.02962              15.33095            -518.69867            1235.46658 
           -535.33320              16.64259            -518.69061            1341.16698 
           -532.49039              13.89385            -518.59654            1119.65614 
           -530.17014              11.71184            -518.45830             943.81573 
           -528.96438              10.62374            -518.34064             856.12970 
           -526.43182               8.22603            -518.20579             662.90664 
           -530.03599              11.55060            -518.48539             930.82158 
           -528.51411              10.08133            -518.43278             812.41821 
           -531.30045              13.17761            -518.12284            1061.93686 
           -531.30559              13.41307            -517.89252            1080.91140 
           -533.13464              15.33964            -517.79499            1236.16740 
           -533.83359              16.33760            -517.49599            1316.58919 
           -534.54876              17.47846            -517.07030            1408.52706 
           -533.78479              17.23544            -516.54936            1388.94251 
           -531.70919              15.34805            -516.36114            1236.84447 
           -528.36426              13.02220            -515.34206            1049.41288 
           -529.73424              14.58057            -515.15367            1174.99629 
           -527.44481              13.43272            -514.01209            1082.49510 
           -527.34289              14.19557            -513.14732            1143.97080 
           -530.57996              17.73515            -512.84481            1429.21244 
           -529.25777              17.40665            -511.85112            1402.74006 
           -529.80310              18.55249            -511.25061            1495.07922 
           -528.89321              18.11179            -510.78141            1459.56491 
           -526.15996              16.00648            -510.15348            1289.90500 
           -521.82188              12.25734            -509.56454             987.77536 
           -520.59622              11.26924            -509.32698             908.14797 
           -519.31685              10.14585            -509.17100             817.61802 
           -516.91703               8.11800            -508.79903             654.20064 
           -519.56980              11.07185            -508.49795             892.24137 
           -518.24968              10.07494            -508.17474             811.90339 
           -519.66081              11.82867            -507.83213             953.23079 
           -519.36288              12.08417            -507.27872             973.82008 
           -520.40376              13.43768            -506.96607            1082.89493 
           -522.22409              15.49251            -506.73158            1248.48619 
           -520.73132              14.60811            -506.12321            1177.21535 
           -517.90347              13.05532            -504.84815            1052.08177 
           -516.72437              12.71059            -504.01378            1024.30123 
           -514.00178              10.90553            -503.09625             878.83786 
           -513.97949              12.00974            -501.96976             967.82181 
           -513.06452              12.20121            -500.86331             983.25203 
           -514.07256              14.42996            -499.64260            1162.85935 
           -515.20788              16.54878            -498.65910            1333.60739 
           -513.12558              15.18123            -497.94435            1223.40116 
           -512.99744              15.92871            -497.06873            1283.63769 
           -510.44534              13.99542            -496.44993            1127.84084 
           -508.98091              13.23331            -495.74760            1066.42544 
           -507.10268              11.91937            -495.18331             960.53991 
           -505.48032              10.55033            -494.92999             850.21345 
           -506.14602              11.30447            -494.84156             910.98687 
           -505.19440              10.62531            -494.56908             856.25622 
           -505.70313              11.12321            -494.57992             896.38001 
           -505.69019              11.14156            -494.54863             897.85868 
           -507.97038              13.51478            -494.45560            1089.10791 
           -509.24251              14.91651            -494.32600            1202.06811 
           -512.19874              17.91497            -494.28377            1443.70335 
           -512.11305              17.88111            -494.23195            1440.97480 
           -515.13914              20.59540            -494.54374            1659.70968 
           -516.78782              21.97779            -494.81003            1771.11185 
           -517.86659              22.23717            -495.62942            1792.01462 
           -516.51221              19.82785            -496.68435            1597.85612 
           -515.97594              18.48438            -497.49156            1489.59013 
           -514.97412              16.64314            -498.33098            1341.21111 
           -519.05963              19.99937            -499.06026            1611.67774 
           -516.21924              16.78349            -499.43574            1352.52212 
           -521.32125              20.69935            -500.62189            1668.08718 
           -521.23501              19.95686            -501.27816            1608.25216 
           -519.73250              18.07518            -501.65731            1456.61481 
           -522.41134              20.02376            -502.38757            1613.64377 
           -519.99142              17.31540            -502.67602            1395.38614 
           -520.48588              17.76468            -502.72120            1431.59219 
           -518.30424              15.31179            -502.99246            1233.92244 
           -521.73779              18.29555            -503.44224            1474.37363 
           -520.16142              16.48837            -503.67305            1328.73883 
           -519.59008              15.47901            -504.11107            1247.39866 
           -522.66317              18.02760            -504.63557            1452.77998 
           -521.84337              17.06108            -504.78230            1374.89135 
           -528.07414              23.04479            -505.02934            1857.09792 
           -525.65017              20.41764            -505.23253            1645.38514 
           -526.99109              21.45895            -505.53214            1729.30015 
           -527.64415              21.48627            -506.15788            1731.50185 
           -526.64733              20.08821            -506.55913            1618.83729 
           -525.75585              18.59024            -507.16561            1498.12125 
           -528.79250              21.39641            -507.39608            1724.26087 
           -529.58986              21.94091            -507.64895            1768.14024 
           -529.10006              20.81246            -508.28760            1677.20191 
           -530.72552              22.47127            -508.25425            1810.87955 
           -528.89321              20.39826            -508.49495            1643.82305 
           -533.53597              24.72287            -508.81310            1992.32820 
           -528.41579              19.60858            -508.80721            1580.18575 
           -529.70240              20.69821            -509.00419            1667.99532 
           -528.19207              19.09997            -509.09210            1539.19836 
           -527.30623              18.10643            -509.19980            1459.13288 
           -526.82807              17.63663            -509.19144            1421.27347 
           -526.51527              17.38555            -509.12972            1401.03965 
           -527.61006              18.54795            -509.06211            1494.71310 
           -528.08102              18.81879            -509.26223            1516.53894 
           -528.99923              19.51741            -509.48182            1572.83892 
           -530.02697              20.47625            -509.55073            1650.10805 
           -530.04982              20.75326            -509.29656            1672.43149 
           -530.06524              21.09467            -508.97057            1699.94418 
           -530.18357              21.23484            -508.94873            1711.23995 
           -527.89352              18.97025            -508.92327            1528.74526 
           -529.42170              20.42655            -508.99515            1646.10315 
           -527.14665              18.41336            -508.73330            1483.86710 
           -529.08708              20.61745            -508.46963            1661.48657 
           -528.45527              20.09553            -508.35974            1619.42725 
           -527.30310              19.45693            -507.84617            1567.96513 
           -529.97932              22.23709            -507.74223            1792.00772 
           -531.60764              24.30837            -507.29927            1958.92509 
           -527.34373              20.48345            -506.86028            1650.68802 
           -526.48657              19.65657            -506.82999            1584.05339 
           -525.34041              18.69532            -506.64509            1506.58956 
           -525.12972              19.09331            -506.03641            1538.66221 
           -520.72059              15.08305            -505.63754            1215.48948 
           -520.59804              15.22769            -505.37035            1227.14557 
           -519.75396              14.90911            -504.84485            1201.47215 
           -518.73014              14.04943            -504.68070            1132.19383 
           -522.70568              17.95346            -504.75222            1446.80514 
           -522.94963              18.33504            -504.61459            1477.55545 
           -521.98207              17.77314            -504.20894            1432.27373 
           -522.65930              18.90856            -503.75074            1523.77354 
           -523.72354              20.50944            -503.21410            1652.78256 
           -522.51220              20.14569            -502.36651            1623.46961 
           -518.92362              17.18472            -501.73890            1384.85560 
           -520.15056              18.67222            -501.47834            1504.72811 
           -518.64822              18.33257            -500.31566            1477.35637 
           -518.26845              18.54287            -499.72558            1494.30427 
           -518.86546              19.99010            -498.87536            1610.93101 
           -520.37092              22.36513            -498.00579            1802.32611 
           -518.61155              21.28971            -497.32183            1715.66219 
           -514.66714              18.10777            -496.55937            1459.24092 
           -516.55723              20.07990            -496.47734            1618.16746 
           -515.47286              19.48532            -495.98754            1570.25223 
           -511.70629              16.52055            -495.18574            1331.33222 
           -511.58940              16.89469            -494.69471            1361.48322 
           -507.68840              13.89426            -493.79414            1119.68925 
           -508.48854              15.08406            -493.40448            1215.57061 
           -507.84168              14.65911            -493.18257            1181.32563 
           -509.02896              16.13721            -492.89175            1300.44038 
           -508.11160              15.74023            -492.37137            1268.44926 
           -508.88730              17.15629            -491.73101            1382.56465 
           -508.92845              17.57616            -491.35229            1416.39982 
           -507.10140              16.49793            -490.60346            1329.50982 
           -505.11335              15.37188            -489.74148            1238.76477 
           -504.94068              15.95812            -488.98256            1286.00779 
           -508.80245              20.38959            -488.41286            1643.12472 
           -506.19987              18.36792            -487.83195            1480.20539 
           -504.35382              17.50892            -486.84490            1410.98128 
           -505.67365              19.05394            -486.61971            1535.48918 
           -508.43954              21.58115            -486.85839            1739.14807 
           -505.43762              18.82319            -486.61443            1516.89415 
           -506.74073              20.27457            -486.46616            1633.85546 
           -506.59275              20.24254            -486.35021            1631.27393 
           -506.14662              19.75938            -486.38724            1592.33830 
           -505.54952              18.93470            -486.61482            1525.88015 
           -502.24800              15.76379            -486.48421            1270.34799 
           -504.59787              17.97484            -486.62303            1448.52803 
           -504.42147              17.74466            -486.67681            1429.97917 
           -504.19366              17.09224            -487.10142            1377.40295 
           -506.04030              18.70049            -487.33981            1507.00554 
           -510.32332              22.80901            -487.51432            1838.09668 
           -511.73105              24.16596            -487.56509            1947.44880 
           -511.28313              22.95618            -488.32695            1849.95694 
           -510.55428              21.47406            -489.08021            1730.51837 
           -515.46508              26.09768            -489.36741            2103.11896 
           -512.57861              23.07728            -489.50133            1859.71605 
           -513.11176              23.35220            -489.75956            1881.87095 
           -511.77562              21.14303            -490.63259            1703.84180 
           -515.68923              23.76250            -491.92673            1914.93550 
           -512.97377              20.52401            -492.44976            1653.95727 
           -515.60779              22.93691            -492.67088            1848.40373 
           -519.92150              26.46989            -493.45161            2133.11455 
           -516.96037              23.30262            -493.65776            1877.87492 
           -518.98588              25.08006            -493.90582            2021.11241 
           -515.17296              20.91731            -494.25564            1685.65184 
           -514.86368              20.26620            -494.59748            1633.18114 
           -514.76995              19.89055            -494.87940            1602.90879 
           -517.88136              22.73448            -495.14688            1832.09055 
           -514.51943              19.45988            -495.05955            1568.20243 
           -515.44417              19.88852            -495.55565            1602.74500 
           -519.25940              23.34363            -495.91577            1881.18009 
           -519.43469              23.16864            -496.26605            1867.07794 
           -514.92144              18.93872            -495.98272            1526.20403 
           -520.82537              24.53487            -496.29049            1977.17796 
           -521.26010              25.04169            -496.21840            2018.02107 
           -522.66316              26.32633            -496.33683            2121.54537 
           -526.53723              29.60776            -496.92948            2385.98370 
           -522.06793              25.29851            -496.76942            2038.71677 
           -525.27852              28.01399            -497.26453            2257.54750 
           -522.55741              24.98584            -497.57157            2013.52022 
           -524.23923              26.42702            -497.81221            2129.65960 
           -524.89863              27.15590            -497.74273            2188.39751 
           -522.14616              24.77776            -497.36840            1996.75115 
           -523.74969              26.56877            -497.18092            2141.08235 
           -521.90351              24.64930            -497.25420            1986.39973 
           -521.14331              23.72613            -497.41717            1912.00466 
           -521.48823              24.00104            -497.48719            1934.15868 
           -518.22276              20.99643            -497.22633            1692.02787 
           -518.55026              21.29570            -497.25456            1716.14435 
           -520.95401              23.36681            -497.58721            1883.04770 
           -519.93759              22.53175            -497.40584            1815.75319 
           -518.23925              20.78661            -497.45264            1675.11903 
           -519.73680              22.27262            -497.46418            1794.87109 
           -519.32551              21.95787            -497.36764            1769.50682 
           -516.71467              20.08112            -496.63355            1618.26613 
           -520.03657              23.48903            -496.54754            1892.89725 
           -517.71046              21.35173            -496.35873            1720.65987 
           -522.59076              26.20022            -496.39054            2111.38218 
           -524.64503              28.02453            -496.62049            2258.39739 
           -522.10630              26.08292            -496.02338            2101.92992 
           -520.87535              25.24358            -495.63177            2034.29004 
           -523.55153              27.75983            -495.79169            2237.06609 
           -520.08852              24.89910            -495.18942            2006.52969 
           -521.39038              26.65724            -494.73314            2148.21228 
           -517.73740              23.93539            -493.80201            1928.86773 
           -518.52925              25.64622            -492.88303            2066.73769 
           -518.22936              25.76646            -492.46290            2076.42708 
           -516.07249              24.23826            -491.83423            1953.27504 
           -518.37521              26.16726            -492.20795            2108.72616 
           -517.71627              25.64640            -492.06987            2066.75207 
           -513.20687              21.55324            -491.65362            1736.89929 
           -511.96538              20.85753            -491.10786            1680.83408 
           -510.05005              19.10044            -490.94961            1539.23670 
           -511.69053              21.06845            -490.62208            1697.83172 
           -512.47052              22.16108            -490.30945            1785.88240 
           -508.55554              18.95877            -489.59676            1527.82015 
           -509.97626              20.78098            -489.19528            1674.66522 
           -515.06517              25.97992            -489.08525            2093.62968 
           -510.89474              22.58382            -488.31092            1819.94958 
           -512.84189              24.95226            -487.88963            2010.81390 
           -510.16280              23.47405            -486.68875            1891.68980 
           -512.68392              26.31626            -486.36765            2120.73398 
           -506.95865              21.06915            -485.88949            1697.88792 
           -508.63087              23.66542            -484.96545            1907.11205 
           -509.09975              24.28803            -484.81172            1957.28597 
           -507.85480              24.37291            -483.48189            1964.12608 
           -503.28704              20.96208            -482.32496            1689.25928 
           -503.56190              21.89961            -481.66229            1764.81135 
           -503.37561              22.47979            -480.89582            1811.56591 
           -501.27886              20.96891            -480.30994            1689.81022 
           -502.44776              22.61868            -479.82908            1822.75886 
           -501.97383              22.73685            -479.23697            1832.28219 
           -496.58207              18.02331            -478.55876            1452.43428 
           -496.83725              18.50353            -478.33372            1491.13382 
           -501.53083              23.34625            -478.18458            1881.39101 
           -497.45388              19.69346            -477.76042            1587.02583 
           -497.92947              20.56901            -477.36046            1657.58342 
           -499.47421              22.22850            -477.24571            1791.31569 
           -499.50217              22.50911            -476.99306            1813.92903 
           -498.08197              20.93268            -477.14928            1686.89050 
           -498.16521              21.11532            -477.04988            1701.60864 
           -499.48410              22.84603            -476.63807            1841.08031 
           -501.23563              24.00065            -477.23498            1934.12688 
           -502.23302              24.79785            -477.43517            1998.37069 
           -500.77373              23.25411            -477.51962            1873.96601 
           -501.75149              24.23435            -477.51713            1952.96036 
           -501.71969              23.68422            -478.03546            1908.62731 
           -504.87698              26.25800            -478.61898            2116.03892 
           -502.50778              23.31404            -479.19373            1878.79586 
           -506.62239              27.02432            -479.59807            2177.79413 
           -503.20352              22.98024            -480.22327            1851.89607 
           -508.47345              27.67499            -480.79846            2230.22897 
           -509.67371              28.22278            -481.45093            2274.37340 
           -508.25295              26.14714            -482.10581            2107.10512 
           -511.17767              28.63178            -482.54588            2307.33347 
           -511.56122              28.59493            -482.96629            2304.36367 
           -505.12865              22.22351            -482.90513            1790.91365 
           -514.94475              31.08842            -483.85633            2505.30530 
           -511.95226              28.05772            -483.89454            2261.07196 
           -511.88740              27.41170            -484.47570            2209.01105 
           -509.32930              24.29319            -485.03611            1957.70210 
           -508.50833              23.24975            -485.25858            1873.61455 
           -513.77839              27.26377            -486.51461            2197.09040 
           -512.64612              26.21956            -486.42657            2112.94073 
           -514.47099              27.90428            -486.56671            2248.70677 
           -515.63439              29.04621            -486.58818            2340.73051 
           -513.83981              26.85281            -486.98699            2163.97266 
           -513.16735              25.77127            -487.39609            2076.81479 
           -517.74488              30.15865            -487.58622            2430.37845 
           -517.16680              29.45392            -487.71288            2373.58662 
           -513.54926              25.84251            -487.70675            2082.55614 
           -514.70605              26.98219            -487.72386            2174.39856 
           -515.07206              26.94401            -488.12806            2171.32149 
           -514.42284              25.80124            -488.62160            2079.22987 
           -519.43923              30.96015            -488.47908            2494.96807 
           -515.23186              26.49733            -488.73453            2135.32578 
           -518.28849              29.37436            -488.91413            2367.17483 
           -518.05819              29.24329            -488.81489            2356.61292 
           -515.69867              26.70022            -488.99846            2151.67542 
           -517.80529              28.17102            -489.63427            2270.20227 
           -518.53723              28.80656            -489.73067            2321.41848 
           -518.03442              28.58904            -489.44538            2303.88890 
           -520.52429              30.89514            -489.62915            2489.72947 
           -518.82330              29.07019            -489.75311            2342.66294 
           -517.06017              27.32157            -489.73860            2201.74779 
           -517.57675              28.05041            -489.52634            2260.48292 
           -513.59413              24.21060            -489.38353            1951.04597 
           -514.64730              25.17641            -489.47088            2028.87743 
           -518.38380              28.88878            -489.49502            2328.04379 
           -516.77819              27.71199            -489.06620            2233.21086 
           -517.30347              28.13887            -489.16459            2267.61178 
           -515.69760              26.57026            -489.12734            2141.20231 
           -517.30761              28.24810            -489.05951            2276.41385 
           -513.96544              25.34010            -488.62534            2042.06828 
           -516.83205              28.11500            -488.71705            2265.68762 
           -520.12686              31.37801            -488.74885            2528.64183 
           -514.24184              25.76043            -488.48141            2075.94117 
           -519.81816              31.71950            -488.09866            2556.16163 
           -518.07924              30.28751            -487.79174            2440.76233 
           -515.00604              27.59403            -487.41202            2223.70438 
           -517.80378              30.83659            -486.96719            2485.01066 
           -516.37250              29.49554            -486.87695            2376.94095 
           -517.47216              30.81737            -486.65479            2483.46201 
           -515.96993              29.59444            -486.37549            2384.91038 
           -511.39349              26.05095            -485.34254            2099.35360 
           -516.74083              31.58994            -485.15088            2545.72105 
           -509.96756              25.12816            -484.83940            2024.98886 
           -512.01142              27.66470            -484.34672            2229.39938 
           -507.74106              23.42086            -484.32021            1887.40356 
           -510.32622              26.26317            -484.06306            2116.45535 
           -511.33255              27.86379            -483.46875            2245.44386 
           -506.06121              23.16291            -482.89830            1866.61652 
           -507.30159              24.83015            -482.47144            2000.97380 
           -507.89755              25.24135            -482.65620            2034.11042 
           -510.16517              27.76841            -482.39675            2237.75771 
           -508.08679              26.20411            -481.88268            2111.69611 
           -512.23323              30.58762            -481.64561            2464.94716 
           -505.95646              25.24813            -480.70833            2034.65673 
           -503.24035              23.20733            -480.03302            1870.19611 
           -505.81698              26.29486            -479.52213            2119.00906 
           -505.36864              26.11872            -479.24992            2104.81482 
           -504.36229              25.85910            -478.50320            2083.89268 
           -508.44560              30.36054            -478.08505            2446.64820 
           -506.26678              28.49924            -477.76753            2296.65257 
           -505.14116              27.87969            -477.26147            2246.72532 
           -499.36074              23.16939            -476.19135            1867.13879 
           -502.25752              26.48219            -475.77533            2134.10558 
           -500.04429              24.86642            -475.17787            2003.89599 
           -502.08713              27.39412            -474.69301            2207.59461 
           -502.88010              28.98905            -473.89106            2336.12398 
           -494.84047              21.76711            -473.07335            1754.13419 
           -499.44879              26.77118            -472.67761            2157.39419 
           -497.10735              24.87135            -472.23600            2004.29375 
           -494.70859              23.26769            -471.44091            1875.05995 
           -495.28934              24.02339            -471.26595            1935.95981 
           -499.56046              28.51834            -471.04212            2298.19151 
           -497.11675              26.68356            -470.43318            2150.33320 
           -499.55651              29.40378            -470.15273            2369.54623 
           -494.85700              24.79992            -470.05708            1998.53692 
           -494.29374              24.26645            -470.02729            1955.54649 
           -496.56831              26.70133            -469.86698            2151.76529 
           -495.79637              25.71539            -470.08098            2072.31174 
           -494.64392              24.64071            -470.00321            1985.70701 
           -497.13325              27.12262            -470.01063            2185.71547 
           -496.00673              25.70663            -470.30010            2071.60560 
           -496.07313              25.74893            -470.32420            2075.01491 
           -494.44712              24.10396            -470.34316            1942.45223 
           -496.08351              25.43860            -470.64491            2050.00652 
           -499.21361              29.00022            -470.21339            2337.02461 
           -494.00135              23.74774            -470.25361            1913.74559 
           -501.60052              30.65512            -470.94540            2470.38664 
           -498.67374              27.48947            -471.18427            2215.27826 
           -498.81376              27.62384            -471.18992            2226.10694 
           -500.47102              28.60920            -471.86183            2305.51331 
           -506.92152              35.18840            -471.73312            2835.70822 
           -508.75822              36.27389            -472.48432            2923.18377 
           -504.06340              30.69179            -473.37161            2473.34218 
           -507.82102              34.32829            -473.49274            2766.39448 
           -501.38938              27.69104            -473.69834            2231.52267 
           -502.21575              28.42948            -473.78627            2291.03056 
           -507.28981              33.37864            -473.91117            2689.86572 
           -506.65878              31.32687            -475.33191            2524.52137 
           -510.14369              34.39755            -475.74614            2771.97615 
           -510.72845              33.69444            -477.03401            2715.31466 
           -508.91334              32.21175            -476.70159            2595.82992 
           -515.23757              37.90432            -477.33325            3054.57392 
           -512.86466              35.59942            -477.26524            2868.83091 
           -507.81300              30.48413            -477.32887            2456.60782 
           -505.44375              28.14218            -477.30156            2267.87831 
           -511.44063              33.66964            -477.77099            2713.31664 
           -509.17199              31.22424            -477.94775            2516.25043 
           -508.77007              30.77106            -477.99900            2479.73041 
           -505.64571              27.35680            -478.28892            2204.58682 
           -504.21161              26.36635            -477.84526            2124.77007 
           -506.36231              28.42424            -477.93807            2290.60831 
           -511.13348              32.46672            -478.66677            2616.37727 
           -509.05518              30.54155            -478.51364            2461.23454 
           -515.35573              36.14607            -479.20966            2912.88322 
           -513.48187              34.26362            -479.21826            2761.18281 
           -511.84001              32.90809            -478.93192            2651.94614 
           -515.30803              36.20937            -479.09866            2917.98443 
           -516.97153              37.85280            -479.11873            3050.42210 
           -514.87024              35.08590            -479.78434            2827.44744 
           -513.19118              33.07832            -480.11287            2665.66379 
           -510.17576              30.88799            -479.28776            2489.15359 
           -518.16481              38.21068            -479.95414            3079.26249 
           -513.91715              34.48270            -479.43445            2778.83799 
           -516.18861              36.97625            -479.21235            2979.78473 
           -512.24831              33.23309            -479.01522            2678.13635 
           -515.42989              35.85983            -479.57006            2889.81628 
           -514.05406              35.39171            -478.66235            2852.09173 
           -511.16507              32.68873            -478.47634            2634.26852 
           -509.71555              30.90631            -478.80924            2490.62922 
           -510.56965              31.45189            -479.11776            2534.59554 
           -506.56920              27.74679            -478.82242            2236.01491 
           -506.57081              28.26546            -478.30535            2277.81257 
           -508.23217              30.33899            -477.89318            2444.91096 
           -511.77554              33.49588            -478.27965            2699.31406 
           -506.17684              28.18234            -477.99450            2271.11463 
           -511.58347              33.90504            -477.67843            2732.28627 
           -506.62115              29.08746            -477.53369            2344.05453 
           -509.47556              31.85836            -477.61719            2567.35200 
           -509.23271              31.99023            -477.24248            2577.97841 
           -511.52513              34.68368            -476.84146            2795.03403 
           -513.17251              36.26959            -476.90292            2922.83736 
           -509.28893              32.55419            -476.73475            2623.42592 
           -509.96063              33.88032            -476.08030            2730.29474 
           -506.14861              31.14618            -475.00243            2509.95962 
           -510.92547              36.09510            -474.83037            2908.77590 
           -507.11215              33.08025            -474.03190            2665.81972 
           -510.89638              36.85453            -474.04185            2969.97543 
           -509.21069              36.16195            -473.04874            2914.16273 
           -508.42992              35.85691            -472.57301            2889.58099 
           -502.21062              29.89660            -472.31402            2409.26081 
           -504.36670              32.66850            -471.69820            2632.63791 
           -503.98897              32.36107            -471.62790            2607.86332 
           -498.72194              27.55031            -471.17163            2220.18124 
           -500.76179              30.04379            -470.71800            2421.12223 
           -491.62665              21.22836            -470.39829            1710.71797 
           -497.78983              27.67176            -470.11808            2229.96828 
           -498.66664              29.18146            -469.48518            2351.63002 
           -500.64424              31.61397            -469.03026            2547.65746 
           -503.13840              34.21220            -468.92620            2757.03966 
           -501.59586              33.21092            -468.38494            2676.34996 
           -500.32382              32.29739            -468.02643            2602.73136 
           -499.69388              32.27117            -467.42271            2600.61882 
           -498.87642              32.16548            -466.71094            2592.10158 
           -499.39781              32.68684            -466.71097            2634.11589 
           -498.42161              32.63806            -465.78354            2630.18548 
           -497.40095              32.02182            -465.37913            2580.52437 
           -493.86043              29.07415            -464.78628            2342.98231 
           -495.09370              31.12476            -463.96894            2508.23343 
           -492.60692              29.19738            -463.40954            2352.91301 
           -498.04895              34.97306            -463.07589            2818.35467 
           -496.19855              33.24358            -462.95497            2678.98193 
           -498.08091              35.32973            -462.75117            2847.09754 
           -491.84164              29.38432            -462.45733            2367.97756 
           -494.82501              31.48601            -463.33900            2537.34530 
           -486.95044              23.99263            -462.95781            1933.48059 
           -487.72745              24.75102            -462.97643            1994.59671 
           -487.90079              25.29181            -462.60898            2038.17677 
           -485.08401              22.65073            -462.43328            1825.34152 
           -490.84894              28.03221            -462.81673            2259.01618 
           -483.82119              20.41764            -463.40355            1645.38500 
           -490.91881              27.55621            -463.36260            2220.65718 
           -492.85030              29.39103            -463.45927            2368.51883 
           -489.06582              25.67236            -463.39346            2068.84414 
           -491.94359              28.54450            -463.39909            2300.29942 
           -497.45893              33.55488            -463.90405            2704.06851 
           -497.77394              33.59778            -464.17616            2707.52580 
           -501.25897              36.83795            -464.42102            2968.63938 
           -502.23264              37.22472            -465.00792            2999.80786 
           -498.57962              32.71609            -465.86353            2636.47313 
           -501.82298              35.37424            -466.44875            2850.68371 
           -500.42286              33.45909            -466.96377            2696.34866 
           -503.71609              37.22920            -466.48688            3000.16902 
           -505.41189              38.31203            -467.09986            3087.42992 
           -504.84427              37.89458            -466.94969            3053.78962 
           -507.37740              39.43052            -467.94688            3177.56549 
           -503.33263              35.31295            -468.01968            2845.74481 
           -505.33422              36.85791            -468.47631            2970.24761 
           -501.72924              33.04935            -468.67989            2663.32955 
           -507.58025              38.76961            -468.81064            3124.30481 
           -500.03948              30.89558            -469.14390            2489.76503 
           -505.85392              35.52386            -470.33006            2862.74115 
           -506.12777              35.91373            -470.21404            2894.15960 
           -506.64276              36.21375            -470.42901            2918.33753 
           -502.65584              32.13811            -470.51773            2589.89627 
           -503.26429              32.48081            -470.78347            2617.51315 
           -501.93226              30.99723            -470.93503            2497.95627 
           -506.49188              35.77325            -470.71863            2882.83880 
           -504.69730              33.93640            -470.76090            2734.81370 
           -503.43500              32.22174            -471.21326            2596.63537 
           -504.14798              32.97002            -471.17796            2656.93639 
           -508.21000              36.22763            -471.98238            2919.45550 
           -507.93923              36.07268            -471.86655            2906.96891 
           -507.73041              35.68523            -472.04518            2875.74567 
           -507.20097              35.10593            -472.09504            2829.06208 
           -511.98642              38.93863            -473.04779            3137.92550 
           -507.52266              35.36249            -472.16017            2849.73720 
           -508.86575              36.51411            -472.35164            2942.54236 
           -503.85494              31.64613            -472.20881            2550.24874 
           -511.38471              38.46987            -472.91484            3100.15017 
           -509.04880              36.13089            -472.91791            2911.65947 
           -507.92574              35.37926            -472.54648            2851.08876 
           -508.07582              35.85194            -472.22388            2889.18041 
