           -524.98506               1.19354            -523.79153              96.18277 
           -525.26660               1.64280            -523.62380             132.38741 
           -524.74456               1.25523            -523.48934             101.15415 
           -524.92824               1.55741            -523.37083             125.50616 
           -525.37902               2.12874            -523.25028             171.54780 
           -525.02114               1.78740            -523.23373             144.04045 
           -524.71137               1.34665            -523.36472             108.52167 
           -524.64671               1.09368            -523.55304              88.13561 
           -524.85639               1.18000            -523.67639              95.09168 
           -525.13123               1.34891            -523.78232             108.70392 
           -524.85846               0.97822            -523.88024              78.83096 
           -525.18657               1.37165            -523.81492             110.53621 
           -525.11034               1.50274            -523.60760             121.10009 
           -524.56561               1.13240            -523.43321              91.25593 
           -524.89943               1.56610            -523.33333             126.20661 
           -525.63859               2.33994            -523.29865             188.56718 
           -525.14308               1.89302            -523.25006             152.55183 
           -524.67072               1.31097            -523.35975             105.64626 
           -524.78673               1.19962            -523.58711              96.67331 
           -525.25166               1.50189            -523.74976             121.03224 
           -524.85483               1.05792            -523.79691              85.25401 
           -524.87848               1.07611            -523.80237              86.71991 
           -524.95059               1.21257            -523.73802              97.71649 
           -524.80576               1.23821            -523.56755              99.78297 
           -524.79276               1.45844            -523.33432             117.53024 
           -524.96269               1.72544            -523.23724             139.04740 
           -525.16045               1.89764            -523.26280             152.92436 
           -525.15513               1.84707            -523.30805             148.84900 
           -524.67565               1.25911            -523.41654             101.46700 
           -524.91496               1.28764            -523.62731             103.76657 
           -525.38045               1.54263            -523.83782             124.31528 
           -524.97013               1.08972            -523.88041              87.81654 
           -525.19838               1.38083            -523.81755             111.27627 
           -525.32779               1.61023            -523.71756             129.76258 
           -524.84434               1.28857            -523.55577             103.84102 
           -524.70980               1.36403            -523.34577             109.92202 
           -525.21937               2.00503            -523.21433             161.57850 
           -525.27708               2.04061            -523.23647             164.44510 
           -525.03689               1.69657            -523.34032             136.72093 
           -524.72863               1.27331            -523.45532             102.61117 
           -525.15755               1.51856            -523.63899             122.37501 
           -525.04999               1.24206            -523.80793             100.09300 
           -525.08825               1.20715            -523.88110              97.27971 
           -525.08467               1.30585            -523.77882             105.23415 
           -525.47718               1.86048            -523.61670             149.92976 
           -524.96898               1.49124            -523.47774             120.17411 
           -524.85439               1.55068            -523.30371             124.96374 
           -525.42571               2.23902            -523.18669             180.43463 
           -525.31469               2.08454            -523.23015             167.98585 
           -524.96479               1.56082            -523.40397             125.78109 
           -525.00303               1.43384            -523.56919             115.54836 
           -525.13142               1.42825            -523.70317             115.09788 
           -525.16203               1.32239            -523.83964             106.56669 
           -525.25079               1.33456            -523.91623             107.54783 
           -525.41200               1.62505            -523.78695             130.95740 
           -525.06661               1.50442            -523.56219             121.23613 
           -525.04306               1.64817            -523.39489             132.82000 
           -524.93889               1.64770            -523.29119             132.78227 
           -525.61660               2.37389            -523.24271             191.30321 
           -525.44382               2.19948            -523.24434             177.24790 
           -525.12329               1.72237            -523.40092             138.79966 
           -525.41235               1.76196            -523.65039             141.99041 
           -525.55444               1.78813            -523.76631             144.09905 
           -525.24391               1.44449            -523.79942             116.40612 
           -525.16178               1.34966            -523.81212             108.76400 
           -525.70387               1.95106            -523.75281             157.22889 
           -525.36698               1.83517            -523.53181             147.88992 
           -524.98229               1.68794            -523.29435             136.02521 
           -525.63453               2.40066            -523.23387             193.46052 
           -525.54517               2.28270            -523.26247             183.95494 
           -525.28594               1.97807            -523.30787             159.40583 
           -525.19016               1.75036            -523.43980             141.05508 
           -525.32172               1.67233            -523.64940             134.76693 
           -525.57421               1.73559            -523.83863             139.86483 
           -525.47832               1.60960            -523.86872             129.71213 
           -525.43444               1.65088            -523.78356             133.03857 
           -525.62253               1.93386            -523.68867             155.84263 
           -525.45385               1.92983            -523.52402             155.51780 
           -525.33832               2.01066            -523.32767             162.03168 
           -525.66514               2.45912            -523.20602             198.17156 
           -525.87485               2.62409            -523.25076             211.46645 
           -525.42100               2.04281            -523.37819             164.62285 
           -525.46746               1.97482            -523.49265             159.14349 
           -526.04480               2.38374            -523.66106             192.09731 
           -525.58215               1.76068            -523.82147             141.88708 
           -525.48804               1.64316            -523.84488             132.41678 
           -525.75810               2.02106            -523.73703             162.87011 
           -525.70634               2.12936            -523.57698             171.59726 
           -525.56961               2.12180            -523.44780             170.98871 
           -525.68088               2.37924            -523.30164             191.73415 
           -525.94729               2.74520            -523.20209             221.22577 
           -525.91533               2.66062            -523.25471             214.40970 
           -525.66378               2.23204            -523.43175             179.87192 
           -525.86791               2.27007            -523.59783             182.93708 
           -526.23194               2.50337            -523.72857             201.73766 
           -526.22594               2.37773            -523.84821             191.61265 
           -525.88888               1.99135            -523.89753             160.47576 
           -526.17065               2.39958            -523.77107             193.37346 
           -526.07963               2.50916            -523.57048             202.20388 
           -525.78958               2.40022            -523.38936             193.42505 
           -526.01213               2.71510            -523.29703             218.80006 
           -526.23333               2.98956            -523.24378             240.91786 
           -526.07618               2.82114            -523.25504             227.34593 
           -526.01943               2.57427            -523.44516             207.45099 
           -526.27683               2.61009            -523.66673             210.33808 
           -526.29767               2.53105            -523.76662             203.96830 
           -526.09438               2.29175            -523.80262             184.68428 
           -526.18548               2.38962            -523.79586             192.57087 
           -526.47029               2.75491            -523.71539             222.00820 
           -526.46544               2.94513            -523.52031             237.33760 
           -525.99676               2.70268            -523.29409             217.79897 
           -526.59037               3.32835            -523.26202             268.21969 
           -526.67415               3.39062            -523.28353             273.23765 
           -526.26363               2.92511            -523.33852             235.72413 
           -526.27216               2.78299            -523.48917             224.27112 
           -526.67375               2.98516            -523.68859             240.56351 
           -526.49022               2.65826            -523.83196             214.21965 
           -526.40529               2.55419            -523.85110             205.83332 
           -526.54811               2.78092            -523.76719             224.10481 
           -526.64940               2.97344            -523.67596             239.61866 
           -526.59648               3.08845            -523.50803             248.88715 
           -526.66721               3.35569            -523.31152             270.42315 
           -526.99664               3.76762            -523.22903             303.61883 
           -527.56299               4.26044            -523.30255             343.33366 
           -527.77097               4.33684            -523.43412             349.49072 
           -528.23957               4.66493            -523.57464             375.93042 
           -529.63600               5.90118            -523.73481             475.55524 
           -532.34593               8.44755            -523.89838             680.75838 
           -535.10799              11.10572            -524.00226             894.97077 
           -537.18111              13.26273            -523.91838            1068.79637 
           -541.79672              18.00093            -523.79579            1450.63080 
           -545.30094              22.00006            -523.30087            1772.90674 
           -542.42225              19.80825            -522.61400            1596.27645 
           -536.25327              14.63910            -521.61417            1179.71305 
           -534.06379              13.63932            -520.42447            1099.14419 
           -530.84824              11.20211            -519.64613             902.73829 
           -524.34030               6.41698            -517.92333             517.12121 
           -527.52001              10.64379            -516.87622             857.74519 
           -531.61621              16.65237            -514.96384            1341.95496 
           -534.79868              20.70874            -514.08994            1668.84387 
           -537.13545              23.91790            -513.21755            1927.45814 
           -534.57590              22.34168            -512.23422            1800.43625 
           -531.91760              20.26920            -511.64839            1633.42300 
           -524.62850              13.62860            -510.99990            1098.28015 
           -522.80269              12.02871            -510.77398             969.35059 
           -518.05333               7.67745            -510.37589             618.69804 
           -515.95629               6.02137            -509.93492             485.24084 
           -514.59889               4.57301            -510.02589             368.52222 
           -513.84170               3.37693            -510.46477             272.13510 
           -516.35918               5.58691            -510.77227             450.22925 
           -520.62036               9.57015            -511.05020             771.22471 
           -525.65501              14.60176            -511.05325            1176.70385 
           -530.51933              19.57647            -510.94286            1577.59779 
           -530.55728              19.84181            -510.71548            1598.98065 
           -531.17792              20.84559            -510.33232            1679.87224 
           -530.80161              20.89714            -509.90448            1684.02601 
           -531.53592              21.09994            -510.43597            1700.36933 
           -530.60391              18.23125            -512.37266            1469.19116 
           -528.57995              15.09370            -513.48626            1216.34728 
           -530.37840              15.15845            -515.21995            1221.56556 
           -528.57315              12.75257            -515.82058            1027.68440 
           -531.86944              15.35198            -516.51746            1237.16137 
           -531.01835              13.60436            -517.41399            1096.32660 
           -534.55286              15.67353            -518.87933            1263.07398 
           -541.58608              21.61415            -519.97193            1741.80720 
           -533.31715              13.07681            -520.24034            1053.81337 
           -534.10383              13.52664            -520.57718            1090.06398 
           -533.26505              12.79722            -520.46782            1031.28258 
           -532.82887              12.44259            -520.38627            1002.70443 
           -529.84987               9.13872            -520.71115             736.45679 
           -529.44346               8.29283            -521.15063             668.28957 
           -529.12828               7.76508            -521.36320             625.76036 
           -531.93476              10.21934            -521.71542             823.54051 
           -530.60412               8.64734            -521.95678             696.85814 
           -533.66254              11.77943            -521.88311             949.26264 
           -534.39420              12.74945            -521.64475            1027.43273 
           -539.27834              17.67258            -521.60576            1424.17030 
           -542.87730              21.21694            -521.66035            1709.79807 
           -544.98983              22.79329            -522.19654            1836.82984 
           -545.08914              22.21775            -522.87139            1790.44962 
           -542.34412              18.85934            -523.48478            1519.80708 
           -539.46798              15.37493            -524.09305            1239.01083 
           -538.89497              13.82179            -525.07318            1113.84850 
           -543.15475              16.70600            -526.44875            1346.27725 
           -541.94460              15.66738            -526.27722            1262.57850 
           -542.61111              16.38765            -526.22346            1320.62227 
           -545.38517              19.16070            -526.22447            1544.09282 
           -546.40441              20.32069            -526.08372            1637.57191 
           -546.59066              20.17183            -526.41882            1625.57613 
           -544.00359              17.25371            -526.74987            1390.41538 
           -543.10344              15.91892            -527.18452            1282.84891 
           -539.50369              11.86335            -527.64034             956.02488 
           -542.82855              14.93076            -527.89779            1203.21657 
           -538.28906              10.15406            -528.13500             818.27950 
           -539.37561              11.07687            -528.29874             892.64564 
           -538.95292              10.51005            -528.44287             846.96774 
           -538.79154              10.63429            -528.15725             856.97955 
           -540.66804              12.84028            -527.82776            1034.75230 
           -544.29932              16.85713            -527.44219            1358.45601 
           -548.48905              21.19297            -527.29608            1707.86598 
           -547.67627              20.43807            -527.23820            1647.03116 
           -549.70953              21.73534            -527.97418            1751.57380 
           -545.10955              16.68196            -528.42758            1344.33992 
           -544.11576              15.69584            -528.41992            1264.87204 
           -544.24706              15.83095            -528.41611            1275.76007 
           -541.96128              13.83225            -528.12903            1114.69153 
           -543.47080              16.13693            -527.33386            1300.41799 
           -543.93563              17.67647            -526.25917            1424.48355 
           -547.50308              21.60978            -525.89330            1741.45543 
           -546.91627              20.89553            -526.02074            1683.89612 
           -546.32710              20.10810            -526.21901            1620.43983 
           -543.70843              17.58176            -526.12667            1416.85153 
           -540.31548              14.10677            -526.20872            1136.81408 
           -540.82832              14.91027            -525.91804            1201.56584 
           -536.74312              11.38381            -525.35931             917.38102 
           -536.32498              11.14970            -525.17528             898.51432 
           -535.46386              10.49364            -524.97022             845.64482 
           -534.53020               9.74268            -524.78751             785.12830 
           -537.63083              13.07877            -524.55206            1053.97151 
           -540.48714              16.29540            -524.19173            1313.18862 
           -541.62993              17.89688            -523.73306            1442.24556 
           -542.68782              19.48163            -523.20619            1569.95519 
           -540.49322              17.79939            -522.69384            1434.38920 
           -539.10199              16.40666            -522.69533            1322.15439 
           -536.94947              14.45008            -522.49939            1164.48064 
           -535.57482              13.95173            -521.62309            1124.32039 
           -535.06309              14.31899            -520.74410            1153.91671 
           -535.79927              16.46067            -519.33860            1326.50672 
           -536.36362              17.75269            -518.61093            1430.62592 
           -536.87540              19.30690            -517.56850            1555.87411 
           -537.92124              21.17907            -516.74216            1706.74610 
           -535.36003              19.18626            -516.17377            1546.15230 
           -535.17276              19.58649            -515.58627            1578.40534 
           -532.64896              17.38102            -515.26794            1400.67495 
           -528.18992              13.20436            -514.98556            1064.09249 
           -528.13846              13.19027            -514.94819            1062.95678 
           -524.44928               9.88878            -514.56050             796.90161 
           -523.33746               9.13251            -514.20495             735.95668 
           -524.33010              10.43686            -513.89324             841.06949 
           -524.39947              11.00106            -513.39841             886.53659 
           -524.72810              11.86520            -512.86290             956.17393 
           -527.75177              15.21582            -512.53595            1226.18846 
           -526.26905              13.97725            -512.29180            1126.37669 
           -528.69353              16.43764            -512.25588            1324.65124 
           -524.38280              12.84633            -511.53647            1035.24005 
           -524.42855              13.47386            -510.95469            1085.81068 
           -524.70570              14.00899            -510.69671            1128.93466 
           -524.62076              14.27425            -510.34651            1150.31123 
           -523.64910              14.15213            -509.49697            1140.46993 
           -521.81407              13.03941            -508.77466            1050.79942 
           -524.01589              15.42698            -508.58891            1243.20512 
           -524.89218              17.10617            -507.78600            1378.52563 
           -522.44617              15.20194            -507.24423            1225.06997 
           -521.27300              14.20120            -507.07180            1144.42411 
           -520.88090              14.12495            -506.75595            1138.27941 
           -519.80136              13.03462            -506.76674            1050.41381 
           -519.03948              12.39477            -506.64471             998.85015 
           -518.05227              11.69495            -506.35732             942.45444 
           -518.55208              12.41186            -506.14022            1000.22764 
           -519.13151              13.08360            -506.04791            1054.36046 
           -520.43234              14.47449            -505.95786            1166.44743 
           -518.88372              13.08441            -505.79931            1054.42580 
           -519.68357              13.95989            -505.72367            1124.97799 
           -519.26335              13.36214            -505.90121            1076.80736 
           -523.69812              17.45380            -506.24432            1406.53955 
           -526.68214              20.47366            -506.20848            1649.89954 
           -525.00775              19.16578            -505.84197            1544.50178 
           -528.38427              22.18267            -506.20159            1787.62283 
           -529.91871              23.15319            -506.76552            1865.83291 
           -526.76555              19.97052            -506.79503            1609.35344 
           -533.32108              25.80934            -507.51174            2079.88300 
           -530.77092              22.84581            -507.92511            1841.06281 
           -532.58101              24.17828            -508.40273            1948.44170 
           -533.67316              24.35861            -509.31454            1962.97400 
           -530.29780              20.20432            -510.09348            1628.19405 
           -533.81230              22.76377            -511.04853            1834.45160 
           -533.34001              21.71665            -511.62336            1750.06783 
           -536.18455              24.01662            -512.16792            1935.41412 
           -531.88379              20.00475            -511.87904            1612.11185 
           -535.15360              22.95202            -512.20158            1849.62154 
           -532.09165              19.84075            -512.25090            1598.89571 
           -532.21417              19.87980            -512.33437            1602.04215 
           -532.95362              20.15667            -512.79695            1624.35413 
           -534.05052              21.15223            -512.89829            1704.58299 
           -534.96436              22.20036            -512.76399            1789.04824 
           -531.47120              18.81118            -512.66002            1515.92588 
           -535.90120              22.82656            -513.07464            1839.51157 
           -532.41242              18.64757            -513.76485            1502.74129 
           -535.86060              21.69646            -514.16414            1748.44050 
           -534.51346              19.89818            -514.61527            1603.52374 
           -541.24481              26.11336            -515.13145            2104.38247 
           -537.84562              22.70015            -515.14548            1829.32404 
           -537.11852              22.25138            -514.86714            1793.15966 
           -538.30413              23.45003            -514.85409            1889.75479 
           -536.24473              21.48399            -514.76074            1731.31799 
           -541.70207              26.88695            -514.81511            2166.72400 
           -537.98443              22.90694            -515.07749            1845.98913 
           -538.94461              23.70063            -515.24398            1909.94912 
           -537.60218              22.56479            -515.03739            1818.41592 
           -540.95125              25.15631            -515.79494            2027.25757 
           -539.76196              24.04078            -515.72118            1937.36130 
           -536.87970              21.98234            -514.89736            1771.47863 
           -533.26659              18.58186            -514.68473            1497.44570 
           -537.11234              22.42295            -514.68940            1806.98539 
           -537.26276              22.99968            -514.26308            1853.46203 
           -534.32873              20.21221            -514.11651            1628.83027 
           -536.95722              22.46426            -514.49296            1810.31437 
           -533.89933              19.58572            -514.31360            1578.34367 
           -533.51389              19.21025            -514.30364            1548.08596 
           -537.56326              22.74283            -514.82043            1832.76377 
           -535.11203              20.62623            -514.48580            1662.19449 
           -535.64064              21.31852            -514.32212            1717.98360 
           -537.84258              23.40523            -514.43734            1886.14442 
           -534.33863              20.28979            -514.04884            1635.08157 
           -535.85342              22.51969            -513.33373            1814.78137 
           -535.33587              22.81135            -512.52452            1838.28523 
           -533.39550              21.51325            -511.88225            1733.67626 
           -533.46383              21.95756            -511.50627            1769.48174 
           -535.54026              23.93368            -511.60658            1928.72973 
           -536.18273              24.56300            -511.61973            1979.44486 
           -530.78556              20.03270            -510.75286            1614.36365 
           -536.06093              25.38664            -510.67429            2045.81894 
           -532.90682              23.04476            -509.86206            1857.09528 
           -530.97242              21.59386            -509.37856            1740.17216 
           -532.61651              23.45527            -509.16124            1890.17691 
           -528.55765              20.05364            -508.50401            1616.05150 
           -524.62428              16.66378            -507.96050            1342.87459 
           -527.29396              19.48939            -507.80457            1570.58063 
           -526.16335              18.88789            -507.27546            1522.10755 
           -525.68137              19.12142            -506.55995            1540.92756 
           -523.93870              17.72072            -506.21798            1428.05001 
           -525.02746              18.94288            -506.08458            1526.53967 
           -526.54210              20.47207            -506.07004            1649.77099 
           -527.77579              22.21388            -505.56190            1790.13793 
           -526.64967              21.44617            -505.20350            1728.27052 
           -525.83151              21.30733            -504.52419            1717.08166 
           -527.14233              22.79605            -504.34629            1837.05215 
           -519.59607              16.25952            -503.33656            1310.29660 
           -524.04301              21.28831            -502.75470            1715.54906 
           -521.07527              19.18572            -501.88955            1546.10867 
           -521.33819              20.29937            -501.03882            1635.85435 
           -520.18914              19.80924            -500.37991            1596.35601 
           -518.84052              19.23498            -499.60554            1550.07872 
           -521.63344              22.58686            -499.04659            1820.19441 
           -518.07193              19.54486            -498.52708            1575.05037 
           -517.73262              19.48319            -498.24944            1570.08081 
           -517.90200              19.80916            -498.09284            1596.34942 
           -517.21361              19.44413            -497.76949            1566.93301 
           -513.50858              16.06634            -497.44225            1294.72905 
           -516.79034              19.76817            -497.02216            1593.04687 
           -514.89526              18.33963            -496.55562            1477.92572 
           -511.51009              15.26038            -496.24971            1229.77956 
           -513.43771              17.11461            -496.32310            1379.20546 
           -515.33558              19.01515            -496.32043            1532.36333 
           -513.89669              17.75455            -496.14214            1430.77615 
           -513.09890              16.85373            -496.24516            1358.18234 
           -514.57194              18.36626            -496.20568            1480.07168 
           -517.09587              21.30952            -495.78635            1717.25841 
           -515.26320              19.50844            -495.75476            1572.11578 
           -516.60393              20.50720            -496.09673            1652.60207 
           -518.81642              22.45715            -496.35927            1809.74144 
           -516.06058              20.00920            -496.05138            1612.47032 
           -517.69458              21.17267            -496.52191            1706.23020 
           -521.43048              23.92397            -497.50651            1927.94749 
           -523.85056              25.61795            -498.23261            2064.45928 
           -524.93476              26.40169            -498.53307            2127.61812 
           -522.46819              24.15436            -498.31383            1946.51377 
           -524.65574              25.77549            -498.88024            2077.15533 
           -524.99753              25.78241            -499.21512            2077.71235 
           -523.70034              24.10228            -499.59806            1942.31722 
           -528.73259              28.40708            -500.32551            2289.22555 
           -526.22962              25.90954            -500.32008            2087.95796 
           -523.90315              22.83039            -501.07276            1839.82004 
           -525.09079              23.90650            -501.18429            1926.53945 
           -529.41201              27.42580            -501.98621            2210.14749 
           -529.41289              27.26930            -502.14358            2197.53597 
           -523.06042              20.80386            -502.25656            1676.50883 
           -530.70240              27.64807            -503.05433            2228.05950 
           -526.43597              22.89502            -503.54095            1845.02810 
           -532.03845              28.56125            -503.47720            2301.64925 
           -528.31925              24.89350            -503.42575            2006.07890 
           -532.67678              28.38409            -504.29269            2287.37310 
           -530.54253              26.23914            -504.30339            2114.51886 
           -530.03559              25.11425            -504.92135            2023.86780 
           -532.50062              27.32980            -505.17082            2202.41157 
           -530.22073              25.06109            -505.15964            2019.58422 
           -535.08719              29.51165            -505.57554            2378.23870 
           -530.71094              25.05521            -505.65573            2019.11018 
           -532.77080              26.77601            -505.99480            2157.78314 
           -531.01024              24.69533            -506.31491            1990.10841 
           -528.26405              21.96129            -506.30277            1769.78192 
           -533.97443              27.63258            -506.34184            2226.81167 
           -529.16379              22.95738            -506.20641            1850.05365 
           -532.59295              26.56831            -506.02464            2141.04592 
           -528.94336              22.78422            -506.15915            1836.09896 
           -530.12775              23.86280            -506.26496            1923.01774 
           -531.31375              24.93121            -506.38254            2009.11713 
           -532.26238              25.65174            -506.61063            2067.18268 
           -531.49199              24.80839            -506.68360            1999.21963 
           -533.36350              26.34041            -507.02309            2122.68024 
           -530.71733              23.72402            -506.99331            1911.83398 
           -533.52238              26.53621            -506.98617            2138.45864 
           -537.01584              29.80203            -507.21381            2401.63990 
           -534.05077              27.04932            -507.00145            2179.80834 
           -537.63813              30.96648            -506.67164            2495.47854 
           -528.76349              22.65803            -506.10546            1825.93006 
           -536.85540              30.39406            -506.46134            2449.34908 
           -529.53624              23.72912            -505.80712            1912.24494 
           -536.85912              30.76474            -506.09438            2479.22064 
           -531.13371              25.12621            -506.00750            2024.83191 
           -531.54737              25.44348            -506.10389            2050.39978 
           -529.76932              24.01454            -505.75478            1935.24627 
           -532.69833              27.27579            -505.42254            2198.05880 
           -528.70337              24.02679            -504.67659            1936.23339 
           -529.93047              25.21282            -504.71765            2031.81107 
           -530.17412              25.69889            -504.47523            2070.98201 
           -527.27000              22.80479            -504.46522            1837.75672 
           -527.73648              24.12630            -503.61018            1944.25280 
           -529.99379              26.41571            -503.57808            2128.74838 
           -528.11370              24.61958            -503.49412            1984.00408 
           -528.34601              24.93458            -503.41143            2009.38941 
           -529.53895              26.43469            -503.10426            2130.27743 
           -524.87591              22.15065            -502.72526            1785.04197 
           -527.41355              24.67527            -502.73828            1988.49186 
           -529.78252              27.56961            -502.21291            2221.73681 
           -526.01461              24.62014            -501.39448            1984.04920 
           -523.01879              22.63125            -500.38754            1823.77217 
           -521.67752              21.94079            -499.73673            1768.12979 
           -523.46420              23.67226            -499.79194            1907.66295 
           -525.38140              26.00488            -499.37651            2095.64107 
           -528.07640              29.32698            -498.74942            2363.35675 
           -519.56186              21.96103            -497.60083            1769.76115 
           -523.93195              26.67171            -497.26025            2149.37791 
           -522.11757              25.37950            -496.73808            2045.24324 
           -521.11737              24.86702            -496.25035            2003.94468 
           -521.33615              25.24821            -496.08794            2034.66304 
           -519.01409              23.66433            -495.34975            1907.02431 
           -515.12136              20.40300            -494.71836            1644.20487 
           -515.88603              22.02775            -493.85828            1775.13769 
           -511.94912              18.93848            -493.01064            1526.18492 
           -517.83753              24.50763            -493.32990            1974.98263 
           -514.92995              22.01514            -492.91480            1774.12197 
           -514.00020              21.77675            -492.22345            1754.91063 
           -516.79708              24.71089            -492.08619            1991.36263 
           -512.96742              21.99966            -490.96776            1772.87468 
           -513.56562              22.91557            -490.65005            1846.68431 
           -512.25017              22.17964            -490.07053            1787.37825 
           -511.82744              22.44842            -489.37903            1809.03796 
           -512.96584              23.59432            -489.37152            1901.38249 
           -510.97180              22.69055            -488.28125            1828.55042 
           -508.41084              21.15987            -487.25097            1705.19871 
           -513.67722              26.58007            -487.09714            2141.99360 
           -511.91865              25.43175            -486.48690            2049.45392 
           -511.51188              26.05346            -485.45842            2099.55570 
           -512.42090              27.19188            -485.22902            2191.29711 
           -505.81637              21.61317            -484.20320            1741.72840 
           -511.01427              26.69187            -484.32240            2151.00271 
           -514.35040              29.92803            -484.42236            2411.79381 
           -510.49251              26.47581            -484.01669            2133.59162 
           -508.60168              24.25785            -484.34382            1954.85408 
           -507.39818              23.15391            -484.24426            1865.89160 
           -508.13413              23.99927            -484.13486            1934.01607 
           -508.88962              24.52158            -484.36804            1976.10681 
           -506.45988              21.66614            -484.79375            1745.99681 
           -511.62263              26.04129            -485.58134            2098.57468 
           -510.97816              25.08623            -485.89193            2021.60993 
           -513.55855              27.90034            -485.65820            2248.38943 
           -516.68680              30.80542            -485.88138            2482.49890 
           -514.08199              27.93750            -486.14449            2251.38340 
           -517.77035              31.08734            -486.68301            2505.21774 
           -526.02810              38.51977            -487.50833            3104.17112 
           -516.64650              29.36788            -487.27863            2366.65267 
           -523.43115              35.96021            -487.47095            2897.90496 
           -520.86597              32.03284            -488.83313            2581.41283 
           -519.40385              30.53925            -488.86460            2461.04956 
           -522.70209              33.25303            -489.44906            2679.74352 
           -522.60803              33.00037            -489.60767            2659.38204 
           -521.06340              30.93094            -490.13246            2492.61402 
           -522.27219              31.56582            -490.70637            2543.77704 
           -525.44474              33.82850            -491.61624            2726.11819 
           -524.40692              32.59268            -491.81424            2626.52798 
           -528.51546              36.21354            -492.30193            2918.32019 
           -520.52055              28.13566            -492.38489            2267.35275 
           -518.06936              25.47325            -492.59611            2052.79841 
           -519.52922              26.91666            -492.61255            2169.11823 
           -520.00098              26.87510            -493.12588            2165.76860 
           -514.89083              22.32863            -492.56221            1799.38452 
           -514.70513              21.66514            -493.03999            1745.91643 
           -518.60434              25.60960            -492.99474            2063.78670 
           -524.19407              31.02467            -493.16941            2500.16750 
           -522.66671              29.05389            -493.61282            2341.34941 
           -524.75615              31.17366            -493.58249            2512.17467 
           -523.62460              29.87730            -493.74730            2407.70527 
           -523.43337              30.46642            -492.96695            2455.18025 
           -523.48515              29.76262            -493.72254            2398.46334 
           -528.33478              33.87348            -494.46130            2729.74316 
           -531.03228              36.59680            -494.43548            2949.20611 
           -530.33181              35.46301            -494.86880            2857.83772 
           -526.10584              31.63764            -494.46820            2549.56447 
           -525.03631              31.00229            -494.03402            2498.36416 
           -524.08027              30.06763            -494.01264            2423.04333 
           -528.54576              34.09585            -494.44991            2747.66344 
           -532.84654              38.23276            -494.61378            3081.04239 
           -532.30530              38.06169            -494.24361            3067.25610 
           -525.46258              31.78721            -493.67537            2561.61794 
           -523.12734              29.45667            -493.67067            2373.80819 
           -529.69057              35.75402            -493.93655            2881.28946 
           -519.52793              26.14958            -493.37835            2107.30174 
           -522.94519              29.41935            -493.52584            2370.80083 
           -519.12772              25.75305            -493.37467            2075.34666 
           -521.25162              27.59643            -493.65518            2223.89843 
           -518.18427              25.10587            -493.07840            2023.19294 
           -516.29161              23.90459            -492.38702            1926.38557 
           -521.53766              29.15056            -492.38710            2349.14003 
           -517.98768              25.33536            -492.65232            2041.68646 
           -522.55822              30.13212            -492.42610            2428.24036 
           -526.17028              34.13164            -492.03864            2750.54744 
           -521.73014              30.19667            -491.53347            2433.44239 
           -521.91454              30.64889            -491.26565            2469.88471 
           -524.42987              33.20337            -491.22650            2675.74105 
           -522.55556              32.50600            -490.04956            2619.54287 
           -525.90145              35.62144            -490.28001            2870.60483 
           -523.49610              33.44383            -490.05227            2695.11894 
           -525.10008              35.34140            -489.75868            2848.03749 
           -521.19683              32.10891            -489.08792            2587.54270 
           -521.27641              33.22000            -488.05641            2677.08181 
           -521.22631              33.95107            -487.27524            2735.99575 
           -521.92771              35.22554            -486.70217            2838.70069 
           -517.12248              30.39955            -486.72293            2449.79139 
           -515.96821              29.63042            -486.33778            2387.81031 
           -515.66129              29.69900            -485.96230            2393.33633 
           -515.73989              30.11530            -485.62460            2426.88456 
           -511.28799              26.09618            -485.19181            2102.99841 
           -510.69329              26.33854            -484.35475            2122.52938 
           -510.42673              26.26914            -484.15759            2116.93641 
           -510.49247              26.24551            -484.24697            2115.03186 
           -508.93361              25.44023            -483.49338            2050.13763 
           -507.71914              24.50897            -483.21017            1975.09059 
           -512.04582              28.91514            -483.13068            2330.16806 
           -510.55138              27.64301            -482.90837            2227.65213 
           -507.25138              24.69410            -482.55728            1990.00988 
           -512.20763              30.14384            -482.06379            2429.18477 
           -509.67189              27.57063            -482.10126            2221.81930 
           -517.14742              36.08108            -481.06634            2907.64568 
           -507.33926              27.30084            -480.03842            2200.07773 
           -503.92327              25.23733            -478.68594            2033.78670 
           -509.18019              31.23804            -477.94216            2517.36213 
           -506.63592              29.19732            -477.43860            2352.90824 
           -508.49275              31.52918            -476.96358            2540.82412 
           -502.48537              26.61980            -475.86557            2145.19508 
           -505.32110              29.65117            -475.66993            2389.48242 
           -499.53517              24.42977            -475.10541            1968.70784 
           -505.43134              30.34898            -475.08236            2445.71664 
           -504.90351              30.58536            -474.31815            2464.76562 
           -500.31570              26.31980            -473.99589            2121.01924 
           -503.41691              29.61877            -473.79814            2386.87165 
           -499.10277              25.47171            -473.63105            2052.67482 
           -500.06083              27.00377            -473.05706            2176.13754 
           -496.76104              23.97145            -472.78960            1931.77356 
           -497.63840              24.68433            -472.95406            1989.22268 
           -499.90040              27.14742            -472.75298            2187.71396 
           -502.13518              28.89809            -473.23709            2328.79421 
           -493.54103              20.62148            -472.91955            1661.81193 
           -501.74878              28.54836            -473.20042            2300.61067 
           -499.54125              26.46205            -473.07920            2132.48240 
           -500.03038              26.91615            -473.11423            2169.07654 
           -500.55994              27.44310            -473.11684            2211.54210 
           -505.13960              31.82639            -473.31321            2564.77550 
           -501.67437              28.65826            -473.01611            2309.46727 
           -511.31559              37.97450            -473.34109            3060.22960 
           -505.78156              32.41117            -473.37039            2611.90045 
           -511.71473              37.66599            -474.04874            3035.36830 
           -507.70810              34.00014            -473.70796            2739.95020 
           -521.61655              47.08510            -474.53145            3794.42028 
           -511.84538              37.24734            -474.59804            3001.63082 
           -513.43660              38.19124            -475.24536            3077.69641 
           -512.74566              36.74371            -476.00195            2961.04513 
           -515.16940              39.20614            -475.96326            3159.48308 
           -519.16869              42.64220            -476.52650            3436.38287 
           -513.57757              36.90095            -476.67662            2973.71644 
           -518.85149              41.20292            -477.64856            3320.39697 
           -517.24644              39.33379            -477.91265            3169.77013 
           -511.66667              33.62655            -478.04012            2709.84406 
           -513.83288              35.77040            -478.06248            2882.60954 
           -516.36348              38.42111            -477.94237            3096.22087 
           -520.78895              41.52469            -479.26426            3346.32711 
           -512.94147              34.86782            -478.07365            2809.87350 
           -514.11377              35.45243            -478.66134            2856.98510 
           -511.21589              32.41337            -478.80252            2612.07778 
           -509.48833              30.64456            -478.84378            2469.53585 
           -515.12808              35.80753            -479.32054            2885.60169 
           -515.04589              35.94213            -479.10376            2896.44837 
           -514.80081              34.95810            -479.84271            2817.14922 
           -512.53870              33.48580            -479.05289            2698.50179 
           -518.59085              39.22607            -479.36478            3161.08949 
           -508.96473              29.55457            -479.41016            2381.69747 
           -521.63653              41.54713            -480.08941            3348.13519 
           -515.82630              35.99054            -479.83576            2900.34993 
           -518.31354              38.64707            -479.66647            3114.42972 
           -520.35436              40.49017            -479.86419            3262.95859 
