           -508.93521               1.08481            -507.85039              87.42128 
           -509.42468               1.69183            -507.73286             136.33850 
           -508.74061               1.17912            -507.56149              95.02130 
           -508.86243               1.43704            -507.42539             115.80576 
           -509.44612               2.05791            -507.38822             165.83933 
           -509.21639               1.81984            -507.39656             146.65424 
           -508.92240               1.43722            -507.48518             115.82043 
           -509.05643               1.43187            -507.62456             115.38896 
           -509.30382               1.51123            -507.79259             121.78464 
           -509.29475               1.40181            -507.89294             112.96718 
           -509.11548               1.21811            -507.89738              98.16277 
           -509.43553               1.60523            -507.83030             129.35949 
           -509.27592               1.57598            -507.69994             127.00231 
           -509.12688               1.59272            -507.53416             128.35169 
           -509.18047               1.74376            -507.43671             140.52323 
           -510.03907               2.64758            -507.39149             213.35895 
           -509.81334               2.39709            -507.41625             193.17271 
           -509.29581               1.77239            -507.52343             142.83020 
           -509.59914               1.93144            -507.66771             155.64758 
           -510.05077               2.24367            -507.80710             180.80951 
           -509.63823               1.75761            -507.88063             141.63932 
           -509.83077               1.96270            -507.86807             158.16679 
           -510.05236               2.28486            -507.76750             184.12863 
           -510.01226               2.39465            -507.61761             192.97648 
           -509.88507               2.40006            -507.48501             193.41238 
           -510.38803               3.00601            -507.38202             242.24366 
           -510.62039               3.25684            -507.36355             262.45694 
           -510.66774               3.20829            -507.45945             258.54451 
           -510.28156               2.71197            -507.56958             218.54815 
           -510.52770               2.81453            -507.71317             226.81267 
           -511.09806               3.24408            -507.85398             261.42868 
           -510.76408               2.84730            -507.91678             229.45379 
           -511.16758               3.27541            -507.89217             263.95342 
           -511.50692               3.74969            -507.75723             302.17403 
           -511.23526               3.64464            -507.59062             293.70839 
           -511.00037               3.54051            -507.45987             285.31694 
           -511.75538               4.37277            -507.38262             352.38586 
           -512.21001               4.82160            -507.38840             388.55586 
           -511.87934               4.41159            -507.46776             355.51400 
           -511.92363               4.32337            -507.60026             348.40470 
           -512.40200               4.64848            -507.75352             374.60477 
           -512.30599               4.45146            -507.85453             358.72739 
           -512.59994               4.72207            -507.87787             380.53497 
           -512.59555               4.76915            -507.82639             384.32914 
           -513.21204               5.51154            -507.70049             444.15546 
           -513.09428               5.56340            -507.53088             448.33472 
           -513.14592               5.73052            -507.41540             461.80222 
           -513.66178               6.31006            -507.35172             508.50503 
           -513.76523               6.37288            -507.39236             513.56736 
           -513.74303               6.22894            -507.51409             501.96809 
           -513.87163               6.22758            -507.64405             501.85833 
           -514.33928               6.54208            -507.79720             527.20306 
           -514.54020               6.63857            -507.90162             534.97902 
           -514.74673               6.82546            -507.92127             550.03989 
           -515.48260               7.62850            -507.85410             614.75383 
           -515.17622               7.53767            -507.63855             607.43383 
           -515.39598               7.89531            -507.50066             636.25517 
           -515.81562               8.40690            -507.40872             677.48245 
           -516.82940               9.46249            -507.36691             762.54805 
           -517.21458               9.81339            -507.40119             790.82647 
           -518.86071              11.34235            -507.51836             914.03941 
           -522.38374              14.75178            -507.63196            1188.79352 
           -527.00630              19.15043            -507.85587            1543.26482 
           -526.22173              18.41918            -507.80255            1484.33629 
           -527.90510              20.15933            -507.74577            1624.56861 
           -530.28860              22.02600            -508.26261            1774.99678 
           -533.12134              24.25407            -508.86727            1954.54945 
           -526.69235              16.10641            -510.58593            1297.95846 
           -523.93997              12.48957            -511.45040            1006.49003 
           -522.73178              10.06292            -512.66886             810.93509 
           -521.56316               8.34107            -513.22208             672.17748 
           -528.03555              14.06693            -513.96862            1133.60364 
           -534.26677              18.60481            -515.66197            1499.29514 
           -536.57673              19.90853            -516.66820            1604.35780 
           -535.17048              18.09398            -517.07650            1458.12959 
           -534.12801              17.12373            -517.00428            1379.94025 
           -530.26819              13.33210            -516.93609            1074.38636 
           -525.39920               8.21387            -517.18533             661.92669 
           -525.17237               7.99730            -517.17507             644.47389 
           -522.86347               5.85573            -517.00774             471.89242 
           -525.35403               7.96215            -517.39188             641.64138 
           -524.39422               6.73387            -517.66035             542.65869 
           -531.34541              13.37958            -517.96583            1078.21307 
           -531.44961              13.46000            -517.98961            1084.69359 
           -536.36116              18.12927            -518.23189            1460.97344 
           -542.83816              24.41633            -518.42183            1967.62476 
           -538.64594              20.15264            -518.49330            1624.02923 
           -540.97276              21.66711            -519.30565            1746.07552 
           -538.77315              18.72450            -520.04865            1508.94042 
           -530.70981              10.52989            -520.17992             848.56638 
           -526.80111               6.60333            -520.19778             532.13883 
           -533.31189              11.93381            -521.37808             961.70307 
           -538.99013              17.57553            -521.41460            1416.34903 
           -540.84853              19.74524            -521.10329            1591.19827 
           -541.66266              20.69372            -520.96893            1667.63358 
           -540.34037              18.80883            -521.53154            1515.73668 
           -542.43243              20.47879            -521.95364            1650.31278 
           -536.87474              15.07574            -521.79900            1214.90018 
           -534.39987              12.57972            -521.82016            1013.75470 
           -531.53789               9.64978            -521.88810             777.64173 
           -529.95993               8.28477            -521.67515             667.64029 
           -527.35260               5.83965            -521.51295             470.59664 
           -530.46085               8.91547            -521.54537             718.46630 
           -528.39987               7.03312            -521.36675             566.77443 
           -535.38203              13.94122            -521.44081            1123.47316 
           -535.32805              13.98700            -521.34105            1127.16226 
           -540.19230              19.09647            -521.09583            1538.91677 
           -542.08715              21.15527            -520.93188            1704.82767 
           -543.34525              22.15968            -521.18558            1785.76935 
           -543.35097              22.01750            -521.33347            1774.31219 
           -534.70996              14.69676            -520.01320            1184.35927 
           -529.97776              10.12289            -519.85486             815.76800 
           -526.18376               7.49821            -518.68555             604.25435 
           -533.19953              14.34860            -518.85093            1156.30223 
           -537.21163              18.68062            -518.53101            1505.40484 
           -538.07320              20.82407            -517.24913            1678.13768 
           -540.43799              23.76640            -516.67160            1915.24942 
           -540.44312              24.04315            -516.39997            1937.55207 
           -536.00343              19.84143            -516.16200            1598.95028 
           -529.90508              14.23512            -515.66995            1147.15798 
           -528.19429              12.92993            -515.26435            1041.97727 
           -524.31948               9.26714            -515.05235             746.80568 
           -522.66444               7.56550            -515.09894             609.67684 
           -521.38544               6.52098            -514.86446             525.50243 
           -523.46968               8.82889            -514.64078             711.48907 
           -523.92731               9.82211            -514.10520             791.52889 
           -527.63215              13.83440            -513.79775            1114.86508 
           -529.52975              15.94366            -513.58609            1284.84312 
           -530.10081              16.49026            -513.61055            1328.89096 
           -531.81422              18.45976            -513.35446            1487.60608 
           -532.28977              19.47007            -512.81969            1569.02396 
           -527.75047              16.29062            -511.45985            1312.80307 
           -523.10101              12.56640            -510.53461            1012.68142 
           -519.08247               9.91660            -509.16586             799.14370 
           -518.59493              10.63497            -507.95996             857.03447 
           -521.71825              14.88639            -506.83186            1199.64127 
           -525.03524              19.67266            -505.36257            1585.35006 
           -526.01323              21.62680            -504.38642            1742.82723 
           -524.29481              20.69820            -503.59661            1667.99399 
           -523.97318              20.75158            -503.22160            1672.29560 
           -518.80543              15.94614            -502.85929            1285.04267 
           -516.25204              13.82686            -502.42518            1114.25737 
           -513.03352              11.05683            -501.97668             891.03083 
           -509.55846               8.00499            -501.55347             645.09353 
           -509.98128               8.85097            -501.13031             713.26813 
           -509.23341               8.63739            -500.59602             696.05642 
           -511.37616              11.03750            -500.33866             889.47308 
           -512.11327              11.98704            -500.12622             965.99305 
           -515.10029              15.16956            -499.93074            1222.46076 
           -514.59567              14.84123            -499.75443            1196.00227 
           -517.39263              17.82542            -499.56721            1436.48715 
           -515.02496              15.49089            -499.53406            1248.35600 
           -514.59346              14.71642            -499.87705            1185.94355 
           -515.03759              14.68383            -500.35376            1183.31797 
           -514.28094              13.87463            -500.40631            1118.10713 
           -515.18804              14.50957            -500.67846            1169.27493 
           -515.04395              14.34070            -500.70325            1155.66591 
           -516.86609              15.55060            -501.31549            1253.16761 
           -520.02088              18.12739            -501.89349            1460.82199 
           -519.65277              17.33707            -502.31570            1397.13290 
           -518.22408              15.69271            -502.53136            1264.62003 
           -518.24771              15.13409            -503.11362            1219.60250 
           -517.72629              14.06622            -503.66007            1133.54651 
           -515.19005              10.91275            -504.27731             879.41932 
           -516.22908              11.22853            -505.00054             904.86758 
           -518.27298              12.75542            -505.51757            1027.91351 
           -522.52563              16.50857            -506.01706            1330.36720 
           -522.73299              16.29852            -506.43448            1313.43947 
           -523.11781              16.39853            -506.71928            1321.49888 
           -526.93608              19.85420            -507.08188            1599.97935 
           -526.36217              19.16336            -507.19881            1544.30675 
           -527.94036              19.96469            -507.97568            1608.88295 
           -525.77328              17.61981            -508.15347            1419.91752 
           -528.92555              20.09689            -508.82866            1619.53651 
           -524.89873              15.25403            -509.64470            1229.26808 
           -527.29021              17.28296            -510.00725            1392.77257 
           -525.11162              14.31982            -510.79180            1153.98356 
           -529.21975              17.20885            -512.01090            1386.80008 
           -531.56928              18.73224            -512.83704            1509.56427 
           -530.04974              17.16032            -512.88942            1382.88926 
           -528.52385              15.75101            -512.77285            1269.31772 
           -531.34025              17.95887            -513.38138            1447.24106 
           -528.04006              14.62526            -513.41480            1178.59742 
           -529.28850              15.94087            -513.34762            1284.61838 
           -528.65824              15.00615            -513.65210            1209.29196 
           -528.46844              14.44134            -514.02710            1163.77646 
           -531.08678              16.77561            -514.31117            1351.88633 
           -528.83002              14.42506            -514.40496            1162.46413 
           -531.26076              16.50675            -514.75401            1330.22022 
           -530.86738              15.89248            -514.97490            1280.71808 
           -535.16165              19.61217            -515.54948            1580.47488 
           -533.32791              17.67714            -515.65077            1424.53804 
           -534.64268              18.83264            -515.81004            1517.65547 
           -536.00378              19.87220            -516.13158            1601.42981 
           -535.26325              19.51997            -515.74328            1573.04499 
           -534.37351              18.34993            -516.02357            1478.75574 
           -535.15454              19.12855            -516.02599            1541.50194 
           -534.84660              18.85648            -515.99013            1519.57641 
           -534.99239              18.66110            -516.33128            1503.83203 
           -534.86166              18.19665            -516.66501            1466.40349 
           -536.05976              19.54272            -516.51703            1574.87864 
           -534.65271              18.59642            -516.05629            1498.61942 
           -536.75170              20.70147            -516.05022            1668.25810 
           -532.00461              16.24279            -515.76182            1308.94851 
           -530.64040              15.23680            -515.40360            1227.87985 
           -532.73523              17.24541            -515.48981            1389.74656 
           -528.97653              13.53561            -515.44092            1090.78625 
           -532.03871              16.41399            -515.62472            1322.74516 
           -530.16412              14.71395            -515.45017            1185.74483 
           -529.27360              14.08835            -515.18525            1135.32979 
           -532.85779              17.53057            -515.32722            1412.72613 
           -531.82197              16.56787            -515.25410            1335.14599 
           -534.16544              19.45852            -514.70692            1568.09258 
           -531.77822              17.52985            -514.24837            1412.66857 
           -533.09717              19.17728            -513.91989            1545.42888 
           -530.63340              17.03813            -513.59528            1373.04202 
           -532.31609              19.31481            -513.00128            1556.51159 
           -529.17873              16.60996            -512.56876            1338.53792 
           -530.06883              17.66185            -512.40698            1423.30590 
           -528.81346              16.98391            -511.82955            1368.67269 
           -530.27921              18.92864            -511.35056            1525.39213 
           -528.76317              17.89822            -510.86495            1442.35418 
           -529.13740              19.04751            -510.08989            1534.97066 
           -527.06504              17.39731            -509.66773            1401.98732 
           -527.06431              18.10989            -508.95442            1459.41124 
           -524.43043              15.81940            -508.61104            1274.82875 
           -523.02097              14.86082            -508.16016            1197.58022 
           -521.18909              13.29489            -507.89421            1071.38753 
           -521.95833              14.34293            -507.61540            1155.84557 
           -520.13165              12.96319            -507.16847            1044.65719 
           -522.36428              15.54627            -506.81801            1252.81857 
           -523.00883              16.75637            -506.25246            1350.33640 
           -521.85740              16.02467            -505.83273            1291.37072 
           -521.97795              16.54959            -505.42835            1333.67263 
           -520.96420              16.24338            -504.72082            1308.99579 
           -521.05201              17.09113            -503.96088            1377.31322 
           -517.75747              14.66041            -503.09706            1181.43008 
           -517.77701              15.59175            -502.18526            1256.48359 
           -518.88959              17.51952            -501.37007            1411.83573 
           -517.05886              16.55872            -500.50015            1334.40813 
           -516.55110              16.66657            -499.88453            1343.09924 
           -517.15975              18.24413            -498.91562            1470.22981 
           -517.37731              19.45578            -497.92154            1567.87180 
           -514.32861              17.32443            -497.00419            1396.11385 
           -511.44630              15.30467            -496.14163            1233.34849 
           -512.47371              16.90870            -495.56501            1362.61160 
           -510.41193              15.57233            -494.83960            1254.91870 
           -508.71432              14.25708            -494.45724            1148.92732 
           -509.09488              15.18434            -493.91053            1223.65222 
           -505.75350              12.37687            -493.37663             997.40820 
           -508.99905              15.83226            -493.16679            1275.86584 
           -509.08301              16.19062            -492.89239            1304.74462 
           -508.73097              16.26782            -492.46315            1310.96579 
           -510.21562              18.21885            -491.99677            1468.19250 
           -506.58377              14.79410            -491.78967            1192.20369 
           -508.28161              16.47046            -491.81115            1327.29584 
           -510.44528              18.66780            -491.77748            1504.37163 
           -508.43202              16.88544            -491.54658            1360.73763 
           -511.78027              19.94036            -491.83991            1606.92246 
           -513.39969              21.53971            -491.85999            1735.80824 
           -513.29448              20.92392            -492.37056            1686.18442 
           -513.35364              20.24991            -493.10373            1631.86796 
           -511.73489              17.98515            -493.74975            1449.35899 
           -516.72879              22.34130            -494.38749            1800.40613 
           -512.01517              17.68545            -494.32973            1425.20730 
           -516.27272              21.58410            -494.68862            1739.38588 
           -518.89730              23.41690            -495.48040            1887.08429 
           -521.44909              25.24342            -496.20567            2034.27756 
           -519.76825              23.04210            -496.72614            1856.88100 
           -516.22840              19.13974            -497.08867            1542.40315 
           -517.16297              19.18042            -497.98254            1545.68215 
           -517.76995              19.17372            -498.59623            1545.14225 
           -520.13211              20.98547            -499.14664            1691.14425 
           -521.75128              22.16100            -499.59028            1785.87582 
           -521.62692              21.55682            -500.07010            1737.18773 
           -525.70351              24.87605            -500.82746            2004.67204 
           -519.94379              19.30592            -500.63787            1555.79532 
           -520.70998              20.15297            -500.55701            1624.05573 
           -518.09156              16.97278            -501.11878            1367.77590 
           -526.45475              24.92056            -501.53419            2008.25934 
           -522.23820              20.34045            -501.89775            1639.16429 
           -525.24586              22.55327            -502.69259            1817.48778 
           -527.82787              24.65718            -503.17069            1987.03469 
           -520.24285              17.07685            -503.16600            1376.16261 
           -524.00693              20.17587            -503.83106            1625.90167 
           -523.38843              19.46386            -503.92457            1568.52361 
           -525.75594              21.93492            -503.82102            1767.65708 
           -522.46502              18.70624            -503.75879            1507.46897 
           -528.10619              23.54502            -504.56116            1897.40962 
           -528.01576              23.30798            -504.70777            1878.30733 
           -526.99670              22.17589            -504.82082            1787.07578 
           -527.71669              22.64893            -505.06775            1825.19701 
           -528.66492              23.32260            -505.34232            1879.48526 
           -527.36219              21.70124            -505.66095            1748.82603 
           -527.70033              21.86487            -505.83545            1762.01224 
           -527.97793              21.90702            -506.07091            1765.40858 
           -527.87566              21.97258            -505.90308            1770.69183 
           -529.09535              23.18183            -505.91352            1868.14129 
           -528.85658              22.92691            -505.92967            1847.59778 
           -530.32775              24.15467            -506.17308            1946.53866 
           -531.23277              25.11020            -506.12258            2023.54148 
           -530.11808              24.38082            -505.73725            1964.76371 
           -532.93958              27.18216            -505.75742            2190.51358 
           -527.47766              21.74213            -505.73552            1752.12127 
           -526.45886              21.01481            -505.44405            1693.50880 
           -524.43131              19.02933            -505.40198            1533.50616 
           -526.19950              20.52419            -505.67532            1653.97108 
           -529.87763              24.05600            -505.82163            1938.58779 
           -527.23384              21.85278            -505.38106            1761.03755 
           -530.21119              25.03998            -505.17121            2017.88313 
           -526.76069              22.29412            -504.46657            1796.60341 
           -525.63966              21.37871            -504.26095            1722.83428 
           -526.55108              22.96007            -503.59101            1850.27007 
           -528.00755              24.14619            -503.86136            1945.85570 
           -526.19332              22.52007            -503.67324            1814.81262 
           -529.97096              26.22670            -503.74426            2113.51602 
           -527.50140              24.30611            -503.19529            1958.74307 
           -524.92377              22.41883            -502.50494            1806.65407 
           -526.24000              23.94196            -502.29804            1929.39727 
           -525.87014              23.69317            -502.17697            1909.34796 
           -523.26201              21.87673            -501.38528            1762.96811 
           -522.11662              21.32691            -500.78971            1718.66003 
           -522.35835              21.88121            -500.47713            1763.32917 
           -518.37343              18.52070            -499.85274            1492.51725 
           -519.74190              20.50521            -499.23669            1652.44183 
           -520.40283              21.44662            -498.95620            1728.30699 
           -522.16893              23.00369            -499.16524            1853.78511 
           -518.92582              20.51116            -498.41466            1652.92163 
           -518.37695              20.49923            -497.87772            1651.95986 
           -520.71873              23.23162            -497.48711            1872.15360 
           -515.94347              19.32439            -496.61908            1557.28407 
           -520.71312              24.26275            -496.45037            1955.24862 
           -520.61426              24.37981            -496.23445            1964.68218 
           -517.32180              21.70223            -495.61957            1748.90581 
           -515.97350              20.94724            -495.02626            1688.06331 
           -511.67955              17.70715            -493.97240            1426.95597 
           -515.94999              22.47641            -493.47358            1811.29421 
           -514.04717              21.31183            -492.73534            1717.44420 
           -512.31994              20.13890            -492.18104            1622.92243 
           -511.83406              19.76373            -492.07034            1592.68828 
           -511.02115              19.38079            -491.64036            1561.82885 
           -512.89655              21.58494            -491.31160            1739.45386 
           -510.63760              20.09272            -490.54489            1619.20057 
           -508.75753              18.57211            -490.18542            1496.66006 
           -508.32309              18.66921            -489.65388            1504.48486 
           -511.15235              22.04931            -489.10303            1776.87581 
           -506.62678              17.90810            -488.71868            1443.14974 
           -505.44918              17.34355            -488.10563            1397.65511 
           -509.42100              21.48618            -487.93482            1731.49461 
           -507.33554              20.13531            -487.20024            1622.63267 
           -505.33538              18.60151            -486.73386            1499.02973 
           -508.88937              21.97242            -486.91695            1770.67912 
           -505.68507              18.77003            -486.91504            1512.61020 
           -505.47896              18.41767            -487.06129            1484.21465 
           -506.04332              19.31261            -486.73072            1556.33422 
           -506.77957              19.41748            -487.36209            1564.78566 
           -507.05029              19.47458            -487.57570            1569.38728 
           -510.16871              22.57084            -487.59787            1818.90356 
           -507.79604              20.47950            -487.31654            1650.37024 
           -507.91836              20.38948            -487.52888            1643.11538 
           -504.12260              16.33406            -487.78854            1316.30391 
           -510.18296              22.07598            -488.10699            1779.02428 
           -513.04500              24.56988            -488.47511            1979.99937 
           -512.85907              23.92576            -488.93331            1928.09208 
           -513.78711              24.41130            -489.37582            1967.21954 
           -510.40441              20.36903            -490.03538            1641.46760 
           -513.85723              23.63982            -490.21741            1905.04909 
           -516.70416              25.79129            -490.91288            2078.42789 
           -513.59102              22.16120            -491.42982            1785.89234 
           -518.61124              26.69548            -491.91576            2151.29337 
           -517.01988              24.80093            -492.21895            1998.61869 
           -517.88817              24.94782            -492.94035            2010.45563 
           -518.74945              25.18655            -493.56290            2029.69472 
           -521.31914              27.56901            -493.75013            2221.68855 
           -519.81849              25.61740            -494.20108            2064.41540 
           -521.20952              26.50685            -494.70267            2136.09300 
           -517.93976              22.78137            -495.15839            1835.86954 
           -520.26892              24.48249            -495.78643            1972.95638 
           -521.99825              25.46365            -496.53460            2052.02494 
           -519.51940              22.66045            -496.85895            1826.12489 
           -523.75233              26.83456            -496.91777            2162.50155 
           -520.53924              23.71148            -496.82775            1910.82402 
           -519.96560              22.94069            -497.02491            1848.70871 
           -517.41265              20.25172            -497.16093            1632.01409 
           -522.34620              24.67733            -497.66886            1988.65852 
           -516.84116              19.02924            -497.81192            1533.49877 
           -525.16498              27.25573            -497.90925            2196.44238 
           -519.43420              21.28640            -498.14780            1715.39553 
           -520.38666              21.96913            -498.41753            1770.41409 
           -525.71989              26.99589            -498.72399            2175.50286 
           -521.73019              23.03425            -498.69595            1856.24800 
           -523.44445              24.43145            -499.01300            1968.84361 
           -527.30448              27.87012            -499.43435            2245.95418 
           -526.44256              27.12194            -499.32062            2185.66101 
           -522.06814              22.53075            -499.53739            1815.67307 
           -523.31601              24.03975            -499.27625            1937.27826 
           -527.01344              27.52912            -499.48431            2218.47403 
           -525.03569              25.64795            -499.38774            2066.87730 
           -524.09196              24.44361            -499.64835            1969.82371 
           -524.29130              24.32562            -499.96568            1960.31515 
           -527.30961              27.30575            -500.00386            2200.47312 
           -519.68103              20.29523            -499.38580            1635.52057 
           -527.03974              27.42870            -499.61104            2210.38112 
           -521.01253              21.40373            -499.60880            1724.85065 
           -526.28637              26.91046            -499.37591            2168.61801 
           -522.51273              23.42654            -499.08620            1887.86110 
           -523.36341              24.40433            -498.95908            1966.65829 
           -522.06146              23.09296            -498.96850            1860.97906 
           -523.02715              23.92392            -499.10322            1927.94380 
           -522.14820              22.95721            -499.19099            1850.04025 
           -522.96455              23.83564            -499.12892            1920.82903 
           -526.11407              27.19791            -498.91616            2191.78280 
           -525.79431              27.14694            -498.64737            2187.67547 
           -520.65535              22.67036            -497.98500            1826.92329 
           -522.35506              24.75318            -497.60188            1994.77075 
           -520.68355              23.04919            -497.63436            1857.45237 
           -522.58944              25.58207            -497.00737            2061.56811 
           -520.54938              24.04931            -496.50007            1938.04843 
           -520.89014              24.64927            -496.24087            1986.39662 
           -522.59755              26.26001            -496.33754            2116.20050 
           -522.88024              26.97516            -495.90508            2173.83213 
           -521.98862              26.48275            -495.50587            2134.15029 
           -519.76077              24.59600            -495.16476            1982.10449 
           -518.02664              23.18244            -494.84420            1868.19044 
           -513.96654              19.76591            -494.20063            1592.86425 
           -517.47097              23.67161            -493.79936            1907.61066 
           -516.09498              22.89105            -493.20393            1844.70803 
           -514.31497              21.57152            -492.74346            1738.37177 
           -516.28502              23.81454            -492.47047            1919.12912 
           -513.70555              21.69734            -492.00821            1748.51104 
           -514.59627              22.94758            -491.64869            1849.26345 
           -513.60113              22.09879            -491.50234            1780.86281 
           -512.95606              22.17155            -490.78451            1786.72606 
           -511.99477              21.57474            -490.42002            1738.63185 
           -512.57586              23.05201            -489.52385            1857.67916 
           -511.34340              22.33886            -489.00454            1800.20883 
           -509.63994              21.25060            -488.38934            1712.51049 
           -508.97617              21.47448            -487.50168            1730.55228 
           -510.63802              23.32552            -487.31251            1879.72028 
           -511.84071              25.29070            -486.55001            2038.08767 
           -506.05336              20.71411            -485.33925            1669.27629 
           -507.10660              22.57539            -484.53121            1819.27032 
           -509.03767              24.73260            -484.30507            1993.11202 
           -507.24202              23.38292            -483.85911            1884.34600 
           -503.40216              20.34716            -483.05500            1639.70512 
           -504.44288              21.64714            -482.79574            1744.46602 
           -503.88886              21.10442            -482.78444            1700.73007 
           -502.30619              20.13096            -482.17523            1622.28277 
           -502.46100              20.61422            -481.84678            1661.22633 
           -504.86441              23.46311            -481.40130            1890.80820 
           -504.37313              23.64318            -480.72995            1905.31958 
           -502.15390              21.90033            -480.25358            1764.86941 
           -498.58704              18.45315            -480.13390            1487.07337 
           -500.58670              20.15306            -480.43364            1624.06346 
           -500.58754              20.28950            -480.29805            1635.05838 
           -500.36125              20.37770            -479.98356            1642.16597 
           -499.25422              19.19292            -480.06130            1546.68884 
           -498.31624              19.03148            -479.28476            1533.67897 
           -498.77979              19.51647            -479.26332            1572.76274 
           -501.82487              22.69592            -479.12895            1828.98350 
           -498.61550              19.76202            -478.85348            1592.55083 
           -500.59276              21.91221            -478.68055            1765.82670 
           -497.54639              19.30603            -478.24037            1555.80398 
           -502.58058              24.45765            -478.12293            1970.95491 
           -504.69275              26.56450            -478.12826            2140.73819 
           -505.79469              27.27177            -478.52292            2197.73464 
           -501.23158              22.77985            -478.45173            1835.74716 
           -507.03762              28.20634            -478.83127            2273.04895 
           -506.66396              27.51545            -479.14852            2217.37185 
           -501.36338              21.99105            -479.37233            1772.18034 
           -508.19165              27.92825            -480.26340            2250.63799 
           -514.56845              33.89137            -480.67707            2731.18521 
           -511.32991              30.54581            -480.78410            2461.57801 
           -509.91238              28.90121            -481.01117            2329.04570 
           -513.65926              32.18861            -481.47065            2593.96582 
           -519.21696              37.23228            -481.98468            3000.41693 
           -517.89452              34.69966            -483.19485            2796.32243 
           -513.84843              30.54184            -483.30659            2461.25826 
           -514.02557              30.02922            -483.99635            2419.94783 
           -517.20738              33.18804            -484.01935            2674.50579 
           -516.19790              31.78324            -484.41466            2561.29818 
           -511.25801              26.95248            -484.30553            2172.00464 
           -516.49807              31.30262            -485.19545            2522.56710 
           -521.01425              35.52859            -485.48566            2863.12255 
           -513.11890              27.73012            -485.38878            2234.67159 
           -512.55276              27.29598            -485.25678            2199.68597 
           -511.11774              26.29549            -484.82225            2119.06005 
           -513.29474              28.00066            -485.29409            2256.47323 
           -511.29172              25.71977            -485.57195            2072.66479 
           -512.52477              26.54660            -485.97817            2139.29587 
           -515.01935              28.78019            -486.23916            2319.29323 
           -515.24574              28.74453            -486.50121            2316.41940 
           -516.37882              30.23205            -486.14677            2436.29353 
           -512.89576              26.27805            -486.61771            2117.65429 
           -521.45248              34.41695            -487.03554            2773.53938 
           -516.94748              30.19198            -486.75551            2433.06391 
           -518.05795              31.61499            -486.44296            2547.73953 
           -518.94026              32.14793            -486.79233            2590.68765 
           -520.64584              33.94483            -486.70101            2735.49281 
           -519.26453              33.08524            -486.17928            2666.22204 
           -520.98929              34.71465            -486.27465            2797.52972 
           -518.63923              32.81542            -485.82381            2644.47800 
           -513.04102              27.81996            -485.22106            2241.91166 
           -514.95535              29.59322            -485.36213            2384.81215 
           -514.89502              29.35655            -485.53847            2365.73974 
           -520.78294              35.35864            -485.42430            2849.42721 
           -513.52442              28.75237            -484.77205            2317.05080 
           -514.01484              29.41446            -484.60038            2370.40650 
           -516.17826              31.69005            -484.48822            2553.78803 
           -511.17861              26.87271            -484.30590            2165.57639 
           -509.69165              25.03614            -484.65551            2017.57303 
           -512.98027              28.41612            -484.56415            2289.95429 
           -514.63579              30.37837            -484.25743            2448.08466 
           -518.89568              34.49997            -484.39571            2780.23007 
           -510.46139              26.41602            -484.04536            2128.77334 
           -512.22711              28.13613            -484.09098            2267.39042 
           -514.51330              31.11469            -483.39861            2507.42198 
           -517.68554              34.27019            -483.41535            2761.71275 
           -515.77732              32.58856            -483.18876            2626.19596 
           -509.43729              28.14777            -481.28952            2268.32830 
           -516.13531              34.62948            -481.50583            2790.66621 
           -514.52420              32.99096            -481.53325            2658.62368 
           -515.40147              33.88842            -481.51305            2730.94718 
           -505.51760              26.10570            -479.41190            2103.76521 
           -512.64192              32.67979            -479.96213            2633.54792 
           -515.91093              35.75919            -480.15174            2881.70587 
           -512.79152              33.70743            -479.08409            2716.36173 
           -510.66750              32.16333            -478.50418            2591.92800 
           -504.91782              26.99871            -477.91911            2175.73026 
           -507.51091              29.69386            -477.81705            2392.92224 
           -507.05827              29.77105            -477.28722            2399.14260 
           -505.06070              28.32230            -476.73840            2282.39329 
           -505.11110              29.15384            -475.95726            2349.40440 
           -506.29296              30.58201            -475.71095            2464.49520 
           -502.01667              26.84069            -475.17598            2162.99542 
           -503.42002              28.41887            -475.00114            2290.17596 
           -504.07478              28.99009            -475.08469            2336.20838 
           -502.79955              28.09610            -474.70345            2264.16477 
           -497.88028              24.10667            -473.77361            1942.67072 
           -500.08340              26.60437            -473.47903            2143.95131 
           -498.45287              25.44570            -473.00716            2050.57879 
           -500.00717              28.38201            -471.62515            2287.20537 
           -500.92718              29.06665            -471.86053            2342.37787 
           -498.05354              26.53159            -471.52195            2138.08643 
           -497.82193              26.65632            -471.16560            2148.13822 
           -495.92677              26.19021            -469.73656            2110.57544 
           -497.77239              28.27193            -469.50045            2278.33444 
           -499.45055              30.39263            -469.05793            2449.23349 
           -493.37798              25.37277            -468.00521            2044.70104 
           -490.95897              23.97486            -466.98411            1932.04853 
           -495.73554              28.41858            -467.31696            2290.15243 
           -492.67077              25.87387            -466.79690            2085.08327 
           -497.83723              31.63188            -466.20535            2549.10066 
           -490.29209              24.55916            -465.73293            1979.13563 
           -492.82426              27.33934            -465.48493            2203.17989 
           -489.50961              24.28329            -465.22632            1956.90355 
           -492.88892              27.76073            -465.12819            2237.13858 
           -494.60925              29.68221            -464.92704            2391.98332 
           -491.09783              26.39670            -464.70113            2127.21576 
           -494.96177              30.20226            -464.75951            2433.89240 
           -494.75720              30.49960            -464.25760            2457.85433 
           -493.35051              28.74463            -464.60588            2316.42744 
           -493.62695              29.39258            -464.23437            2368.64321 
           -491.11084              26.76100            -464.34984            2156.57364 
           -497.18360              32.95485            -464.22875            2655.71426 
           -493.39070              29.35451            -464.03619            2365.57524 
           -497.55446              33.25694            -464.29752            2680.05817 
           -496.30642              31.78234            -464.52408            2561.22544 
           -496.45376              31.99545            -464.45831            2578.39909 
           -496.14612              30.95401            -465.19211            2494.47348 
           -495.07870              30.44055            -464.63815            2453.09598 
           -498.54553              33.07051            -465.47502            2665.03501 
           -499.62803              33.75966            -465.86838            2720.57052 
           -497.87820              32.05423            -465.82397            2583.13642 
           -504.00040              37.88235            -466.11805            3052.80337 
           -502.35422              36.75589            -465.59833            2962.02622 
           -505.58454              39.05112            -466.53342            3146.99110 
           -500.47699              33.82796            -466.64903            2726.07497 
           -502.33823              35.53349            -466.80474            2863.51761 
           -499.28256              32.46188            -466.82067            2615.98763 
           -503.03830              36.01410            -467.02420            2902.24782 
           -504.34113              37.99919            -466.34194            3062.21936 
           -508.14196              40.99160            -467.15036            3303.36729 
           -502.57024              35.55022            -467.02002            2864.86610 
           -506.53809              38.33156            -468.20653            3089.00387 
           -507.29089              39.17937            -468.11152            3157.32585 
           -504.29785              35.84028            -468.45757            2888.24076 
           -508.54786              39.80285            -468.74501            3207.57021 
           -505.43038              36.37066            -469.05971            2930.98239 
           -503.49564              34.65977            -468.83587            2793.10760 
           -509.38138              40.56322            -468.81816            3268.84553 
           -509.21036              40.57566            -468.63471            3269.84768 
           -512.91915              44.00593            -468.91322            3546.28149 
           -500.04879              31.57146            -468.47733            2544.23158 
           -508.05893              39.48456            -468.57436            3181.92053 
           -506.55923              38.09850            -468.46073            3070.22217 
           -507.29841              38.83417            -468.46424            3129.50785 
           -516.07828              47.39854            -468.67973            3819.67991 
           -500.42559              31.49359            -468.93200            2537.95613 
           -517.61889              47.51822            -470.10068            3829.32399 
