           -492.01275               1.33381            -490.67894             103.18759 
           -492.57541               2.07493            -490.50048             160.52252 
           -492.38981               2.05718            -490.33263             159.14923 
           -492.56490               2.39088            -490.17402             184.96578 
           -493.50558               3.46471            -490.04087             268.04015 
           -493.17965               3.13969            -490.03997             242.89568 
           -492.35552               2.17074            -490.18479             167.93462 
           -492.30033               1.90308            -490.39725             147.22795 
           -492.89915               2.30970            -490.58945             178.68526 
           -493.17897               2.47694            -490.70203             191.62311 
           -493.19107               2.39809            -490.79298             185.52372 
           -493.95971               3.25596            -490.70376             251.89049 
           -494.43209               3.97758            -490.45451             307.71743 
           -494.33937               4.11278            -490.22660             318.17658 
           -495.03548               4.90241            -490.13308             379.26480 
           -496.19041               6.09667            -490.09374             471.65685 
           -496.21305               6.14670            -490.06635             475.52667 
           -495.64656               5.45492            -490.19164             422.00897 
           -494.94730               4.48864            -490.45866             347.25436 
           -494.63486               3.99986            -490.63501             309.44075 
           -495.48450               4.73332            -490.75118             366.18389 
           -497.35627               6.47261            -490.88367             500.74018 
           -498.74453               7.76164            -490.98289             600.46345 
           -498.85334               7.83675            -491.01659             606.27400 
           -499.01141               8.00742            -491.00399             619.47758 
           -498.73725               7.71027            -491.02698             596.48925 
           -498.60929               7.55606            -491.05323             584.55943 
           -499.20818               8.24900            -490.95918             638.16727 
           -499.45324               8.60091            -490.85233             665.39222 
           -499.40366               8.53765            -490.86600             660.49817 
           -499.42178               8.58656            -490.83522             664.28156 
           -499.59669               8.83926            -490.75743             683.83181 
           -500.39368               9.74720            -490.64648             754.07230 
           -500.92012              10.33041            -490.58972             799.19119 
           -501.43136              10.88472            -490.54665             842.07403 
           -501.80988              11.41747            -490.39241             883.28977 
           -502.24806              11.89231            -490.35574             920.02482 
           -502.85096              12.39258            -490.45838             958.72689 
           -502.73379              12.24364            -490.49015             947.20428 
           -502.72836              12.18075            -490.54761             942.33888 
           -502.68593              12.07127            -490.61467             933.86914 
           -503.90486              13.19123            -490.71363            1020.51284 
           -505.36639              14.61882            -490.74757            1130.95518 
           -506.76759              16.13926            -490.62833            1248.58149 
           -507.61802              17.06199            -490.55603            1319.96618 
           -508.15215              17.61429            -490.53786            1362.69424 
           -509.44584              18.99257            -490.45327            1469.32184 
           -511.14679              20.73603            -490.41076            1604.20090 
           -514.62581              24.17624            -490.44956            1870.34642 
           -518.94824              28.27836            -490.66988            2187.69866 
           -520.85904              29.90565            -490.95339            2313.59011 
           -518.19833              26.84537            -491.35296            2076.83804 
           -515.90405              24.00258            -491.90147            1856.91108 
           -514.00052              21.91471            -492.08581            1695.38734 
           -514.48502              22.38981            -492.09521            1732.14271 
           -514.88918              22.98263            -491.90655            1778.00506 
           -512.30722              20.51798            -491.78924            1587.33229 
           -513.62738              21.50679            -492.12059            1663.82955 
           -509.09129              16.83575            -492.25554            1302.46400 
           -509.43001              17.01274            -492.41727            1316.15622 
           -513.21415              20.62696            -492.58719            1595.76355 
           -514.51483              21.71444            -492.80038            1679.89406 
           -515.25595              22.12664            -493.12932            1711.78283 
           -513.29066              20.13010            -493.16056            1557.32490 
           -513.28270              20.35153            -492.93117            1574.45516 
           -514.35104              21.38477            -492.96627            1654.38942 
           -510.61380              17.82674            -492.78706            1379.12979 
           -510.19723              17.67789            -492.51934            1367.61438 
           -510.23202              18.15753            -492.07450            1404.72034 
           -509.48791              17.44549            -492.04243            1349.63499 
           -507.75849              15.80346            -491.95503            1222.60313 
           -511.75362              19.72653            -492.02709            1526.10320 
           -510.11461              17.89602            -492.21859            1384.48931 
           -508.68851              16.38221            -492.30631            1267.37628 
           -509.32871              16.85221            -492.47650            1303.73726 
           -509.47525              16.76656            -492.70868            1297.11130 
           -511.82944              18.85524            -492.97420            1458.69762 
           -511.47197              18.35492            -493.11704            1419.99166 
           -511.82807              19.05215            -492.77592            1473.93088 
           -513.03852              20.42666            -492.61187            1580.26710 
           -511.76452              19.71803            -492.04649            1525.44540 
           -508.53762              17.07793            -491.45969            1321.19985 
           -512.46555              21.20716            -491.25838            1640.64953 
           -511.52872              20.92919            -490.59953            1619.14466 
           -510.82661              20.65643            -490.17018            1598.04268 
           -507.96144              17.67479            -490.28665            1367.37451 
           -508.28184              17.72850            -490.55333            1371.53002 
           -511.10389              20.48958            -490.61431            1585.13483 
           -507.83927              17.56452            -490.27475            1358.84378 
           -511.89398              21.42363            -490.47036            1657.39565 
           -510.19243              19.98486            -490.20757            1546.08844 
           -511.12342              20.70388            -490.41953            1601.71409 
           -508.99622              18.65290            -490.34332            1443.04423 
           -505.81299              16.01537            -489.79762            1238.99718 
           -503.64399              13.98351            -489.66048            1081.80585 
           -504.72437              14.95804            -489.76632            1157.19890 
           -506.04779              16.36420            -489.68360            1265.98299 
           -505.18040              15.72812            -489.45229            1216.77392 
           -506.42816              17.38569            -489.04247            1345.00902 
           -509.30754              20.21980            -489.08774            1564.26396 
           -507.06256              18.10087            -488.96169            1400.33727 
           -507.89304              18.43131            -489.46173            1425.90110 
           -507.08867              18.09811            -488.99056            1400.12363 
           -507.69251              18.72899            -488.96352            1448.93046 
           -506.46413              17.65342            -488.81071            1365.72147 
           -506.26255              17.45114            -488.81140            1350.07264 
           -508.77482              19.64905            -489.12577            1520.10877 
           -507.72326              18.88636            -488.83690            1461.10518 
           -509.03647              20.56698            -488.46949            1591.12295 
           -504.28527              15.94342            -488.34184            1233.43082 
           -507.75829              19.41902            -488.33927            1502.31332 
           -510.65839              22.53673            -488.12166            1743.50894 
           -509.59324              21.72029            -487.87296            1680.34616 
           -508.30998              20.72037            -487.58960            1602.98989 
           -506.59769              18.89722            -487.70047            1461.94542 
           -507.41820              19.51409            -487.90412            1509.66795 
           -511.99893              23.95032            -488.04862            1852.86792 
           -511.93536              23.64077            -488.29458            1828.92087 
           -511.77204              23.31748            -488.45457            1803.90955 
           -509.64309              21.33881            -488.30428            1650.83388 
           -513.57077              25.05155            -488.51922            1938.06295 
           -512.00682              23.34775            -488.65907            1806.25152 
           -508.74559              19.96374            -488.78185            1544.45420 
           -511.74577              22.61005            -489.13572            1749.18089 
           -510.85673              21.27360            -489.58313            1645.78947 
           -510.23938              20.51690            -489.72248            1587.24843 
           -510.71779              20.93808            -489.77971            1619.83228 
           -510.73942              20.73451            -490.00492            1604.08319 
           -507.20959              17.79132            -489.41827            1376.38945 
           -510.31043              21.30922            -489.00121            1648.54487 
           -509.83883              20.75847            -489.08036            1605.93729 
           -508.45561              19.57772            -488.87789            1514.59088 
           -508.63005              19.42805            -489.20199            1503.01227 
           -506.55303              18.34958            -488.20345            1419.57806 
           -511.39929              22.96531            -488.43398            1776.66515 
           -510.26286              22.26806            -487.99481            1722.72349 
           -507.96528              20.59017            -487.37512            1592.91664 
           -508.35625              20.86800            -487.48825            1614.41045 
           -507.59592              20.17445            -487.42147            1560.75542 
           -506.97919              19.60205            -487.37714            1516.47275 
           -508.55325              21.24744            -487.30581            1643.76523 
           -509.13257              22.09592            -487.03665            1709.40610 
           -509.50581              22.70729            -486.79852            1756.70381 
           -508.67058              21.70287            -486.96770            1678.99900 
           -505.09317              18.34569            -486.74748            1419.27735 
           -504.90911              18.26501            -486.64410            1413.03562 
           -505.49456              18.83605            -486.65851            1457.21283 
           -506.83162              19.99379            -486.83783            1546.77930 
           -505.65485              18.71570            -486.93916            1447.90204 
           -508.40307              21.22099            -487.18208            1641.71878 
           -506.57922              19.36885            -487.21037            1498.43231 
           -508.99187              22.04454            -486.94734            1705.43121 
           -505.56635              18.68293            -486.88342            1445.36756 
           -506.80571              19.85539            -486.95032            1536.07233 
           -504.71428              18.12790            -486.58638            1402.42835 
           -505.94707              19.46013            -486.48694            1505.49335 
           -508.18920              22.03083            -486.15837            1704.37074 
           -506.61058              21.30913            -485.30144            1648.53810 
           -506.40785              21.87081            -484.53704            1691.99114 
           -506.84999              22.77530            -484.07468            1761.96528 
           -508.88640              25.00627            -483.88014            1934.55933 
           -510.46309              26.41600            -484.04708            2043.62062 
           -507.86286              23.92144            -483.94142            1850.63366 
           -505.82769              21.82666            -484.00103            1688.57543 
           -503.43924              19.33942            -484.09982            1496.15514 
           -503.23914              18.96595            -484.27318            1467.26264 
           -505.74696              21.31860            -484.42835            1649.27085 
           -505.09061              20.83176            -484.25885            1611.60733 
           -505.91854              21.32335            -484.59519            1649.63803 
           -507.10200              22.40148            -484.70052            1733.04549 
           -507.93334              23.01510            -484.91824            1780.51683 
           -505.62948              20.84724            -484.78224            1612.80457 
           -503.57601              19.18456            -484.39145            1484.17473 
           -504.30491              20.30746            -483.99745            1571.04599 
           -504.70238              20.95418            -483.74820            1621.07790 
           -503.50459              20.31674            -483.18784            1571.76364 
           -502.29681              19.39925            -482.89755            1500.78402 
           -505.31412              22.25668            -483.05743            1721.84339 
           -506.58675              23.54826            -483.03849            1821.76376 
           -505.27870              22.33803            -482.94067            1728.13689 
           -503.10355              20.27421            -482.82935            1568.47309 
           -508.82867              25.85146            -482.97721            1999.94609 
           -502.93259              20.01273            -482.91986            1548.24428 
           -503.11951              19.84893            -483.27057            1535.57253 
           -503.49871              20.07066            -483.42805            1552.72586 
           -509.87246              26.27409            -483.59837            2032.64187 
           -505.30633              21.94124            -483.36509            1697.43980 
           -506.84458              23.36560            -483.47899            1807.63219 
           -511.30440              27.62240            -483.68199            2136.95165 
           -511.67850              28.59853            -483.07996            2212.46795 
           -508.98702              25.67895            -483.30807            1986.59991 
           -506.72350              23.65928            -483.06422            1830.35216 
           -507.50263              24.33140            -483.17123            1882.34958 
           -509.28576              26.23913            -483.04663            2029.93766 
           -506.13350              22.93426            -483.19924            1774.26258 
           -504.87454              21.76624            -483.10830            1683.90152 
           -502.87029              20.20329            -482.66700            1562.98712 
           -508.58534              25.68460            -482.90074            1987.03731 
           -512.63044              29.44245            -483.18799            2277.75545 
           -508.22058              25.55215            -482.66843            1976.79088 
           -510.05160              27.91265            -482.13895            2159.40567 
           -508.64851              26.72289            -481.92561            2067.36259 
           -507.56659              26.34924            -481.21735            2038.45560 
           -502.81026              21.83908            -480.97119            1689.53605 
           -507.47085              26.29358            -481.17727            2034.14974 
           -506.06015              25.00549            -481.05466            1934.49941 
           -504.21321              23.00134            -481.21187            1779.45214 
           -506.67304              24.95963            -481.71341            1930.95148 
           -505.34435              23.90306            -481.44129            1849.21192 
           -506.65457              24.90615            -481.74842            1926.81404 
           -503.32820              21.41592            -481.91228            1656.79919 
           -508.02451              25.94081            -482.08370            2006.85837 
           -502.96503              21.26408            -481.70095            1645.05269 
           -505.08032              23.02345            -482.05687            1781.16301 
           -506.74397              24.19147            -482.55250            1871.52436 
           -504.87565              21.99062            -482.88504            1701.25976 
           -505.83806              23.31335            -482.52471            1803.59048 
           -504.92275              22.22039            -482.70236            1719.03578 
           -507.42500              25.02040            -482.40459            1935.65288 
           -505.05482              22.56163            -482.49319            1745.43482 
           -510.16236              27.28577            -482.87658            2110.90894 
           -505.90320              22.85225            -483.05095            1767.91790 
           -506.38343              23.45740            -482.92603            1814.73469 
           -508.78753              25.80657            -482.98096            1996.47316 
           -507.80071              24.79370            -483.00702            1918.11455 
           -506.69197              24.21990            -482.47206            1873.72388 
           -501.87497              19.13209            -482.74288            1480.11537 
           -507.07838              24.96573            -482.11265            1931.42346 
           -504.47874              22.44509            -482.03364            1736.41940 
           -509.81390              27.44844            -482.36546            2123.49315 
           -504.57573              22.04796            -482.52777            1705.69608 
           -512.31967              29.11238            -483.20729            2252.22050 
           -511.60520              28.80681            -482.79839            2228.58043 
           -507.30849              24.93373            -482.37476            1928.94765 
           -506.90612              24.85496            -482.05115            1922.85413 
           -506.71790              24.89322            -481.82469            1925.81349 
           -506.80631              24.72233            -482.08398            1912.59289 
           -505.53394              23.20660            -482.32735            1795.33158 
           -504.52050              22.38206            -482.13844            1731.54275 
           -502.01021              20.18857            -481.82165            1561.84776 
           -502.24209              20.61331            -481.62878            1594.70725 
           -504.97533              23.23886            -481.73647            1797.82739 
           -503.82927              22.26885            -481.56041            1722.78503 
           -504.82081              23.30070            -481.52011            1802.61162 
           -507.50622              25.92280            -481.58342            2005.46547 
           -504.93142              23.89605            -481.03538            1848.66937 
           -506.36452              25.35922            -481.00530            1961.86482 
           -503.89532              22.86727            -481.02805            1769.07988 
           -506.42966              25.93843            -480.49123            2006.67436 
           -502.53637              21.91885            -480.61752            1695.70747 
           -507.48346              27.02203            -480.46143            2090.50521 
           -506.41431              26.49244            -479.92187            2049.53435 
           -505.96013              26.25868            -479.70145            2031.44991 
           -506.24753              26.76175            -479.48579            2070.36844 
           -503.83803              25.09398            -478.74406            1941.34478 
           -505.23449              26.39357            -478.84092            2041.88530 
           -500.61626              21.99807            -478.61819            1701.83646 
           -502.94020              24.69390            -478.24630            1910.39386 
           -503.83083              25.31678            -478.51405            1958.58163 
           -502.80400              24.61621            -478.18779            1904.38312 
           -499.70166              21.61911            -478.08255            1672.51849 
           -498.35159              20.73819            -477.61340            1604.36853 
           -500.78064              23.13704            -477.64360            1789.95065 
           -500.74692              23.26757            -477.47935            1800.04862 
           -499.09100              21.77268            -477.31832            1684.39932 
           -499.91635              22.59014            -477.32621            1747.64058 
           -500.62293              23.44465            -477.17828            1813.74791 
           -499.02233              21.70511            -477.31722            1679.17189 
           -500.85930              23.75291            -477.10639            1837.59560 
           -504.96808              27.69618            -477.27190            2142.65874 
           -504.63292              27.23848            -477.39444            2107.24996 
           -498.96609              21.44184            -477.52425            1658.80440 
           -504.03467              25.88271            -478.15196            2002.36361 
           -502.65060              25.13368            -477.51692            1944.41642 
           -501.09029              23.51374            -477.57655            1819.09285 
           -503.74153              26.15839            -477.58314            2023.69082 
           -504.62808              27.46329            -477.16480            2124.64183 
           -501.71491              24.22890            -477.48601            1874.41972 
           -505.07520              27.39379            -477.68141            2119.26535 
           -503.67898              26.59567            -477.08330            2057.52057 
           -503.42045              26.45948            -476.96097            2046.98406 
           -503.44081              26.56359            -476.87722            2055.03889 
           -503.88041              27.05353            -476.82688            2092.94144 
           -507.78520              30.61639            -477.16881            2368.57540 
           -505.76761              28.90970            -476.85791            2236.54050 
           -507.06175              30.66755            -476.39420            2372.53317 
           -497.71848              21.72038            -475.99810            1680.35327 
           -503.33698              26.92292            -476.41406            2082.83731 
           -503.56451              27.30346            -476.26106            2112.27689 
           -503.55282              27.49018            -476.06264            2126.72247 
           -499.00349              23.35712            -475.64637            1806.97661 
           -501.84568              26.08944            -475.75624            2018.35712 
           -505.68169              29.98738            -475.69431            2319.91325 
           -501.78908              26.56604            -475.22303            2055.22820 
           -504.01014              28.45885            -475.55129            2201.66149 
           -498.70048              23.61651            -475.08397            1827.04369 
           -503.82021              28.58088            -475.23932            2211.10245 
           -499.13546              24.37096            -474.76450            1885.41021 
           -498.74002              23.95285            -474.78717            1853.06364 
           -504.10741              28.92036            -475.18705            2237.36503 
           -502.37093              27.43102            -474.93991            2122.14584 
           -499.55263              25.18532            -474.36730            1948.41180 
           -498.74833              24.60300            -474.14533            1903.36184 
           -499.16812              25.14664            -474.02148            1945.41940 
           -504.84011              31.00132            -473.83879            2398.35449 
           -498.99121              26.14609            -472.84512            2022.73969 
           -493.63664              20.97490            -472.66174            1622.68122 
           -498.74448              26.20096            -472.54352            2026.98422 
           -501.35900              28.73880            -472.62020            2223.31944 
           -504.51542              31.50372            -473.01170            2437.22207 
           -498.61249              26.07671            -472.53577            2017.37238 
           -502.94010              30.76227            -472.17783            2379.86074 
           -499.49783              27.66179            -471.83604            2139.99860 
           -499.51805              26.32929            -473.18876            2036.91237 
           -502.78379              29.75009            -473.03370            2301.55546 
           -500.06384              27.42856            -472.63528            2121.95493 
           -504.75434              31.28477            -473.46957            2420.28321 
           -506.66171              33.41526            -473.24645            2585.10421 
           -506.18687              32.98017            -473.20670            2551.44471 
           -507.06104              34.09330            -472.96774            2637.55912 
           -504.32611              30.89792            -473.42819            2390.35539 
           -502.39006              29.34692            -473.04314            2270.36531 
           -502.63814              29.54239            -473.09574            2285.48781 
           -499.95918              27.10197            -472.85721            2096.68918 
           -498.98326              25.71104            -473.27222            1989.08293 
           -499.84783              26.25124            -473.59659            2030.87426 
           -502.07053              28.25423            -473.81630            2185.83149 
           -499.24914              25.83435            -473.41479            1998.62272 
           -501.66878              27.71983            -473.94895            2144.48890 
           -502.16759              28.59334            -473.57426            2212.06571 
           -501.36776              27.83824            -473.52952            2153.64894 
           -500.88682              27.18962            -473.69720            2103.47005 
           -500.25113              26.82961            -473.42152            2075.61830 
           -500.46174              27.00450            -473.45725            2089.14863 
           -500.96565              27.57254            -473.39311            2133.09390 
           -505.46677              31.97729            -473.48948            2473.85869 
           -501.82913              29.07816            -472.75097            2249.57306 
           -498.64028              26.18274            -472.45754            2025.57484 
           -504.83648              32.74196            -472.09453            2533.01533 
           -500.88236              28.81296            -472.06940            2229.05620 
           -502.59198              30.39739            -472.19459            2351.63274 
           -502.78918              30.47826            -472.31091            2357.88939 
           -503.90799              31.26077            -472.64722            2418.42648 
           -500.35062              28.50277            -471.84785            2205.05926 
           -501.17819              29.19858            -471.97961            2258.88927 
           -500.06465              28.39463            -471.67003            2196.69295 
           -500.73267              29.26281            -471.46987            2263.85803 
           -502.44269              30.98102            -471.46167            2396.78379 
           -499.26944              27.61341            -471.65602            2136.25597 
           -496.41997              25.06033            -471.35964            1938.74199 
           -497.47973              26.80470            -470.67503            2073.69136 
           -493.64133              23.13051            -470.51082            1789.44546 
           -498.37973              27.96623            -470.41350            2163.55065 
           -495.82656              25.99664            -469.82991            2011.17789 
           -491.43440              21.98498            -469.44942            1700.82359 
           -497.29960              28.04972            -469.24988            2170.01025 
           -492.43785              23.23332            -469.20453            1797.39894 
           -495.71205              26.57215            -469.13990            2055.70091 
           -494.56437              25.65859            -468.90577            1985.02517 
           -497.58681              29.28761            -468.29920            2265.77689 
           -498.90716              30.31854            -468.58863            2345.53234 
           -497.27074              28.94020            -468.33054            2238.90003 
           -503.61990              34.96034            -468.65955            2704.63642 
           -499.53332              31.04051            -468.49281            2401.38662 
           -502.66577              33.86638            -468.79939            2620.00398 
           -502.32131              33.58666            -468.73466            2598.36398 
           -500.99273              32.41032            -468.58240            2507.35938 
           -501.82972              33.08040            -468.74932            2559.19849 
           -502.61486              34.32452            -468.29034            2655.44747 
           -498.29651              30.64935            -467.64716            2371.12516 
           -496.71137              28.73916            -467.97221            2223.34745 
           -500.46382              32.30316            -468.16066            2499.06889 
           -497.01601              28.75001            -468.26599            2224.18692 
           -501.62599              33.41662            -468.20936            2585.20978 
           -499.07626              31.00916            -468.06710            2398.96115 
           -495.70885              28.21655            -467.49230            2182.91612 
           -500.12090              32.83284            -467.28806            2540.04652 
           -495.08723              28.24666            -466.84057            2185.24561 
           -495.73035              29.39034            -466.34000            2273.72467 
           -495.53126              29.42490            -466.10636            2276.39783 
           -496.97396              31.08049            -465.89347            2404.47932 
           -493.34584              28.15874            -465.18711            2178.44378 
           -493.97303              29.14461            -464.82842            2254.71387 
           -493.83974              29.27421            -464.56553            2264.74054 
           -494.95103              30.23632            -464.71471            2339.17192 
           -494.64185              29.33540            -465.30645            2269.47376 
           -493.94712              29.48716            -464.45996            2281.21472 
           -497.74372              32.62188            -465.12184            2523.72598 
           -496.43901              31.68811            -464.75090            2451.48654 
           -496.20975              32.17112            -464.03863            2488.85387 
           -495.20094              31.46037            -463.74057            2433.86806 
           -496.77448              32.30641            -464.46807            2499.31997 
           -495.92214              31.86961            -464.05253            2465.52795 
           -494.09904              30.63939            -463.45965            2370.35429 
           -495.92625              32.00695            -463.91930            2476.15292 
           -495.16857              32.28704            -462.88153            2497.82183 
           -498.18831              35.04283            -463.14548            2711.01770 
           -494.10392              31.41677            -462.68714            2430.49513 
           -490.74633              27.80613            -462.94020            2151.16488 
           -488.65445              25.56867            -463.08578            1978.06846 
           -494.19498              30.85469            -463.34029            2387.01115 
           -493.84174              29.91558            -463.92616            2314.35853 
           -496.36736              32.56349            -463.80387            2519.20898 
           -490.06955              27.01984            -463.04971            2090.33557 
           -498.53817              35.35243            -463.18574            2734.96913 
           -495.48050              32.33790            -463.14260            2501.75612 
           -495.60208              32.45846            -463.14363            2511.08309 
           -500.94850              37.31394            -463.63456            2886.71778 
           -499.37483              35.41153            -463.96330            2739.54182 
           -494.80422              30.59325            -464.21097            2366.78506 
           -492.97392              28.91159            -464.06233            2236.68674 
           -495.83162              31.89905            -463.93258            2467.80533 
           -493.84195              29.69429            -464.14766            2297.23876 
           -498.35275              33.86123            -464.49152            2619.60578 
           -497.36219              32.92584            -464.43635            2547.24157 
           -505.24973              40.31028            -464.93945            3118.52350 
           -497.83346              32.94260            -464.89085            2548.53788 
           -497.15533              32.19916            -464.95617            2491.02310 
           -492.35696              27.45229            -464.90468            2123.79100 
           -492.18800              27.67939            -464.50861            2141.35992 
           -492.13700              27.66210            -464.47490            2140.02264 
           -498.11619              33.17234            -464.94384            2566.31135 
           -497.22258              32.63475            -464.58783            2524.72157 
           -496.34240              31.74267            -464.59973            2455.70773 
           -498.79360              33.80133            -464.99227            2614.97195 
           -493.51338              29.21808            -464.29530            2260.39777 
           -492.69642              27.86819            -464.82824            2155.96606 
           -499.18686              33.76464            -465.42222            2612.13315 
           -494.93390              29.99575            -464.93815            2320.56072 
           -496.41111              31.74996            -464.66115            2456.27126 
           -495.52845              30.80772            -464.72073            2383.37721 
           -493.14810              28.63465            -464.51345            2215.26174 
           -497.77131              32.90078            -464.87054            2545.30228 
           -496.97471              32.22500            -464.74971            2493.02239 
           -496.81541              31.90692            -464.90848            2468.41469 
           -495.14982              30.83302            -464.31680            2385.33419 
           -494.12123              30.31615            -463.80509            2345.34766 
           -495.04909              30.35168            -464.69742            2348.09626 
           -501.53594              36.55804            -464.97791            2828.23867 
           -492.39007              27.60401            -464.78606            2135.52866 
           -494.39022              29.30204            -465.08817            2266.89339 
           -492.98749              27.85793            -465.12957            2155.17229 
           -492.92804              28.41326            -464.51477            2198.13487 
           -492.87080              27.97148            -464.89931            2163.95730 
           -492.79520              28.09068            -464.70452            2173.17856 
           -489.85488              25.60792            -464.24696            1981.10475 
           -500.06820              35.52705            -464.54115            2748.47825 
           -498.79455              34.01859            -464.77595            2631.77991 
           -491.14699              27.10918            -464.03781            2097.24715 
           -495.97996              32.02229            -463.95767            2477.33987 
           -494.49791              30.67967            -463.81823            2373.47086 
           -495.28710              31.30387            -463.98323            2421.76103 
           -494.69083              30.71429            -463.97654            2376.14906 
           -495.59711              32.13087            -463.46623            2485.74024 
           -497.22295              33.55162            -463.67133            2595.65377 
           -496.13544              32.96252            -463.17293            2550.07860 
           -491.33409              28.35239            -462.98169            2193.42580 
           -495.78987              32.12694            -463.66293            2485.43595 
           -496.68073              33.04652            -463.63421            2556.57765 
           -493.72673              30.49898            -463.22775            2359.49196 
           -495.66471              32.86541            -462.79930            2542.56611 
           -497.51443              34.78376            -462.73067            2690.97508 
           -498.79647              35.71800            -463.07847            2763.25113 
           -496.53957              33.24234            -463.29724            2571.72640 
           -495.30198              32.33956            -462.96243            2501.88473 
           -498.19788              35.11599            -463.08188            2716.67799 
           -493.37378              30.63995            -462.73382            2370.39832 
           -490.40114              28.04217            -462.35897            2169.42568 
           -492.67646              29.90632            -462.77013            2313.64243 
           -496.91902              33.69597            -463.22305            2606.82106 
           -495.95875              32.74721            -463.21154            2533.42187 
           -491.17433              28.52915            -462.64518            2207.10032 
           -493.67164              31.08814            -462.58350            2405.07098 
           -489.60790              27.46245            -462.14545            2124.57706 
           -496.48117              34.47080            -462.01037            2666.76380 
           -496.41118              33.99548            -462.41569            2629.99206 
           -497.06303              34.67609            -462.38695            2682.64564 
           -489.59769              28.10918            -461.48852            2174.60997 
           -492.73808              30.87192            -461.86616            2388.34348 
           -492.34544              30.53699            -461.80845            2362.43301 
           -490.91494              29.25745            -461.65749            2263.44367 
           -496.37562              35.10405            -461.27158            2715.75367 
           -492.19900              30.67484            -461.52416            2373.09743 
           -493.19383              31.69168            -461.50215            2451.76285 
           -495.06046              33.72546            -461.33500            2609.10246 
           -500.69474              39.18880            -461.50595            3031.76210 
           -493.97882              32.40585            -461.57296            2507.01362 
           -499.72232              37.99686            -461.72545            2939.55081 
           -496.11129              35.07366            -461.03763            2713.40274 
           -494.42615              33.34481            -461.08134            2579.65365 
           -490.57586              29.31857            -461.25729            2268.17184 
           -490.02940              28.74214            -461.28727            2223.57738 
           -493.19887              31.38192            -461.81695            2427.79898 
           -490.91778              28.80122            -462.11657            2228.14798 
           -494.01995              31.88737            -462.13258            2466.90214 
           -497.87290              35.61591            -462.25699            2755.35280 
           -493.25829              31.48140            -461.77689            2435.49471 
           -492.98002              31.66568            -461.31434            2449.75143 
           -494.46222              33.50350            -460.95872            2591.93056 
           -492.08894              31.54830            -460.54064            2440.67094 
           -492.83502              32.21149            -460.62353            2491.97717 
           -489.73387              29.17656            -460.55731            2257.18609 
           -488.35696              27.94832            -460.40864            2162.16514 
           -494.32667              33.98434            -460.34234            2629.12962 
           -490.54458              30.36686            -460.17772            2349.27089 
           -489.67096              29.67546            -459.99550            2295.78173 
           -485.78178              25.90230            -459.87949            2003.87886 
           -490.18829              31.10607            -459.08222            2406.45828 
           -490.79240              32.00203            -458.79038            2475.77213 
           -489.54900              31.20074            -458.34826            2413.78214 
           -489.33350              31.11999            -458.21352            2407.53491 
           -485.38951              27.07997            -458.30954            2094.98698 
           -490.92933              31.80366            -459.12567            2460.42589 
           -490.79575              31.98402            -458.81173            2474.37883 
           -491.43869              33.27161            -458.16708            2573.99096 
           -486.55987              28.74187            -457.81799            2223.55706 
           -493.39227              35.70994            -457.68233            2762.62725 
           -487.06756              29.56944            -457.49812            2287.58047 
           -493.97892              36.35856            -457.62036            2812.80699 
           -493.15496              35.33389            -457.82107            2733.53539 
           -490.31488              32.49777            -457.81711            2514.12451 
           -484.07876              26.94439            -457.13438            2084.49819 
           -493.33437              36.37009            -456.96428            2813.69856 
           -489.70574              32.26788            -457.43786            2496.33960 
           -490.53452              33.18522            -457.34930            2567.30740 
           -492.41309              34.39376            -458.01933            2660.80426 
           -491.87388              34.36140            -457.51248            2658.30035 
           -489.04867              31.41167            -457.63700            2430.10054 
           -490.46665              32.58636            -457.88029            2520.97791 
           -492.97817              35.33109            -457.64708            2733.31834 
           -485.65597              28.60476            -457.05121            2212.94967 
           -489.54132              32.14342            -457.39790            2486.71111 
           -489.50344              32.15207            -457.35136            2487.38031 
           -490.96253              33.20303            -457.75951            2568.68525 
           -488.76665              31.92063            -456.84602            2469.47540 
           -488.05991              31.27373            -456.78618            2419.42890 
           -485.56810              28.68284            -456.88526            2218.99019 
           -495.83592              38.75493            -457.08099            2998.19674 
           -486.07633              29.08448            -456.99184            2250.06250 
           -486.44498              29.23960            -457.20538            2262.06284 
           -491.17967              33.70407            -457.47560            2607.44763 
           -489.60701              32.51223            -457.09478            2515.24317 
           -494.88016              37.93832            -456.94184            2935.02167 
           -489.93984              33.50678            -456.43306            2592.18483 
           -488.07318              31.49786            -456.57532            2436.76875 
           -487.23545              30.23593            -456.99952            2339.14186 
           -490.28236              32.77694            -457.50542            2535.72157 
           -484.81378              27.57080            -457.24298            2132.95972 
           -491.41308              33.92447            -457.48861            2624.49848 
           -486.71453              28.83272            -457.88181            2230.58544 
           -494.61320              36.88374            -457.72946            2853.43639 
           -487.22525              29.97098            -457.25427            2318.64470 
           -489.94353              32.65094            -457.29259            2525.97416 
           -493.40139              35.91964            -457.48175            2778.85013 
           -496.03892              38.32314            -457.71578            2964.79276 
           -491.57256              33.89308            -457.67948            2622.06976 
           -491.74535              34.10755            -457.63779            2638.66202 
           -491.63433              34.33520            -457.29913            2656.27389 
           -497.86811              40.72450            -457.14361            3150.56861 
           -489.24343              31.96556            -457.27787            2472.95125 
           -491.15863              34.29389            -456.86474            2653.07739 
           -495.53829              38.90788            -456.63040            3010.03003 
           -487.82009              31.18048            -456.63961            2412.21472 
           -489.65491              32.88982            -456.76509            2544.45486 
           -496.78290              40.27248            -456.51042            3115.59931 
           -493.74818              37.04989            -456.69828            2866.29035 
           -491.83961              36.08406            -455.75555            2791.57036 
           -489.26172              33.05974            -456.20198            2557.59978 
           -492.25118              35.48597            -456.76520            2745.30090 
           -495.31010              38.51168            -456.79842            2979.37813 
           -489.34020              32.70226            -456.63793            2529.94459 
           -488.28502              31.36312            -456.92190            2426.34459 
           -490.21789              33.52051            -456.69738            2593.24685 
           -493.21553              36.47090            -456.74463            2821.49766 
           -491.87197              35.78857            -456.08339            2768.71091 
           -488.61158              32.58128            -456.03030            2520.58539 
           -488.34117              32.15741            -456.18376            2487.79325 
           -485.62464              29.89785            -455.72679            2312.98681 
           -493.37390              37.74120            -455.63271            2919.77146 
           -491.53191              36.15400            -455.37791            2796.98146 
           -488.92580              33.76421            -455.16159            2612.09991 
           -484.61805              29.96499            -454.65307            2318.18070 
           -489.47826              34.18001            -455.29825            2644.26732 
           -494.21205              39.18234            -455.02971            3031.26259 
           -487.07361              32.00407            -455.06954            2475.93042 
           -491.54980              36.41075            -455.13905            2816.84419 
           -484.93003              29.83955            -455.09048            2308.47658 
           -488.47385              33.69288            -454.78097            2606.58149 
           -492.23424              37.16644            -455.06780            2875.30696 
           -482.41939              28.06085            -454.35854            2170.87094 
           -485.45572              30.41296            -455.04276            2352.83728 
           -491.11223              36.53292            -454.57931            2826.29555 
           -487.97493              33.36426            -454.61068            2581.15852 
           -490.56146              36.15543            -454.40603            2797.09174 
           -483.99471              30.11677            -453.87794            2329.92356 
           -491.37339              37.51134            -453.86205            2901.98921 
           -487.75146              34.11211            -453.63935            2639.01436 
           -485.72061              32.45785            -453.26277            2511.03590 
           -488.24549              34.55744            -453.68806            2673.46634 
           -485.49897              32.56411            -452.93486            2519.25642 
