           -502.98256               1.52488            -501.45768             117.96963 
           -503.56066               2.21300            -501.34767             171.20409 
           -503.27702               2.02183            -501.25519             156.41505 
           -503.67482               2.52941            -501.14541             195.68276 
           -504.17571               3.07427            -501.10144             237.83452 
           -503.64788               2.56642            -501.08146             198.54563 
           -503.11894               1.95614            -501.16280             151.33281 
           -503.19136               1.87715            -501.31421             145.22183 
           -503.66663               2.27711            -501.38952             176.16429 
           -503.60534               2.14403            -501.46132             165.86828 
           -504.06820               2.54109            -501.52711             196.58627 
           -504.92635               3.47621            -501.45014             268.93001 
           -504.85652               3.52386            -501.33265             272.61663 
           -504.62967               3.43044            -501.19924             265.38881 
           -505.00785               3.88791            -501.11994             300.78007 
           -505.76588               4.64564            -501.12024             359.40049 
           -505.75118               4.67771            -501.07347             361.88141 
           -505.89165               4.74196            -501.14969             366.85213 
           -506.55334               5.23352            -501.31982             404.88071 
           -506.55024               5.15095            -501.39929             398.49305 
           -506.33859               4.82253            -501.51606             373.08521 
           -507.12848               5.50981            -501.61867             426.25564 
           -507.74317               6.09617            -501.64700             471.61764 
           -507.73520               6.10500            -501.63021             472.30072 
           -507.52656               6.00262            -501.52394             464.38034 
           -507.54246               6.06508            -501.47738             469.21264 
           -507.03124               5.63968            -501.39156             436.30251 
           -507.56172               6.26800            -501.29372             484.91119 
           -508.40121               7.08987            -501.31134             548.49375 
           -508.70275               7.28819            -501.41456             563.83603 
           -508.55282               7.06291            -501.48991             546.40793 
           -508.55609               6.98478            -501.57132             540.36312 
           -508.65046               7.00372            -501.64674             541.82864 
           -508.52012               6.83124            -501.68887             528.48547 
           -508.03862               6.40695            -501.63167             495.66077 
           -508.73058               7.22330            -501.50728             558.81598 
           -509.28026               7.84666            -501.43360             607.04105 
           -509.52260               8.15992            -501.36268             631.27576 
           -510.39312               9.14539            -501.24774             707.51437 
           -511.47963              10.21451            -501.26512             790.22519 
           -512.25639              10.89350            -501.36289             842.75401 
           -512.74172              11.27329            -501.46843             872.13527 
           -513.16326              11.61111            -501.55215             898.27011 
           -513.79247              12.20776            -501.58470             944.42881 
           -513.72108              12.07612            -501.64496             934.24485 
           -514.28169              12.65875            -501.62294             979.31877 
           -515.24579              13.79626            -501.44954            1067.31948 
           -515.89953              14.51303            -501.38651            1122.77100 
           -516.65802              15.27494            -501.38309            1181.71469 
           -519.25336              17.86856            -501.38479            1382.36548 
           -525.85304              24.37282            -501.48022            1885.55397 
           -529.95883              28.36447            -501.59436            2194.36019 
           -532.53016              30.60039            -501.92978            2367.33738 
           -530.68111              28.50721            -502.17390            2205.40262 
           -521.26203              19.36112            -501.90091            1497.83372 
           -516.47321              15.12666            -501.34656            1170.24335 
           -518.31227              16.75848            -501.55378            1296.48633 
           -521.47349              19.72937            -501.74412            1526.32283 
           -524.25764              22.22893            -502.02871            1719.69625 
           -523.37869              20.92675            -502.45194            1618.95603 
           -522.55260              19.82423            -502.72837            1533.66181 
           -525.94389              22.84891            -503.09498            1767.65964 
           -525.73647              22.63853            -503.09794            1751.38399 
           -525.12975              22.25792            -502.87182            1721.93923 
           -523.60974              20.94083            -502.66892            1620.04476 
           -517.79538              15.28977            -502.50561            1182.86217 
           -517.91702              15.61348            -502.30354            1207.90520 
           -515.32630              13.42877            -501.89753            1038.88963 
           -515.08834              13.93048            -501.15786            1077.70366 
           -515.33058              14.54556            -500.78502            1125.28819 
           -517.44803              16.86383            -500.58420            1304.63626 
           -517.29705              16.79730            -500.49975            1299.48936 
           -516.81591              16.28956            -500.52635            1260.20887 
           -518.14346              17.65778            -500.48568            1366.05876 
           -515.36196              15.02271            -500.33925            1162.20154 
           -518.05983              17.46247            -500.59737            1350.94844 
           -517.40140              16.40002            -501.00138            1268.75450 
           -519.34516              17.89017            -501.45500            1384.03655 
           -521.24735              19.37386            -501.87349            1498.81951 
           -519.89954              18.14926            -501.75028            1404.08127 
           -519.24668              17.25732            -501.98936            1335.07776 
           -518.35834              16.71991            -501.63844            1293.50193 
           -519.72127              18.33341            -501.38787            1418.32692 
           -518.92627              18.01054            -500.91573            1393.34933 
           -519.22347              18.71428            -500.50919            1447.79245 
           -517.73787              17.93451            -499.80336            1387.46734 
           -516.73142              17.26984            -499.46158            1336.04661 
           -518.63747              19.30499            -499.33249            1493.49154 
           -515.31149              15.89775            -499.41374            1229.89719 
           -517.77036              18.43066            -499.33970            1425.85093 
           -515.58748              16.73362            -498.85386            1294.56266 
           -514.93092              16.51316            -498.41776            1277.50715 
           -514.46905              16.12706            -498.34199            1247.63709 
           -513.66173              16.06360            -497.59813            1242.72838 
           -513.99532              16.87102            -497.12429            1305.19277 
           -514.88172              17.76770            -497.11402            1374.56259 
           -511.95598              14.75810            -497.19788            1141.73074 
           -516.02092              18.58238            -497.43853            1437.58869 
           -512.60559              14.96420            -497.64138            1157.67539 
           -514.62123              17.14522            -497.47601            1326.40568 
           -514.50110              17.31642            -497.18467            1339.65030 
           -515.26812              18.22901            -497.03912            1410.25040 
           -515.10763              17.98200            -497.12563            1391.14083 
           -515.75713              18.65179            -497.10534            1442.95828 
           -515.88936              18.94088            -496.94849            1465.32287 
           -517.27946              20.16039            -497.11908            1559.66758 
           -518.01004              20.65702            -497.35302            1598.08889 
           -516.13739              18.75282            -497.38457            1450.77385 
           -515.40463              17.87026            -497.53437            1382.49662 
           -516.80699              19.08224            -497.72476            1476.25870 
           -518.40828              20.42464            -497.98363            1580.11146 
           -514.71672              16.99358            -497.72315            1314.67384 
           -514.71265              16.65706            -498.05559            1288.63967 
           -518.66865              19.95759            -498.71106            1543.97844 
           -517.70592              19.41420            -498.29172            1501.94069 
           -517.64946              19.83397            -497.81549            1534.41511 
           -515.09820              17.42269            -497.67551            1347.87133 
           -519.85052              22.28817            -497.56235            1724.27897 
           -512.74485              15.85616            -496.88869            1226.67981 
           -518.76599              21.84420            -496.92180            1689.93214 
           -514.10235              17.20639            -496.89596            1331.13756 
           -516.13253              19.00004            -497.13249            1469.89960 
           -515.03614              17.32634            -497.70980            1340.41718 
           -513.58265              15.90087            -497.68178            1230.13884 
           -513.23555              15.58048            -497.65507            1205.35229 
           -518.54592              20.62932            -497.91660            1595.94556 
           -516.16692              18.26277            -497.90416            1412.86213 
           -514.94279              17.08194            -497.86086            1321.50949 
           -515.83347              18.00278            -497.83069            1392.74905 
           -515.36272              17.53639            -497.82633            1356.66756 
           -515.66086              17.50143            -498.15944            1353.96251 
           -516.51017              18.33910            -498.17107            1418.76746 
           -516.05337              18.34768            -497.70569            1419.43116 
           -518.45222              20.93180            -497.52042            1619.34626 
           -516.92052              19.16566            -497.75486            1482.71292 
           -518.73383              20.82170            -497.91213            1610.82878 
           -518.12564              20.20735            -497.91829            1563.30074 
           -519.33469              20.85527            -498.47941            1613.42625 
           -514.96656              16.74057            -498.22598            1295.10061 
           -519.13443              20.64791            -498.48653            1597.38367 
           -517.81071              19.26886            -498.54185            1490.69656 
           -520.04876              21.05418            -498.99457            1628.81447 
           -520.03227              20.62183            -499.41044            1595.36629 
           -519.02294              19.84009            -499.18285            1534.88869 
           -513.81535              14.95749            -498.85786            1157.15601 
           -516.38344              17.73445            -498.64899            1371.99017 
           -516.57108              17.98446            -498.58662            1391.33138 
           -516.70163              18.10662            -498.59502            1400.78179 
           -518.84864              20.05885            -498.78979            1551.81249 
           -518.85203              20.43025            -498.42178            1580.54534 
           -517.59181              19.23289            -498.35892            1487.91378 
           -517.94626              19.21377            -498.73249            1486.43458 
           -516.78572              17.88809            -498.89763            1383.87577 
           -518.07884              19.23836            -498.84049            1488.33661 
           -519.25754              20.84570            -498.41183            1612.68565 
           -518.97726              20.55032            -498.42694            1589.83377 
           -518.41639              20.08099            -498.33540            1553.52504 
           -516.05480              17.99117            -498.06364            1391.85022 
           -517.39891              18.98213            -498.41678            1468.51414 
           -517.54081              19.00921            -498.53160            1470.60922 
           -522.22682              23.91185            -498.31497            1849.89222 
           -517.57260              19.64612            -497.92648            1519.88233 
           -517.46576              20.03516            -497.43060            1549.97982 
           -516.56017              19.61300            -496.94717            1517.32037 
           -516.01013              19.36848            -496.64164            1498.40359 
           -513.55738              17.31877            -496.23861            1339.83153 
           -515.69863              19.46197            -496.23666            1505.63596 
           -517.27662              21.06638            -496.21024            1629.75828 
           -516.82836              20.82007            -496.00829            1610.70305 
           -514.14292              18.04082            -496.10210            1395.69145 
           -514.23102              18.14197            -496.08904            1403.51712 
           -513.75692              17.75636            -496.00056            1373.68491 
           -515.25374              19.29080            -495.96294            1492.39389 
           -514.95573              19.03502            -495.92071            1472.60597 
           -516.78842              20.98910            -495.79932            1623.77906 
           -516.13200              20.30234            -495.82966            1570.64959 
           -514.20164              18.29839            -495.90325            1415.61836 
           -512.76782              17.21164            -495.55618            1331.54366 
           -518.48554              22.69151            -495.79402            1755.48308 
           -514.34329              19.27423            -495.06906            1491.11167 
           -514.74079              20.06201            -494.67879            1552.05663 
           -515.98505              21.69716            -494.28789            1678.55715 
           -513.48727              19.14630            -494.34097            1481.21467 
           -513.65888              19.84862            -493.81026            1535.54860 
           -513.57196              20.13895            -493.43301            1558.00912 
           -514.08261              20.77839            -493.30422            1607.47800 
           -516.10532              22.85864            -493.24669            1768.41230 
           -511.28756              18.25942            -493.02813            1412.60333 
           -516.06130              23.45578            -492.60552            1814.60915 
           -512.48172              20.01009            -492.47163            1548.04053 
           -514.12707              21.34270            -492.78437            1651.13496 
           -515.11930              22.45281            -492.66648            1737.01658 
           -514.55602              22.16728            -492.38874            1714.92684 
           -517.84555              25.74321            -492.10234            1991.57152 
           -516.50833              24.22006            -492.28827            1873.73614 
           -511.85517              19.89463            -491.96054            1539.10808 
           -515.48469              22.95076            -492.53393            1775.53908 
           -516.56628              24.04631            -492.51998            1860.29422 
           -514.75049              22.18982            -492.56067            1716.67031 
           -517.21172              24.58325            -492.62847            1901.83339 
           -515.06104              22.87124            -492.18980            1769.38757 
           -512.02374              19.67444            -492.34930            1522.07362 
           -517.63357              24.41697            -493.21660            1888.96962 
           -514.37211              21.00974            -493.36237            1625.37628 
           -517.93079              24.46785            -493.46294            1892.90561 
           -516.53381              22.90984            -493.62397            1772.37364 
           -514.83665              21.51627            -493.32038            1664.56265 
           -516.52428              23.36236            -493.16192            1807.38172 
           -514.80977              21.64361            -493.16616            1674.41398 
           -517.26226              23.69525            -493.56701            1833.13552 
           -518.26156              24.25076            -494.01080            1876.11089 
           -513.94777              20.11742            -493.83035            1556.34373 
           -514.74330              21.13667            -493.60663            1635.19565 
           -513.04938              19.86227            -493.18711            1536.60440 
           -514.81093              22.02867            -492.78226            1704.20351 
           -516.18260              23.18131            -493.00129            1793.37547 
           -514.51920              21.17555            -493.34365            1638.20356 
           -513.58903              20.08623            -493.50280            1553.93083 
           -516.13813              22.93687            -493.20127            1774.46435 
           -516.91545              23.55131            -493.36414            1821.99962 
           -514.78676              21.35160            -493.43516            1651.82354 
           -514.43534              21.31804            -493.11730            1649.22716 
           -514.85441              21.95169            -492.90272            1698.24786 
           -513.99236              20.80817            -493.18419            1609.78203 
           -516.35123              22.96961            -493.38162            1776.99770 
           -514.83221              21.41455            -493.41765            1656.69385 
           -516.14675              22.70561            -493.44115            1756.57340 
           -515.67834              22.36898            -493.30936            1730.53134 
           -517.19257              23.90710            -493.28547            1849.52479 
           -514.74203              21.62982            -493.11222            1673.34702 
           -512.83981              19.75385            -493.08596            1528.21676 
           -513.95479              20.59584            -493.35895            1593.35566 
           -515.67834              22.05624            -493.62210            1706.33627 
           -516.45135              22.77691            -493.67444            1762.08941 
           -513.30306              19.56343            -493.73963            1513.48526 
           -513.66306              19.60662            -494.05644            1516.82690 
           -517.57040              23.79691            -493.77349            1841.00013 
           -513.81344              20.26009            -493.55334            1567.38109 
           -519.04493              25.09161            -493.95331            1941.16212 
           -515.44157              21.37847            -494.06310            1653.90187 
           -516.73342              22.73445            -493.99897            1758.80507 
           -514.00203              19.83869            -494.16334            1534.78031 
           -518.59126              24.20933            -494.38193            1872.90591 
           -513.91948              19.63079            -494.28868            1518.69686 
           -517.02617              23.28347            -493.74270            1801.27873 
           -517.40275              23.69158            -493.71117            1832.85165 
           -513.47962              19.92390            -493.55572            1541.37267 
           -517.87005              24.14989            -493.72016            1868.30781 
           -514.66508              20.91627            -493.74882            1618.14468 
           -514.25989              20.49989            -493.76000            1585.93291 
           -514.08353              20.25390            -493.82963            1566.90201 
           -517.56947              23.52774            -494.04173            1820.17618 
           -514.98958              21.12008            -493.86950            1633.91234 
           -517.09181              23.04266            -494.04914            1782.64902 
           -511.33584              17.56242            -493.77342            1358.68154 
           -513.68877              19.98132            -493.70744            1545.81481 
           -512.86189              19.20660            -493.65529            1485.87997 
           -514.43841              20.92361            -493.51481            1618.71260 
           -514.91337              21.37596            -493.53741            1653.70797 
           -515.30884              22.14132            -493.16752            1712.91829 
           -515.70341              22.52786            -493.17555            1742.82221 
           -514.87291              21.83486            -493.03804            1689.21012 
           -516.81913              23.81399            -493.00514            1842.32093 
           -519.30737              26.01804            -493.28933            2012.83324 
           -512.98439              20.17083            -492.81355            1560.47592 
           -515.05584              22.16748            -492.88837            1714.94226 
           -512.21746              19.83066            -492.38680            1534.15894 
           -516.37223              24.36836            -492.00387            1885.20889 
           -512.50225              21.44544            -491.05680            1659.08355 
           -514.30624              23.29258            -491.01366            1801.98344 
           -512.78032              21.55144            -491.22888            1667.28376 
           -514.36834              23.07311            -491.29523            1785.00489 
           -511.30959              20.27149            -491.03810            1568.26329 
           -512.18126              21.13911            -491.04215            1635.38441 
           -516.79598              25.50664            -491.28934            1973.26964 
           -514.88858              23.87087            -491.01771            1846.72163 
           -516.00716              24.60595            -491.40121            1903.58967 
           -511.87124              20.77123            -491.10001            1606.92449 
           -512.51191              21.86383            -490.64808            1691.45125 
           -514.63462              24.10967            -490.52495            1865.19572 
           -511.58718              21.57776            -490.00942            1669.31969 
           -507.26699              17.92876            -489.33823            1387.02245 
           -510.87632              21.70618            -489.17013            1679.25512 
           -513.70336              24.44044            -489.26292            1890.78514 
           -511.12936              22.14730            -488.98206            1713.38157 
           -508.05646              19.19289            -488.86356            1484.81948 
           -514.41392              25.75465            -488.65927            1992.45677 
           -509.60981              21.34218            -488.26763            1651.09470 
           -510.83799              22.77571            -488.06227            1761.99715 
           -513.23283              25.22177            -488.01106            1951.23166 
           -510.36975              22.83631            -487.53344            1766.68525 
           -507.20783              20.05215            -487.15568            1551.29403 
           -512.11962              25.52257            -486.59704            1974.50246 
           -511.05607              24.80960            -486.24647            1919.34443 
           -509.42006              23.31694            -486.10312            1803.86770 
           -511.89674              25.62904            -486.26769            1982.73918 
           -509.32998              23.36240            -485.96758            1807.38496 
           -510.52610              24.91183            -485.61427            1927.25345 
           -512.34582              26.84749            -485.49833            2077.00201 
           -513.35234              27.96390            -485.38844            2163.37101 
           -514.16512              29.13757            -485.02755            2254.16959 
           -511.65265              26.55535            -485.09731            2054.40083 
           -510.65326              25.02754            -485.62572            1936.20484 
           -508.76139              22.93196            -485.82942            1774.08521 
           -513.18323              27.19055            -485.99268            2103.54168 
           -513.17403              27.01678            -486.15726            2090.09837 
           -514.11366              28.31244            -485.80122            2190.33458 
           -513.99691              28.15599            -485.84092            2178.23153 
           -513.65684              27.61493            -486.04191            2136.37366 
           -513.77059              27.29776            -486.47283            2111.83577 
           -514.83004              28.50527            -486.32477            2205.25259 
           -513.84250              27.83467            -486.00784            2153.37298 
           -511.89794              25.66421            -486.23373            1985.45984 
           -513.80386              27.37122            -486.43264            2117.51910 
           -516.66555              30.42369            -486.24186            2353.66736 
           -507.73170              22.10819            -485.62351            1710.35587 
           -512.33650              26.80691            -485.52959            2073.86281 
           -516.93973              31.65842            -485.28132            2449.18956 
           -513.17807              28.52324            -484.65483            2206.64307 
           -509.46275              25.02559            -484.43715            1936.05455 
           -510.90555              26.66764            -484.23791            2063.08798 
           -517.00955              32.22230            -484.78725            2492.81307 
           -508.60116              24.55950            -484.04167            1899.99588 
           -511.07365              27.26339            -483.81026            2109.17715 
           -506.68735              23.20408            -483.48327            1795.13677 
           -510.45872              26.87982            -483.57890            2079.50304 
           -506.46260              23.86309            -482.59951            1846.11962 
           -511.26095              28.30103            -482.95992            2189.45250 
           -511.43376              28.76722            -482.66654            2225.51801 
           -511.29475              28.35284            -482.94191            2193.46063 
           -509.78542              26.85795            -482.92747            2077.81107 
           -510.71288              27.64879            -483.06409            2138.99296 
           -510.35450              27.30030            -483.05420            2112.03301 
           -507.30005              24.25923            -483.04083            1876.76619 
           -513.48808              30.41652            -483.07156            2353.11242 
           -503.13033              20.62024            -482.51009            1595.24297 
           -511.18413              28.41926            -482.76488            2198.59841 
           -507.83514              25.38336            -482.45179            1963.73216 
           -509.41781              27.43583            -481.98197            2122.51778 
           -508.09043              26.39729            -481.69313            2042.17344 
           -508.79063              26.51600            -482.27463            2051.35667 
           -509.59647              27.13402            -482.46244            2099.16896 
           -511.14610              28.82310            -482.32300            2229.84080 
           -503.05056              21.35928            -481.69128            1652.41734 
           -508.52788              26.43526            -482.09263            2045.11028 
           -510.71941              28.19552            -482.52388            2181.28985 
           -506.25617              23.36496            -482.89121            1807.58296 
           -508.70648              25.81890            -482.88757            1997.42738 
           -503.06707              20.62086            -482.44621            1595.29161 
           -505.97318              23.38526            -482.58792            1809.15313 
           -505.09873              22.43372            -482.66501            1735.53974 
           -512.77393              29.89520            -482.87873            2312.78150 
           -514.14880              31.06807            -483.08073            2403.51855 
           -509.94667              27.06417            -482.88250            2093.76480 
           -512.17903              29.82824            -482.35079            2307.60165 
           -511.06130              28.90311            -482.15819            2236.03077 
           -513.98121              31.58819            -482.39301            2443.75686 
           -510.80880              28.30358            -482.50522            2189.64952 
           -509.68380              26.83816            -482.84565            2076.27998 
           -509.76176              27.13846            -482.62329            2099.51251 
           -507.96268              24.87007            -483.09261            1924.02245 
           -511.48654              28.70020            -482.78634            2220.33289 
           -509.67354              26.95100            -482.72254            2085.00949 
           -508.13647              25.84869            -482.28778            1999.73191 
           -509.99813              27.46142            -482.53671            2124.49708 
           -508.38601              25.37810            -483.00791            1963.32529 
           -509.14750              26.03759            -483.10991            2014.34546 
           -509.03760              26.09171            -482.94589            2018.53244 
           -507.48023              24.41818            -483.06204            1889.06333 
           -511.63801              28.07851            -483.55950            2172.23705 
           -507.56318              24.34349            -483.21969            1883.28524 
           -505.44054              22.45994            -482.98060            1737.56790 
           -511.72601              28.59481            -483.13121            2212.17946 
           -513.79146              30.54012            -483.25133            2362.67499 
           -509.65405              26.64186            -483.01219            2061.09387 
           -506.21721              23.42340            -482.79381            1812.10432 
           -510.01070              27.14136            -482.86934            2099.73696 
           -511.23248              28.00066            -483.23182            2166.21441 
           -516.54779              33.03509            -483.51270            2555.69326 
           -514.48063              30.81842            -483.66221            2384.20497 
           -510.46480              26.82283            -483.64197            2075.09404 
           -507.17676              23.97222            -483.20453            1854.56283 
           -511.11596              27.90281            -483.21316            2158.64456 
           -512.98028              29.44375            -483.53653            2277.85641 
           -514.83892              31.14675            -483.69217            2409.60570 
           -514.33077              30.79507            -483.53570            2382.39851 
           -513.25489              29.31798            -483.93691            2268.12615 
           -514.94135              30.96950            -483.97185            2395.89279 
           -512.83950              29.22614            -483.61337            2261.02125 
           -513.03085              29.55742            -483.47342            2286.65053 
           -513.55014              30.20777            -483.34237            2336.96338 
           -511.37473              27.92352            -483.45121            2160.24711 
           -513.07545              29.41648            -483.65897            2275.74628 
           -514.93934              31.69348            -483.24586            2451.90229 
           -515.05810              32.08011            -482.97799            2481.81308 
           -518.17695              35.37055            -482.80640            2736.37117 
           -513.35512              30.76494            -482.59017            2380.06775 
           -509.58163              26.87258            -482.70905            2078.94300 
           -508.87784              26.60338            -482.27447            2058.11667 
           -512.58369              30.13129            -482.45240            2331.04681 
           -509.52734              27.58082            -481.94651            2133.73475 
           -508.88470              27.29580            -481.58890            2111.68459 
           -507.56171              26.17173            -481.38998            2024.72336 
           -509.48140              27.53495            -481.94644            2130.18613 
           -508.46682              26.51866            -481.94816            2051.56277 
           -512.14869              29.88028            -482.26841            2311.62764 
           -511.18871              28.77430            -482.41442            2226.06539 
           -512.55856              30.16879            -482.38977            2333.94760 
           -503.35090              22.01076            -481.34014            1702.81787 
           -512.47613              30.55237            -481.92376            2363.62255 
           -506.71508              25.36170            -481.35338            1962.05706 
           -515.82886              33.59675            -482.23211            2599.14460 
           -514.07942              32.17320            -481.90621            2489.01494 
           -513.90676              32.60806            -481.29870            2522.65655 
           -512.75439              31.97998            -480.77440            2474.06672 
           -516.28209              35.22359            -481.05849            2725.00238 
           -511.59132              31.12138            -480.46994            2407.64279 
           -512.03585              31.40019            -480.63566            2429.21214 
           -510.07694              30.57484            -479.50210            2365.36055 
           -508.54430              29.11975            -479.42455            2252.79077 
           -510.12090              30.98699            -479.13391            2397.24607 
           -509.58734              30.98086            -478.60648            2396.77200 
           -506.64875              28.53008            -478.11867            2207.17185 
           -504.33042              26.05933            -478.27108            2016.02772 
           -505.01724              26.70795            -478.30929            2066.20665 
           -505.79755              27.53001            -478.26754            2129.80368 
           -505.63320              27.53228            -478.10092            2129.97921 
           -504.59213              25.80873            -478.78339            1996.64069 
           -504.08406              25.22430            -478.85977            1951.42680 
           -504.59756              26.19963            -478.39792            2026.88159 
           -501.97199              23.89226            -478.07973            1848.37639 
           -504.57266              25.91552            -478.65714            2004.90212 
           -503.45174              24.79927            -478.65247            1918.54538 
           -509.89680              30.90151            -478.99529            2390.63339 
           -502.32387              22.87605            -479.44782            1769.75980 
           -509.43366              29.79098            -479.64267            2304.71944 
           -508.36895              29.28141            -479.08754            2265.29741 
           -509.05470              29.79033            -479.26437            2304.66867 
           -503.80693              24.85425            -478.95268            1922.79889 
           -510.28414              30.92792            -479.35623            2392.67581 
           -510.46643              31.02954            -479.43689            2400.53744 
           -510.71563              30.96453            -479.75111            2395.50817 
           -507.72413              28.22645            -479.49768            2183.68235 
           -505.91895              26.67957            -479.23938            2064.01088 
           -508.61492              29.14120            -479.47372            2254.45005 
           -513.06365              33.50639            -479.55726            2592.15436 
           -508.54444              29.31413            -479.23031            2267.82882 
           -509.98190              30.59038            -479.39152            2366.56331 
           -505.69836              26.01734            -479.68101            2012.77925 
           -508.99420              29.28472            -479.70948            2265.55302 
           -503.94134              24.40882            -479.53252            1888.33943 
           -506.53021              26.82223            -479.70798            2075.04786 
           -507.79081              27.91380            -479.87701            2159.49497 
           -509.33643              29.67826            -479.65817            2295.99885 
           -509.95023              30.81936            -479.13087            2384.27741 
           -503.85205              25.00766            -478.84439            1934.66718 
           -505.06561              26.22824            -478.83737            2029.09511 
           -506.07036              27.27969            -478.79067            2110.43797 
           -505.47218              26.80842            -478.66377            2073.97900 
           -509.91544              31.46271            -478.45274            2434.04887 
           -511.62122              32.89624            -478.72498            2544.95138 
           -505.28525              27.20985            -478.07540            2105.03550 
           -511.26918              32.61927            -478.64991            2523.52418 
           -510.49396              32.36320            -478.13076            2503.71371 
           -505.13411              27.49041            -477.64370            2126.74026 
           -509.23979              31.54064            -477.69915            2440.07809 
           -505.65977              28.27071            -477.38907            2187.10620 
           -508.96941              30.94592            -478.02349            2394.06883 
           -505.30649              27.96271            -477.34378            2163.27855 
           -506.20425              29.01671            -477.18754            2244.81943 
           -505.46314              28.40224            -477.06091            2197.28165 
           -503.09900              26.19565            -476.90335            2026.57361 
           -502.48567              25.86873            -476.61694            2001.28221 
           -502.34602              25.70282            -476.64320            1988.44684 
           -505.54227              28.66196            -476.88032            2217.37440 
           -506.82768              30.05467            -476.77300            2325.11931 
           -502.57054              26.57210            -475.99843            2055.69712 
           -502.94196              27.19233            -475.74963            2103.67941 
           -500.01091              24.10843            -475.90248            1865.10028 
           -503.13722              27.18858            -475.94864            2103.38997 
           -505.92963              29.99557            -475.93406            2320.54688 
           -507.44299              31.82265            -475.62035            2461.89488 
           -507.03738              31.97227            -475.06511            2473.47000 
           -503.38033              28.68988            -474.69044            2219.53509 
           -504.24440              29.51644            -474.72796            2283.47977 
           -504.67096              30.43934            -474.23162            2354.87818 
           -502.83175              28.07001            -474.76174            2171.57977 
           -508.52652              33.24935            -475.27717            2572.26918 
           -502.95113              27.95837            -474.99276            2162.94253 
           -502.63757              28.18822            -474.44935            2180.72508 
           -499.99579              25.53632            -474.45947            1975.56587 
           -503.94048              29.44794            -474.49255            2278.18027 
           -501.19833              26.72593            -474.47241            2067.59732 
           -503.87685              29.45895            -474.41791            2279.03218 
           -505.05934              30.28423            -474.77510            2342.87858 
           -503.12269              29.00849            -474.11419            2244.18367 
           -507.07477              33.32371            -473.75106            2578.02171 
           -504.27693              30.49539            -473.78154            2359.21406 
           -503.91191              29.89059            -474.02132            2312.42523 
           -507.66265              33.24722            -474.41543            2572.10423 
           -509.25290              35.24529            -474.00762            2726.68040 
           -501.88798              28.42856            -473.45942            2199.31787 
           -502.05384              28.43703            -473.61681            2199.97372 
           -503.27159              29.77966            -473.49193            2303.84337 
           -504.83864              31.52906            -473.30958            2439.18235 
           -501.60334              28.62916            -472.97418            2214.83713 
           -501.35188              28.54662            -472.80526            2208.45170 
           -502.67392              29.79564            -472.87828            2305.07959 
           -498.75315              26.26400            -472.48915            2031.86135 
           -502.08248              29.32191            -472.76057            2268.43078 
           -497.68598              24.78902            -472.89696            1917.75268 
           -507.47916              34.54674            -472.93242            2672.63859 
           -500.09334              27.51882            -472.57452            2128.93773 
           -501.14546              28.46010            -472.68536            2201.75799 
           -503.30144              30.54991            -472.75153            2363.43198 
           -503.51036              30.98290            -472.52746            2396.92956 
           -500.05480              27.79418            -472.26062            2150.24043 
           -505.15063              32.28254            -472.86809            2497.47344 
           -503.29564              30.54576            -472.74988            2363.11138 
           -503.69056              30.89986            -472.79070            2390.50513 
           -508.15136              35.17670            -472.97466            2721.37447 
           -508.22610              35.38815            -472.83795            2737.73273 
           -506.10037              32.79502            -473.30535            2537.12041 
           -506.93521              33.01915            -473.91606            2554.45988 
           -501.02563              27.31192            -473.71371            2112.93188 
           -506.61394              32.57616            -474.03778            2520.18859 
           -505.46840              31.44293            -474.02547            2432.51872 
           -511.29995              36.92944            -474.37051            2856.97188 
           -505.86949              31.75961            -474.10988            2457.01794 
           -504.75522              30.76467            -473.99055            2380.04664 
           -502.89957              28.97288            -473.92669            2241.42832 
           -503.01998              29.31800            -473.70198            2268.12805 
           -497.91587              24.41640            -473.49947            1888.92570 
           -504.33452              30.79303            -473.54149            2382.24084 
           -505.75476              31.72705            -474.02771            2454.49917 
           -502.79966              28.99351            -473.80615            2243.02472 
           -501.08960              27.19127            -473.89833            2103.59788 
           -504.52349              30.97886            -473.54463            2396.61705 
           -503.21419              29.60746            -473.60673            2290.52168 
           -505.26171              31.81753            -473.44418            2461.49925 
           -501.20972              27.97641            -473.23331            2164.33841 
           -504.21825              30.41584            -473.80241            2353.06047 
           -501.76247              28.02241            -473.74006            2167.89730 
           -499.40863              26.11960            -473.28903            2020.69015 
           -503.38274              30.17372            -473.20903            2334.32876 
           -501.85112              29.28076            -472.57036            2265.24665 
           -509.32766              35.94720            -473.38045            2780.98287 
           -506.78851              33.52934            -473.25917            2593.92964 
           -507.19480              34.23546            -472.95935            2648.55696 
           -508.16533              35.07477            -473.09056            2713.48912 
           -509.44039              36.19995            -473.24044            2800.53593 
           -504.66355              31.84882            -472.81474            2463.91957 
           -505.84668              32.52056            -473.32611            2515.88787 
           -508.46785              35.19774            -473.27011            2723.00242 
           -501.98386              28.92895            -473.05491            2238.02967 
           -508.32816              35.50172            -472.82643            2746.51904 
           -505.95930              33.83029            -472.12900            2617.21245 
           -507.21664              35.44148            -471.77515            2741.85897 
           -498.40573              26.73855            -471.66718            2068.57382 
           -502.35188              29.68500            -472.66688            2296.52021 
           -504.53453              32.12493            -472.40961            2485.28022 
           -499.95168              28.23492            -471.71675            2184.33787 
           -498.34462              27.28887            -471.05575            2111.14812 
           -499.99711              29.83207            -470.16503            2307.89820 
           -500.94349              30.73650            -470.20699            2377.86720 
           -494.55539              24.32187            -470.23352            1881.61216 
           -501.06352              30.56733            -470.49619            2364.78004 
           -500.93647              30.69394            -470.24253            2374.57511 
           -497.34250              27.15592            -470.18659            2100.86272 
           -501.79575              31.87100            -469.92474            2465.63593 
           -502.57304              32.41457            -470.15846            2507.68794 
           -503.43616              33.31113            -470.12503            2577.04824 
           -497.12151              27.49200            -469.62950            2126.86349 
           -502.29376              32.07746            -470.21630            2481.60779 
           -501.53780              31.35791            -470.17990            2425.94122 
           -502.52829              32.94185            -469.58644            2548.47964 
           -501.59609              31.80369            -469.79240            2460.42824 
           -506.85874              37.32157            -469.53718            2887.30772 
           -505.05965              36.73564            -468.32401            2841.97836 
           -504.38897              35.60257            -468.78640            2754.32139 
           -500.00968              31.28898            -468.72070            2420.60909 
           -505.03523              36.52175            -468.51348            2825.43119 
           -497.12602              28.38503            -468.74099            2195.95090 
           -504.43857              35.66295            -468.77562            2758.99252 
           -499.54940              31.32290            -468.22650            2423.23288 
           -498.69822              30.54663            -468.15158            2363.17881 
           -502.10810              34.06540            -468.04270            2635.40064 
           -503.66971              35.78762            -467.88209            2768.63685 
           -498.95159              31.38069            -467.57090            2427.70343 
           -501.00321              33.14920            -467.85401            2564.52088 
           -500.01314              32.41971            -467.59343            2508.08536 
           -500.33682              32.43502            -467.90180            2509.26976 
           -490.50866              22.96954            -467.53912            1776.99197 
           -499.83074              31.84605            -467.98469            2463.70554 
           -497.13155              28.88721            -468.24434            2234.80078 
           -501.89226              33.27883            -468.61344            2574.54936 
           -499.37103              30.99959            -468.37145            2398.22062 
           -495.95097              27.92507            -468.02590            2160.36694 
           -493.85248              26.19306            -467.65942            2026.37313 
           -502.23713              34.77994            -467.45719            2690.68003 
