           -519.50207               0.98145            -518.52063              79.09123 
           -520.08702               1.78546            -518.30156             143.88396 
           -519.12296               0.96083            -518.16212              77.43000 
           -519.53528               1.45675            -518.07854             117.39422 
           -519.84463               1.96736            -517.87727             158.54277 
           -519.71308               1.86099            -517.85210             149.97025 
           -519.33671               1.27119            -518.06553             102.44032 
           -519.69886               1.39835            -518.30051             112.68790 
           -519.64160               1.23692            -518.40469              99.67875 
           -519.99792               1.49429            -518.50364             120.41924 
           -519.51027               0.87307            -518.63719              70.35785 
           -519.86185               1.27605            -518.58580             102.83254 
           -519.60773               1.30489            -518.30284             105.15633 
           -519.36795               1.27950            -518.08845             103.11043 
           -519.59336               1.55747            -518.03589             125.51097 
           -520.32130               2.33096            -517.99034             187.84371 
           -519.82338               1.94354            -517.87984             156.62327 
           -519.40394               1.41311            -517.99082             113.87766 
           -519.47907               1.18547            -518.29360              95.53312 
           -519.98657               1.48915            -518.49742             120.00546 
           -519.60469               1.10324            -518.50145              88.90643 
           -519.87691               1.37853            -518.49838             111.09083 
           -519.88273               1.37578            -518.50695             110.86945 
           -519.71493               1.39705            -518.31788             112.58327 
           -519.52550               1.51813            -518.00737             122.34083 
           -519.93540               2.02665            -517.90875             163.32069 
           -520.05280               2.08349            -517.96931             167.90081 
           -519.88660               1.85938            -518.02723             149.84043 
           -519.72583               1.63079            -518.09504             131.41956 
           -519.95241               1.65465            -518.29776             133.34202 
           -520.50487               1.92420            -518.58067             155.06419 
           -519.83716               1.22646            -518.61070              98.83605 
           -520.36633               1.87184            -518.49449             150.84491 
           -520.10263               1.69399            -518.40863             136.51297 
           -519.74007               1.45411            -518.28596             117.18163 
           -519.84148               1.75401            -518.08747             141.34933 
           -520.47897               2.56751            -517.91146             206.90631 
           -520.53103               2.61339            -517.91764             210.60373 
           -520.22260               2.15011            -518.07248             173.27010 
           -520.09283               1.93322            -518.15961             155.79153 
           -520.44625               2.15825            -518.28799             173.92589 
           -520.33929               1.83511            -518.50417             147.88529 
           -520.41492               1.81825            -518.59667             146.52657 
           -520.30953               1.81801            -518.49152             146.50720 
           -520.77878               2.44674            -518.33204             197.17429 
           -520.38935               2.18506            -518.20429             176.08621 
           -520.48626               2.40416            -518.08210             193.74252 
           -520.91748               3.01827            -517.89921             243.23130 
           -520.83269               2.93523            -517.89746             236.54011 
           -520.34066               2.25654            -518.08412             181.84678 
           -520.76344               2.50273            -518.26071             201.68612 
           -520.73017               2.35145            -518.37872             189.49519 
           -520.93871               2.42842            -518.51029             195.69782 
           -520.93782               2.30955            -518.62827             186.11848 
           -521.23586               2.67758            -518.55828             215.77689 
           -520.71653               2.42209            -518.29445             195.18736 
           -520.93741               2.82009            -518.11732             227.26108 
           -520.98732               2.95011            -518.03721             237.73854 
           -521.61411               3.65200            -517.96210             294.30196 
           -521.24166               3.35593            -517.88573             270.44272 
           -521.17981               3.13793            -518.04188             252.87487 
           -521.46284               3.13406            -518.32878             252.56286 
           -521.61617               3.15253            -518.46364             254.05141 
           -521.29370               2.80956            -518.48414             226.41236 
           -521.44704               2.93078            -518.51626             236.18112 
           -521.97916               3.45685            -518.52231             278.57512 
           -521.59911               3.29786            -518.30125             265.76248 
           -521.57434               3.56182            -518.01253             287.03414 
           -522.21818               4.25558            -517.96260             342.94179 
           -522.18998               4.19951            -517.99047             338.42340 
           -521.70856               3.71446            -517.99410             299.33489 
           -521.81601               3.72949            -518.08651             300.54669 
           -522.04627               3.73110            -518.31517             300.67596 
           -522.34648               3.76104            -518.58544             303.08870 
           -522.28974               3.70280            -518.58695             298.39519 
           -522.23830               3.76015            -518.47815             303.01694 
           -522.45605               4.01553            -518.44051             323.59766 
           -522.22666               3.94281            -518.28385             317.73736 
           -522.43196               4.37553            -518.05642             352.60863 
           -522.69779               4.82190            -517.87589             388.57983 
           -523.04395               5.11341            -517.93054             412.07185 
           -522.59322               4.51851            -518.07471             364.13063 
           -522.84329               4.70557            -518.13772             379.20508 
           -523.19367               4.88415            -518.30952             393.59642 
           -523.06224               4.52858            -518.53365             364.94240 
           -523.54723               4.95344            -518.59379             399.18035 
           -524.22057               5.76595            -518.45462             464.65768 
           -525.25609               6.97273            -518.28336             561.90749 
           -526.99238               8.83362            -518.15876             711.86962 
           -532.56606              14.54874            -518.01732            1172.43155 
           -542.05872              24.13475            -517.92396            1944.93393 
           -545.25292              27.38132            -517.87159            2206.56321 
           -550.63200              32.59127            -518.04073            2626.41432 
           -552.98672              34.12333            -518.86339            2749.87795 
           -546.74535              27.46333            -519.28202            2213.17213 
           -541.28499              22.05274            -519.23225            1777.15196 
           -533.12498              13.15163            -519.97335            1059.84339 
           -528.85907               8.87952            -519.97955             715.56927 
           -532.21879              12.63223            -519.58655            1017.98685 
           -540.35007              21.58549            -518.76458            1739.49794 
           -548.87068              29.42814            -519.44253            2371.50924 
           -551.74674              32.18733            -519.55941            2593.86218 
           -547.02057              27.97926            -519.04132            2254.74859 
           -543.68847              24.72496            -518.96351            1992.49639 
           -539.11060              19.91525            -519.19535            1604.89936 
           -530.12965              10.85931            -519.27034             875.11281 
           -526.26408               7.05597            -519.20811             568.61558 
           -523.85850               4.65476            -519.20374             375.11041 
           -523.52735               4.22585            -519.30150             340.54616 
           -524.71959               5.42295            -519.29664             437.01632 
           -528.49846               9.49333            -519.00513             765.03345 
           -531.60287              13.21430            -518.38857            1064.89311 
           -540.59365              22.75127            -517.84238            1833.44385 
           -544.52584              26.59261            -517.93323            2143.00358 
           -549.45040              31.16989            -518.28051            2511.87065 
           -547.91967              29.71961            -518.20006            2394.99783 
           -541.48869              23.81842            -517.67028            1919.44134 
           -536.71331              19.16766            -517.54566            1544.65317 
           -525.16812               9.32937            -515.83875             751.82109 
           -520.30864               5.94444            -514.36420             479.04123 
           -529.30719              15.59729            -513.70990            1256.92988 
           -538.26330              25.06509            -513.19821            2019.90620 
           -542.84155              30.77089            -512.07066            2479.71684 
           -543.85582              32.32860            -511.52722            2605.24697 
           -540.59022              29.62637            -510.96386            2387.48332 
           -538.01384              27.59690            -510.41694            2223.93593 
           -528.55270              18.24805            -510.30465            1470.54576 
           -522.16815              11.88323            -510.28492             957.62719 
           -519.12782               8.99677            -510.13106             725.01739 
           -515.81653               5.92697            -509.88956             477.63316 
           -514.01141               4.68652            -509.32489             377.67006 
           -517.18354               8.16524            -509.01830             658.00774 
           -517.25394               8.30547            -508.94847             669.30814 
           -520.64164              12.01525            -508.62639             968.26617 
           -527.52704              19.20297            -508.32408            1547.49869 
           -526.42612              18.27824            -508.14788            1472.97854 
           -530.23338              21.95970            -508.27368            1769.65407 
           -527.30633              19.19586            -508.11047            1546.92580 
           -525.09392              16.80760            -508.28631            1354.46495 
           -522.40543              14.24654            -508.15889            1148.07777 
           -517.27044              10.57450            -506.69593             852.16164 
           -524.81098              18.92061            -505.89037            1524.74478 
           -522.39793              17.14146            -505.25647            1381.36921 
           -523.25311              18.87805            -504.37506            1521.31513 
           -523.58142              20.31937            -503.26205            1637.46580 
           -518.29827              16.17559            -502.12268            1303.53353 
           -519.85660              18.65461            -501.20198            1503.30893 
           -519.18137              18.61124            -500.57012            1499.81365 
           -515.67551              15.33072            -500.34479            1235.44833 
           -511.98212              11.66045            -500.32167             939.67387 
           -511.76911              11.55046            -500.21865             930.81063 
           -509.95381              10.10818            -499.84563             814.58256 
           -509.41745              10.01264            -499.40481             806.88306 
           -511.59709              12.57138            -499.02570            1013.08313 
           -512.57901              13.64146            -498.93755            1099.31662 
           -512.98477              13.94656            -499.03821            1123.90389 
           -516.77665              17.73078            -499.04587            1428.86025 
           -514.87397              15.88412            -498.98985            1280.04434 
           -519.23470              20.11543            -499.11927            1621.03056 
           -519.44652              20.21841            -499.22811            1629.33002 
           -520.68651              21.18642            -499.50009            1707.33784 
           -518.09197              18.53657            -499.55540            1493.79647 
           -517.84868              17.66025            -500.18843            1423.17631 
           -518.62740              18.10045            -500.52695            1458.65079 
           -517.41647              17.12982            -500.28665            1380.43125 
           -519.40884              19.55511            -499.85373            1575.87670 
           -523.79043              23.13352            -500.65691            1864.24799 
           -525.12119              23.95929            -501.16191            1930.79372 
           -523.94218              22.00391            -501.93827            1773.21698 
           -519.12558              16.60106            -502.52451            1337.82073 
           -520.72817              17.58228            -503.14589            1416.89319 
           -521.15245              17.69028            -503.46217            1425.59666 
           -519.32058              16.03285            -503.28773            1292.03008 
           -519.99024              16.65304            -503.33720            1342.00914 
           -521.13220              17.64522            -503.48698            1421.96556 
           -525.20320              21.40109            -503.80211            1724.63747 
           -522.73922              19.13261            -503.60661            1541.82886 
           -528.24435              24.55141            -503.69294            1978.51058 
           -528.22841              24.45772            -503.77069            1970.96025 
           -530.18975              26.26085            -503.92890            2116.26859 
           -531.48592              26.92937            -504.55654            2170.14244 
           -534.46802              29.44899            -505.01903            2373.18923 
           -530.81252              25.41567            -505.39685            2048.15857 
           -531.99290              26.17761            -505.81529            2109.56058 
           -531.28595              24.95831            -506.32764            2011.30128 
           -528.72253              21.74671            -506.97581            1752.49025 
           -531.34872              23.89476            -507.45395            1925.59398 
           -531.06866              23.54547            -507.52318            1897.44598 
           -530.51108              23.75363            -506.75745            1914.22075 
           -534.66058              27.18298            -507.47760            2190.57930 
           -533.23330              26.11034            -507.12295            2104.13962 
           -533.96700              26.55036            -507.41664            2139.59913 
           -532.25666              24.31225            -507.94442            1959.23738 
           -530.26579              22.12758            -508.13821            1783.18279 
           -530.23825              22.04353            -508.19472            1776.40926 
           -528.05065              19.77816            -508.27249            1593.85180 
           -530.88911              22.17136            -508.71774            1786.71133 
           -530.66498              21.78488            -508.88010            1755.56563 
           -528.51702              19.97544            -508.54158            1609.74970 
           -530.08202              21.81110            -508.27092            1757.67879 
           -532.33950              24.32015            -508.01935            1959.87396 
           -528.46922              21.06651            -507.40270            1697.67525 
           -532.82096              25.39340            -507.42756            2046.36378 
           -538.70248              30.69999            -508.00249            2474.00265 
           -534.36456              26.37981            -507.98475            2125.85507 
           -531.71324              23.55700            -508.15624            1898.37514 
           -532.24529              24.39890            -507.84639            1966.22055 
           -531.46212              23.67501            -507.78711            1907.88447 
           -534.55917              26.61114            -507.94803            2144.49739 
           -531.55455              24.31094            -507.24360            1959.13225 
           -530.82231              24.38373            -506.43858            1964.99794 
           -536.38720              29.99529            -506.39191            2417.21362 
           -532.90307              27.12321            -505.77986            2185.76331 
           -529.08393              23.77627            -505.30765            1916.04533 
           -528.41542              22.79890            -505.61652            1837.28259 
           -524.60059              19.11354            -505.48706            1540.29193 
           -525.91202              20.41518            -505.49684            1645.18639 
           -523.84527              18.69859            -505.14668            1506.85274 
           -528.67434              23.76280            -504.91154            1914.95910 
           -521.88294              17.54500            -504.33794            1413.88890 
           -524.98509              20.61853            -504.36656            1661.57361 
           -523.74908              19.75634            -503.99275            1592.09289 
           -528.02821              24.32745            -503.70076            1960.46266 
           -526.84502              23.66613            -503.17889            1907.16934 
           -528.00862              25.31085            -502.69776            2039.71166 
           -527.81215              25.76264            -502.04951            2076.11927 
           -523.51027              22.15250            -501.35777            1785.19113 
           -522.87164              21.64354            -501.22810            1744.17559 
           -522.33094              21.79351            -500.53744            1756.26104 
           -528.45872              28.05130            -500.40742            2260.55419 
           -522.63741              22.93196            -499.70545            1848.00506 
           -526.84584              28.40562            -498.44022            2289.10787 
           -522.94320              25.31475            -497.62845            2040.02581 
           -518.91133              22.28826            -496.62307            1796.13171 
           -518.57626              22.20034            -496.37592            1789.04634 
           -519.67115              23.71967            -495.95147            1911.48416 
           -515.41108              20.18156            -495.22952            1626.36020 
           -517.91784              23.23015            -494.68769            1872.03542 
           -512.77227              18.47834            -494.29393            1489.10367 
           -515.40784              21.36331            -494.04452            1721.59330 
           -514.68514              20.81416            -493.87098            1677.33903 
           -513.19924              19.82235            -493.37688            1597.41279 
           -511.62593              18.60052            -493.02541            1498.95006 
           -512.61314              19.81190            -492.80124            1596.57082 
           -513.07846              20.14160            -492.93686            1623.13987 
           -514.98293              21.84702            -493.13591            1760.57346 
           -512.28225              19.96621            -492.31604            1609.00576 
           -510.46296              18.32630            -492.13666            1476.85120 
           -515.42766              23.52301            -491.90465            1895.63540 
           -511.03335              19.93137            -491.10198            1606.19810 
           -513.76541              23.30851            -490.45690            1878.34954 
           -513.21917              22.96823            -490.25094            1850.92814 
           -508.79273              19.03789            -489.75485            1534.19559 
           -511.07999              21.28796            -489.79202            1715.52118 
           -509.91240              20.33546            -489.57694            1638.76218 
           -509.55235              20.24607            -489.30628            1631.55866 
           -510.76998              21.76390            -489.00608            1753.87519 
           -505.83094              17.18675            -488.64419            1385.01890 
           -508.36637              19.95488            -488.41149            1608.09268 
           -509.20758              20.67426            -488.53332            1666.06515 
           -507.35362              18.91135            -488.44227            1523.99859 
           -503.96788              15.91370            -488.05418            1282.42869 
           -508.30726              20.53037            -487.77689            1654.46955 
           -504.68363              16.83573            -487.84789            1356.73194 
           -510.58922              22.39550            -488.19372            1804.77369 
           -510.76631              22.62903            -488.13728            1823.59298 
           -511.98273              23.68098            -488.30176            1908.36558 
           -509.68837              21.55038            -488.13799            1736.66851 
           -512.80828              24.70550            -488.10278            1990.92819 
           -516.78276              28.63636            -488.14641            2307.70203 
           -518.55629              30.51424            -488.04205            2459.03397 
           -516.07440              28.04406            -488.03034            2259.97134 
           -518.95479              30.04507            -488.90972            2421.22563 
           -520.40838              30.79720            -489.61118            2481.83655 
           -518.02278              28.36625            -489.65653            2285.93497 
           -519.42466              28.92147            -490.50319            2330.67808 
           -521.49468              30.77650            -490.71818            2480.16889 
           -521.78168              30.48662            -491.29506            2456.80814 
           -524.74391              32.74346            -492.00044            2638.67920 
           -515.35873              23.25248            -492.10625            1873.83468 
           -526.09232              32.51728            -493.57504            2620.45194 
           -528.93131              35.09291            -493.83839            2828.01285 
           -524.05880              31.00249            -493.05631            2498.38049 
           -520.39172              28.21572            -492.17600            2273.80450 
           -525.88744              32.78305            -493.10439            2641.86900 
           -522.96562              29.49475            -493.47087            2376.87654 
           -518.72776              25.09871            -493.62905            2022.61559 
           -517.51060              23.64901            -493.86159            1905.78995 
           -522.97103              28.67312            -494.29791            2310.66501 
           -516.98066              22.50606            -494.47460            1813.68316 
           -517.58963              23.13854            -494.45110            1864.65239 
           -523.01943              28.27687            -494.74256            2278.73203 
           -522.34160              27.61962            -494.72199            2225.76661 
           -526.01003              31.09987            -494.91016            2506.22798 
           -524.48895              30.02582            -494.46313            2419.67362 
           -528.72910              34.24587            -494.48323            2759.75277 
           -522.99836              29.05466            -493.94370            2341.41146 
           -523.33243              28.59935            -494.73308            2304.71988 
           -531.43201              35.84846            -495.58355            2888.90007 
           -526.56279              31.37383            -495.18896            2528.30521 
           -525.15308              29.62131            -495.53176            2387.07611 
           -526.74868              31.29260            -495.45608            2521.75954 
           -526.43720              31.47662            -494.96058            2536.58859 
           -524.98490              30.36885            -494.61605            2447.31724 
           -522.14324              28.26105            -493.88219            2277.45755 
           -520.04899              26.56617            -493.48282            2140.87295 
           -522.05972              28.64716            -493.41256            2308.57282 
           -526.19076              32.94382            -493.24694            2654.82484 
           -521.45698              28.07677            -493.38021            2262.60711 
           -523.47914              29.90942            -493.56972            2410.29353 
           -519.17377              25.57999            -493.59377            2061.40058 
           -519.14297              25.40658            -493.73638            2047.42595 
           -519.02924              25.49573            -493.53352            2054.60999 
           -523.30074              29.55049            -493.75026            2381.36846 
           -515.52484              22.71124            -492.81360            1830.21813 
           -521.95015              29.73954            -492.21061            2396.60349 
           -521.33804              29.35415            -491.98389            2365.54652 
           -522.27437              30.85541            -491.41896            2486.52757 
           -513.25039              22.72083            -490.52956            1830.99080 
           -523.61453              32.63933            -490.97520            2630.28753 
           -524.52278              33.66922            -490.85356            2713.28237 
           -519.21656              29.10730            -490.10926            2345.65348 
           -517.26346              27.83331            -489.43016            2242.98707 
           -518.96937              29.88934            -489.08003            2408.67556 
           -519.14113              30.37995            -488.76118            2448.21187 
           -521.23029              32.79889            -488.43141            2643.14550 
           -523.48163              36.22253            -487.25910            2919.04490 
           -512.83833              25.65642            -487.18191            2067.55951 
           -515.51528              28.90721            -486.60807            2329.52928 
           -513.03180              27.46423            -485.56757            2213.24438 
           -515.37573              29.79804            -485.57769            2401.31820 
           -513.72026              28.94679            -484.77347            2332.71892 
           -513.61453              29.05802            -484.55651            2341.68278 
           -511.06344              27.12545            -483.93800            2185.94315 
           -510.02761              26.66689            -483.36072            2148.98977 
           -508.36322              25.42009            -482.94312            2048.51495 
           -505.52202              23.02233            -482.49968            1855.28785 
           -506.57281              24.23686            -482.33595            1953.16233 
           -507.96120              25.94620            -482.01500            2090.91178 
           -513.35022              31.48133            -481.86889            2536.96842 
           -509.87344              28.77246            -481.10098            2318.67046 
           -506.95835              26.72596            -480.23239            2153.74989 
           -508.38352              28.62387            -479.75965            2306.69549 
           -508.58371              29.65798            -478.92574            2390.03090 
           -508.43107              30.41750            -478.01357            2451.23794 
           -503.44693              25.79030            -477.65662            2078.34865 
           -503.48609              25.97895            -477.50714            2093.55116 
           -508.60617              31.36002            -477.24616            2527.19221 
           -505.67478              29.27127            -476.40351            2358.86783 
           -502.42015              26.38298            -476.03717            2126.11057 
           -502.51271              27.02087            -475.49184            2177.51575 
           -499.33465              24.47376            -474.86089            1972.25301 
           -499.26059              24.91216            -474.34843            2007.58237 
           -497.56956              23.57028            -473.99928            1899.44538 
           -497.05386              23.13929            -473.91456            1864.71323 
           -496.86605              23.25538            -473.61067            1874.06853 
           -499.42291              26.16856            -473.25434            2108.83134 
           -493.52251              21.03426            -472.48825            1695.07605 
           -500.02423              27.83597            -472.18827            2243.20147 
           -498.63677              26.63426            -472.00251            2146.36012 
           -496.81659              25.10396            -471.71264            2023.03857 
           -500.86378              28.45812            -472.40566            2293.33886 
           -501.06563              28.52642            -472.53921            2298.84233 
           -495.43509              23.48912            -471.94597            1892.90466 
           -498.13868              26.72363            -471.41506            2153.56198 
           -498.72905              27.80517            -470.92387            2240.71999 
           -499.32954              28.65928            -470.67026            2309.54901 
           -499.96917              29.13570            -470.83347            2347.94272 
           -503.20488              32.82135            -470.38353            2644.95541 
           -500.23780              29.91322            -470.32458            2410.60028 
           -504.18855              33.78657            -470.40198            2722.73946 
           -508.80828              38.11909            -470.68920            3071.88174 
           -506.38929              35.16381            -471.22548            2833.72647 
           -511.05622              39.53852            -471.51770            3186.26842 
           -510.65630              38.18832            -472.46798            3077.46099 
           -513.32302              40.98890            -472.33411            3303.14987 
           -508.80065              36.64811            -472.15254            2953.34063 
           -508.03381              35.67708            -472.35673            2875.08929 
           -512.57024              39.31746            -473.25278            3168.45401 
           -512.16937              38.68513            -473.48423            3117.49734 
           -504.74939              31.66598            -473.08341            2551.84881 
           -515.65833              41.13484            -474.52349            3314.90997 
           -513.68178              40.02000            -473.66178            3225.06939 
           -514.38652              40.63856            -473.74796            3274.91652 
           -516.86900              42.88439            -473.98461            3455.90053 
           -513.93034              38.81814            -475.11220            3128.21566 
           -513.70583              39.08350            -474.62233            3149.60013 
           -515.56873              40.96410            -474.60463            3301.15083 
           -511.71824              37.41948            -474.29876            3015.50279 
           -511.01349              36.12954            -474.88395            2911.55129 
           -505.07793              30.46814            -474.60978            2455.31915 
           -510.89414              35.53512            -475.35902            2863.64904 
           -509.96249              34.36623            -475.59626            2769.45227 
           -509.78048              34.56915            -475.21133            2785.80492 
           -509.38118              34.92000            -474.46117            2814.07887 
           -509.69574              34.86817            -474.82758            2809.90146 
           -509.81993              34.43561            -475.38432            2775.04350 
           -522.35833              46.55330            -475.80503            3751.56472 
           -513.06300              37.60102            -475.46198            3030.13238 
           -516.07707              40.14460            -475.93247            3235.11061 
           -514.95417              39.47424            -475.47992            3181.08890 
           -520.48369              44.88070            -475.60298            3616.77623 
           -514.27234              38.91749            -475.35485            3136.22240 
           -515.37139              39.68602            -475.68538            3198.15488 
           -513.70676              38.89270            -474.81406            3134.22430 
           -516.61079              42.05265            -474.55814            3388.87379 
           -511.80517              37.13471            -474.67046            2992.55452 
           -517.81806              41.92448            -475.89358            3378.54469 
           -511.82184              37.12610            -474.69573            2991.86058 
           -512.42572              37.93119            -474.49453            3056.73997 
           -512.57504              38.29008            -474.28496            3085.66157 
           -512.60642              38.54476            -474.06165            3106.18529 
           -507.28551              33.44034            -473.84517            2694.83801 
           -512.70741              39.02221            -473.68521            3144.66078 
           -505.19649              31.71112            -473.48537            2555.48655 
           -509.85445              36.32340            -473.53105            2927.17378 
           -511.24292              38.03252            -473.21040            3064.90552 
           -507.36154              34.36163            -472.99991            2769.08171 
           -514.04202              41.00799            -473.03402            3304.68812 
           -508.22135              35.46434            -472.75700            2857.94500 
           -506.70337              34.39660            -472.30676            2771.89991 
           -506.83129              34.42871            -472.40258            2774.48703 
           -512.40064              41.96089            -470.43975            3381.47858 
           -508.13852              38.11399            -470.02454            3071.47061 
           -503.55777              34.02151            -469.53626            2741.67249 
           -511.39641              41.90304            -469.49337            3376.81673 
           -509.66432              40.42366            -469.24065            3257.59917 
           -505.17601              36.66352            -468.51248            2954.58284 
           -510.78684              42.57449            -468.21235            3430.92643 
           -507.69452              40.18429            -467.51023            3238.30925 
           -506.29879              39.71058            -466.58820            3200.13470 
           -501.76530              35.75469            -466.01061            2881.34297 
           -499.97097              34.28436            -465.68661            2762.85424 
           -500.09805              35.31819            -464.77986            2846.16716 
           -504.71435              40.11242            -464.60193            3232.51690 
           -500.95866              36.92165            -464.03701            2975.38464 
           -499.36507              36.13087            -463.23420            2911.65839 
           -499.38929              36.38484            -463.00445            2932.12474 
           -495.60210              32.57934            -463.02276            2625.45341 
           -499.14105              36.62092            -462.52013            2951.14957 
           -497.75529              35.47059            -462.28470            2858.44838 
           -492.70326              30.51623            -462.18703            2459.19442 
           -495.04645              33.19060            -461.85585            2674.71225 
           -489.96699              28.63815            -461.32885            2307.84653 
           -495.43586              34.02191            -461.41395            2741.70448 
           -495.77993              34.32609            -461.45385            2766.21709 
           -492.61050              31.23496            -461.37554            2517.11445 
           -497.92044              36.57329            -461.34715            2947.31094 
           -498.35382              37.28638            -461.06744            3004.77678 
           -490.33904              30.14021            -460.19883            2428.89212 
           -488.98695              28.71169            -460.27526            2313.77294 
           -498.23263              38.29150            -459.94113            3085.77598 
           -493.80504              33.45328            -460.35176            2695.88058 
           -492.55372              32.51259            -460.04113            2620.07371 
           -495.35294              35.30924            -460.04370            2845.44578 
           -492.45114              32.71332            -459.73782            2636.25036 
           -495.08959              35.60130            -459.48829            2868.98194 
           -493.06119              33.35788            -459.70330            2688.19305 
           -500.74067              41.03478            -459.70589            3306.84689 
           -491.79139              32.97452            -458.81687            2657.29905 
           -493.67555              35.63086            -458.04470            2871.36393 
           -494.83729              36.58248            -458.25481            2948.05225 
           -494.71732              36.39653            -458.32079            2933.06668 
           -501.07891              42.54817            -458.53075            3428.80546 
           -488.35450              30.26009            -458.09441            2438.55269 
           -497.96657              39.60305            -458.36352            3191.46881 
           -496.81599              38.46572            -458.35027            3099.81512 
           -492.44574              34.18988            -458.25586            2755.24065 
           -493.43703              35.72593            -457.71110            2879.02544 
           -490.45824              32.07941            -458.37883            2585.16530 
           -500.26186              41.07911            -459.18275            3310.41943 
           -501.05195              41.88683            -459.16512            3375.51030 
           -496.73181              37.61775            -459.11406            3031.48059 
           -495.51027              36.43034            -459.07994            2935.79128 
           -503.17954              43.68145            -459.49809            3520.13274 
           -498.15544              38.79857            -459.35687            3126.63884 
           -502.52841              41.88115            -460.64726            3375.05307 
           -505.18658              44.64771            -460.53887            3597.99976 
           -506.09904              45.51088            -460.58816            3667.55972 
           -509.81103              48.42514            -461.38589            3902.40958 
           -504.19571              42.76014            -461.43557            3445.88763 
           -510.44595              47.69434            -462.75161            3843.51705 
           -510.41633              48.75409            -461.66224            3928.91845 
           -499.49735              37.12373            -462.37362            2991.66910 
           -509.32437              47.20779            -462.11658            3804.30759 
           -503.18033              41.42694            -461.75339            3338.44949 
           -507.36378              45.45399            -461.90979            3662.97542 
           -512.89508              50.31344            -462.58164            4054.58128 
           -506.68108              44.37552            -462.30556            3576.06537 
           -504.09271              41.76719            -462.32551            3365.86957 
           -503.61408              40.85451            -462.75957            3292.31940 
           -505.25133              42.55974            -462.69159            3429.73771 
           -496.86680              34.92256            -461.94424            2814.28481 
           -499.81766              37.98833            -461.82933            3061.34458 
           -499.56364              37.26380            -462.29985            3002.95686 
           -502.10584              38.88373            -463.22211            3133.50164 
           -499.27388              36.39307            -462.88082            2932.78760 
           -502.03177              39.88611            -462.14566            3214.27948 
           -506.46868              43.97626            -462.49242            3543.89029 
           -506.09277              43.02656            -463.06621            3467.35720 
           -503.44952              40.96254            -462.48698            3301.02496 
           -510.69304              47.44356            -463.24947            3823.30804 
           -508.79253              45.96997            -462.82256            3704.55617 
           -509.17789              45.79046            -463.38743            3690.09026 
           -511.20308              49.05524            -462.14784            3953.18683 
           -516.91081              53.81024            -463.10056            4336.37600 
           -507.21422              44.38362            -462.83060            3576.71806 
           -510.73085              48.15329            -462.57755            3880.50243 
           -511.62447              48.84674            -462.77774            3936.38481 
           -507.99007              47.72904            -460.26104            3846.31312 
           -512.47906              51.35287            -461.12619            4138.34526 
           -515.17463              54.42224            -460.75239            4385.69442 
           -509.21278              49.02975            -460.18302            3951.13343 
           -503.98801              43.76864            -460.21937            3527.15853 
           -502.61961              42.27748            -460.34214            3406.99137 
           -498.99234              39.23266            -459.75968            3161.62071 
           -503.92839              44.31623            -459.61216            3571.28733 
           -491.95291              33.52612            -458.42679            2701.75034 
           -491.69675              32.80051            -458.89623            2643.27658 
           -498.20552              39.41328            -458.79224            3176.17599 
           -500.20834              41.22539            -458.98295            3322.20768 
           -491.73254              33.10530            -458.62725            2667.83798 
           -493.09843              34.56491            -458.53352            2785.46310 
           -491.40391              32.67355            -458.73036            2633.04540 
           -498.97918              40.05410            -458.92508            3227.81716 
           -495.36662              36.79186            -458.57475            2964.92534 
           -499.62810              40.63808            -458.99002            3274.87862 
           -499.84544              41.18309            -458.66235            3318.79831 
           -497.76117              39.31362            -458.44755            3168.14467 
           -504.22460              45.87832            -458.34627            3697.17087 
           -499.24776              41.28603            -457.96173            3327.09446 
           -496.58719              38.71869            -457.86850            3120.20124 
           -505.18472              47.85787            -457.32685            3856.69506 
           -501.58549              44.32252            -457.26297            3571.79453 
           -508.61315              52.31996            -456.29320            4216.27904 
           -498.72658              43.58751            -455.13907            3512.56253 
           -495.28761              40.52733            -454.76027            3265.95356 
           -491.22371              36.45195            -454.77176            2937.53320 
           -492.00260              38.22982            -453.77278            3080.80506 
           -495.02326              40.34575            -454.67751            3251.32031 
           -489.94741              36.05161            -453.89581            2905.27068 
           -485.88812              32.58389            -453.30423            2625.82008 
           -497.74569              43.67495            -454.07074            3519.60854 
           -492.08192              38.94606            -453.13586            3138.52434 
           -491.12250              38.52514            -452.59736            3104.60397 
           -492.18423              39.30879            -452.87543            3167.75587 
           -483.82897              31.57266            -452.25631            2544.32793 
           -485.38990              33.14497            -452.24492            2671.03529 
           -487.33861              34.82012            -452.51849            2806.02958 
           -488.69529              36.39917            -452.29611            2933.27994 
           -486.70496              34.22332            -452.48164            2757.93540 
           -486.47104              33.60002            -452.87102            2707.70635 
           -490.75779              37.92416            -452.83362            3056.17325 
           -488.27983              36.30643            -451.97340            2925.80581 
           -482.14711              30.23265            -451.91446            2436.34159 
           -486.15043              33.74695            -452.40348            2719.54649 
           -492.68308              40.03385            -452.64923            3226.18568 
           -491.80702              39.13008            -452.67693            3153.35403 
           -490.22125              37.93864            -452.28261            3057.34018 
           -487.76959              35.81114            -451.95845            2885.89266 
           -487.27439              34.67959            -452.59480            2794.70483 
           -490.92917              38.62275            -452.30642            3112.46996 
           -492.97315              40.90623            -452.06692            3296.48734 
           -495.18387              42.58399            -452.59988            3431.69226 
           -487.46968              35.47219            -451.99749            2858.57785 
           -486.08343              33.71783            -452.36560            2717.19996 
           -490.00152              37.98949            -452.01203            3061.43772 
           -494.36177              42.47082            -451.89096            3422.57202 
           -484.09426              32.13519            -451.95907            2589.66094 
           -495.27352              42.33126            -452.94226            3411.32554 
           -499.12099              46.52190            -452.59909            3749.03458 
           -489.83044              38.08238            -451.74806            3068.92369 
           -492.66250              40.78509            -451.87742            3286.72492 
           -490.06772              38.05335            -452.01438            3066.58384 
           -497.01552              44.60918            -452.40634            3594.89543 
           -493.77481              41.25435            -452.52045            3324.54152 
           -496.88623              44.32150            -452.56474            3571.71170 
           -496.00345              42.98862            -453.01483            3464.30019 
           -501.77874              48.40645            -453.37229            3900.90343 
           -499.68064              45.72685            -453.95380            3684.96379 
           -506.82636              52.61875            -454.20761            4240.35755 
           -493.47256              39.37264            -454.09993            3172.90083 
           -500.19679              46.36405            -453.83274            3736.31375 
           -498.11170              44.04683            -454.06487            3549.57737 
           -499.49278              45.63320            -453.85957            3677.41754 
           -498.53313              44.12887            -454.40426            3556.18850 
           -498.25786              43.59278            -454.66508            3512.98668 
           -496.54018              43.04092            -453.49926            3468.51471 
           -505.01797              50.70366            -454.31431            4086.02730 
           -501.31711              46.44085            -454.87627            3742.50276 
           -501.39175              46.73674            -454.65502            3766.34743 
           -504.51293              49.19248            -455.32045            3964.24696 
           -504.84851              49.48044            -455.36808            3987.45227 
           -504.72365              49.10285            -455.62079            3957.02422 
           -494.69083              40.29966            -454.39117            3247.60626 
           -491.70292              36.53606            -455.16686            2944.31098 
           -496.46943              40.46199            -456.00744            3260.68764 
           -504.92131              48.36468            -456.55663            3897.53706 
           -496.89792              41.46151            -455.43641            3341.23591 
           -496.57140              41.22990            -455.34151            3322.57075 
