           -481.83727               1.28907            -480.54821              99.72607 
           -482.34778               1.96325            -480.38453             151.88296 
           -482.13543               1.87598            -480.25945             145.13158 
           -482.57975               2.43451            -480.14524             188.34097 
           -483.43247               3.41539            -480.01708             264.22477 
           -483.11129               3.08080            -480.03049             238.34009 
           -482.77998               2.57936            -480.20062             199.54736 
           -482.96757               2.59509            -480.37247             200.76414 
           -483.45169               2.97400            -480.47769             230.07716 
           -483.34720               2.78812            -480.55909             215.69696 
           -483.68376               3.04321            -480.64055             235.43177 
           -484.77376               4.22573            -480.54803             326.91489 
           -485.22294               4.89762            -480.32531             378.89473 
           -485.23125               5.07069            -480.16056             392.28361 
           -485.95100               5.85452            -480.09648             452.92278 
           -487.06795               7.00348            -480.06448             541.80987 
           -487.36507               7.33222            -480.03285             567.24215 
           -487.78780               7.64102            -480.14678             591.13199 
           -488.89191               8.54667            -480.34524             661.19551 
           -488.89549               8.44612            -480.44937             653.41688 
           -488.87033               8.38499            -480.48534             648.68757 
           -490.51475               9.84709            -480.66766             761.79994 
           -491.86276              10.85359            -481.00917             839.66573 
           -493.05485              11.70450            -481.35035             905.49475 
           -494.17494              12.56193            -481.61301             971.82831 
           -494.17632              12.34349            -481.83283             954.92898 
           -494.10218              12.20981            -481.89237             944.58725 
           -494.05711              12.48509            -481.57202             965.88365 
           -494.11278              13.18897            -480.92381            1020.33797 
           -494.07952              13.76359            -480.31593            1064.79245 
           -495.38525              15.53185            -479.85339            1201.59062 
           -496.26454              16.84983            -479.41471            1303.55333 
           -497.36338              18.18302            -479.18036            1406.69257 
           -497.80011              18.53100            -479.26911            1433.61311 
           -498.56135              18.90870            -479.65265            1462.83376 
           -499.60128              19.61639            -479.98489            1517.58246 
           -501.83356              21.73801            -480.09555            1681.71717 
           -504.25364              24.08164            -480.17200            1863.02717 
           -506.76502              26.55275            -480.21227            2054.19977 
           -512.36361              32.22254            -480.14107            2492.83188 
           -517.60127              37.62983            -479.97144            2911.15598 
           -520.18154              40.40075            -479.78079            3125.52230 
           -516.19555              35.96605            -480.22950            2782.44079 
           -507.91161              27.20493            -480.70668            2104.65489 
           -500.50737              19.65980            -480.84758            1520.94045 
           -496.54462              15.83614            -480.70847            1225.13127 
           -494.18365              14.49809            -479.68556            1121.61580 
           -501.35172              22.52745            -478.82428            1742.79060 
           -509.49176              31.04616            -478.44561            2401.82333 
           -514.64092              36.59515            -478.04577            2831.11015 
           -516.83533              38.90191            -477.93341            3009.56805 
           -512.86212              34.63015            -478.23197            2679.09142 
           -509.70213              31.16704            -478.53509            2411.17507 
           -505.82894              26.98810            -478.84084            2087.87994 
           -501.18121              22.15824            -479.02296            1714.22779 
           -498.61412              19.56366            -479.05046            1513.50317 
           -495.19243              16.12278            -479.06965            1247.30623 
           -493.49629              14.79128            -478.70501            1144.29788 
           -494.82768              16.44109            -478.38659            1271.93153 
           -494.00388              15.57434            -478.42955            1204.87721 
           -489.67855              11.18895            -478.48960             865.61068 
           -490.68779              11.99292            -478.69487             927.80798 
           -492.11842              13.42503            -478.69338            1038.60058 
           -489.61414              11.12844            -478.48570             860.92899 
           -490.76654              12.56336            -478.20319             971.93883 
           -491.94980              14.01276            -477.93704            1084.06926 
           -492.11023              14.02325            -478.08698            1084.88036 
           -490.68045              12.51107            -478.16938             967.89405 
           -490.09221              11.69076            -478.40145             904.43207 
           -487.54908               8.90025            -478.64883             688.55003 
           -491.29611              12.36789            -478.92823             956.81668 
           -491.43059              12.53008            -478.90050             969.36465 
           -491.74265              12.88845            -478.85420             997.08927 
           -490.09504              11.50997            -478.58507             890.44570 
           -491.06242              12.81803            -478.24439             991.64109 
           -491.92868              13.77625            -478.15243            1065.77203 
           -490.22557              12.01895            -478.20662             929.82210 
           -492.83963              13.96645            -478.87318            1080.48635 
           -492.12624              13.02352            -479.10272            1007.53823 
           -495.65494              16.21804            -479.43689            1254.67631 
           -495.70403              16.28182            -479.42221            1259.61013 
           -495.56181              16.25504            -479.30677            1257.53871 
           -498.13666              19.05840            -479.07826            1474.41435 
           -498.18130              19.36057            -478.82074            1497.79108 
           -499.38054              20.68920            -478.69134            1600.57795 
           -502.42750              23.58884            -478.83866            1824.90311 
           -508.99166              30.04771            -478.94394            2324.58074 
           -505.71964              27.28334            -478.43630            2110.72055 
           -504.70763              26.70924            -477.99838            2066.30686 
           -503.61158              26.55889            -477.05269            2054.67489 
           -503.04662              26.10467            -476.94195            2019.53545 
           -498.85850              22.08110            -476.77740            1708.25949 
           -498.16336              22.06889            -476.09447            1707.31552 
           -494.39671              19.19134            -475.20537            1484.69934 
           -496.13599              21.56041            -474.57559            1667.97734 
           -498.94594              24.66981            -474.27613            1908.53016 
           -502.85206              28.42703            -474.42503            2199.19960 
           -503.16890              29.18224            -473.98666            2257.62506 
           -500.65508              27.62671            -473.02837            2137.28505 
           -500.83834              27.97700            -472.86134            2164.38410 
           -497.99646              25.48421            -472.51225            1971.53468 
           -498.00049              25.55832            -472.44217            1977.26819 
           -493.72965              21.50998            -472.21968            1664.07621 
           -492.07130              19.87665            -472.19465            1537.71684 
           -493.16490              20.70860            -472.45630            1602.07903 
           -487.99729              15.85120            -472.14609            1226.29605 
           -489.95982              17.39099            -472.56883            1345.41890 
           -486.68962              13.91362            -472.77599            1076.39941 
           -486.64463              13.67620            -472.96843            1058.03162 
           -488.25816              14.87423            -473.38393            1150.71444 
           -488.34145              14.78847            -473.55298            1144.08028 
           -490.64419              17.05632            -473.58786            1319.52813 
           -492.10565              18.26355            -473.84210            1412.92262 
           -493.03482              18.99182            -474.04300            1469.26387 
           -493.56155              19.29328            -474.26827            1492.58545 
           -497.02779              23.07893            -473.94886            1785.45512 
           -499.71907              25.98452            -473.73455            2010.24034 
           -500.01122              26.30954            -473.70168            2035.38453 
           -501.58537              27.89951            -473.68586            2158.38901 
           -502.63418              28.84412            -473.79006            2231.46731 
           -502.84965              29.41050            -473.43916            2275.28365 
           -504.07860              30.95181            -473.12679            2394.52419 
           -505.35192              32.05434            -473.29758            2479.81901 
           -501.99466              28.66015            -473.33451            2217.23488 
           -499.75944              26.44376            -473.31568            2045.76797 
           -502.67625              28.57831            -474.09794            2210.90314 
           -500.72756              26.01637            -474.71120            2012.70369 
           -499.49671              25.33262            -474.16409            1959.80736 
           -501.92190              27.92677            -473.99513            2160.49863 
           -500.94251              27.36066            -473.58185            2116.70239 
           -499.45798              26.25870            -473.19928            2031.45174 
           -499.68921              26.58063            -473.10857            2056.35692 
           -497.09950              23.91725            -473.18225            1850.30963 
           -494.72406              21.72980            -472.99426            1681.08244 
           -495.16770              21.93099            -473.23671            1696.64677 
           -496.27767              22.73496            -473.54272            1758.84409 
           -497.64933              23.67024            -473.97909            1831.20030 
           -491.83198              17.94366            -473.88832            1388.17537 
           -494.44021              20.34542            -474.09479            1573.98235 
           -494.88300              20.55881            -474.32419            1590.49082 
           -497.14448              22.58182            -474.56266            1746.99682 
           -499.37561              24.49522            -474.88040            1895.02293 
           -500.11053              25.14294            -474.96759            1945.13264 
           -498.88307              24.11823            -474.76484            1865.85849 
           -499.99481              25.13050            -474.86431            1944.17049 
           -494.60063              20.97532            -473.62531            1622.71342 
           -500.31477              25.77162            -474.54315            1993.76955 
           -501.26664              26.83382            -474.43283            2075.94425 
           -499.16601              25.26349            -473.90252            1954.45867 
           -499.57657              25.99077            -473.58580            2010.72328 
           -502.22853              28.84481            -473.38372            2231.52062 
           -502.28849              28.93947            -473.34903            2238.84337 
           -501.36176              27.69189            -473.66988            2142.32706 
           -501.10294              27.19124            -473.91170            2103.59562 
           -495.87302              22.14974            -473.72328            1713.56987 
           -494.49570              21.08178            -473.41392            1630.94946 
           -497.05444              23.84814            -473.20629            1844.96341 
           -496.18222              22.94209            -473.24013            1774.86863 
           -497.00881              23.42080            -473.58801            1811.90293 
           -497.10163              23.56887            -473.53275            1823.35833 
           -494.56280              20.86102            -473.70178            1613.87068 
           -496.24441              22.60367            -473.64074            1748.68739 
           -500.88298              27.01754            -473.86544            2090.15735 
           -498.52563              25.21589            -473.30974            1950.77623 
           -496.14776              24.04031            -472.10745            1859.83007 
           -496.90717              25.26421            -471.64297            1954.51428 
           -495.88488              24.57425            -471.31063            1901.13743 
           -499.34001              27.85522            -471.48479            2154.96255 
           -497.42022              26.13096            -471.28926            2021.56892 
           -496.43064              25.26547            -471.16517            1954.61183 
           -498.42731              27.37936            -471.04795            2118.14875 
           -498.35232              27.62891            -470.72341            2137.45486 
           -495.19141              24.88635            -470.30506            1925.28246 
           -496.04175              25.55394            -470.48780            1976.92927 
           -494.95501              24.28761            -470.66740            1878.96183 
           -496.66412              25.79134            -470.87278            1995.29514 
           -495.19114              23.82185            -471.36930            1842.92912 
           -493.30614              22.60452            -470.70162            1748.75284 
           -497.95585              27.19849            -470.75737            2104.15619 
           -496.09590              25.32279            -470.77311            1959.04656 
           -496.82618              26.40897            -470.41721            2043.07665 
           -495.61865              25.41544            -470.20321            1966.21432 
           -495.11426              25.02425            -470.09000            1935.95093 
           -494.33508              24.68825            -469.64683            1909.95676 
           -493.02845              23.76928            -469.25917            1838.86248 
           -490.74297              21.33843            -469.40454            1650.80449 
           -491.08754              22.06972            -469.01782            1707.37938 
           -491.21858              22.45640            -468.76218            1737.29438 
           -490.27991              22.01376            -468.26615            1703.05037 
           -491.44005              23.56098            -467.87907            1822.74771 
           -492.75614              24.71386            -468.04228            1911.93811 
           -492.06595              24.15937            -467.90658            1869.04097 
           -492.65613              24.96362            -467.69251            1931.26031 
           -490.61491              23.16467            -467.45023            1792.08819 
           -489.68415              22.28534            -467.39881            1724.06063 
           -493.27886              25.99207            -467.28680            2010.82386 
           -493.52919              26.17981            -467.34939            2025.34782 
           -498.91045              31.44724            -467.46322            2432.85203 
           -495.50065              27.80712            -467.69353            2151.24197 
           -489.74068              22.82058            -466.92010            1765.46789 
           -495.20137              28.05245            -467.14891            2170.22145 
           -492.15695              25.31513            -466.84181            1958.45419 
           -496.60153              29.90357            -466.69796            2313.42970 
           -494.24371              27.55413            -466.68959            2131.66940 
           -494.49940              27.73869            -466.76071            2145.94779 
           -492.51347              25.80626            -466.70721            1996.44946 
           -493.01173              26.19015            -466.82157            2026.14847 
           -490.03445              23.30317            -466.73128            1802.80293 
           -491.99295              25.79224            -466.20071            1995.36460 
           -486.74865              20.87687            -465.87178            1615.09674 
           -492.04288              26.58433            -465.45856            2056.64281 
           -488.93727              23.72714            -465.21013            1835.60202 
           -487.64858              22.84772            -464.80086            1767.56782 
           -489.62412              24.30851            -465.31562            1880.57871 
           -490.66305              25.33342            -465.32963            1959.86870 
           -492.79016              27.39909            -465.39107            2119.67499 
           -491.29004              26.07951            -465.21053            2017.58883 
           -490.44806              25.59186            -464.85620            1979.86252 
           -487.93059              23.70235            -464.22824            1833.68472 
           -488.74743              24.86150            -463.88592            1923.36010 
           -491.63946              27.85035            -463.78912            2154.58587 
           -494.58508              30.99984            -463.58524            2398.24043 
           -492.99561              29.18780            -463.80781            2258.05548 
           -495.90559              32.22955            -463.67604            2493.37376 
           -488.67970              24.74198            -463.93772            1914.11314 
           -496.26319              31.27587            -464.98731            2419.59485 
           -495.06531              29.85251            -465.21280            2309.47940 
           -501.01397              35.96634            -465.04763            2782.46362 
           -496.94438              32.10859            -464.83579            2484.01620 
           -499.41994              34.36865            -465.05129            2658.86133 
           -494.12130              29.04892            -465.07238            2247.31089 
           -492.81873              27.93487            -464.88386            2161.12492 
           -495.70525              30.72124            -464.98400            2376.68704 
           -493.07492              28.40751            -464.66741            2197.69000 
           -494.49690              29.90425            -464.59265            2313.48190 
           -493.83295              29.00201            -464.83094            2243.68195 
           -492.50032              27.48661            -465.01371            2126.44595 
           -490.32490              25.11979            -465.20511            1943.34162 
           -489.66717              24.93129            -464.73588            1928.75918 
           -489.64762              25.29659            -464.35102            1957.01997 
           -491.00524              26.07853            -464.92671            2017.51298 
           -485.04085              19.94736            -465.09349            1543.18719 
           -490.72868              25.44515            -465.28353            1968.51267 
           -490.61294              25.89248            -464.72047            2003.11914 
           -492.78510              27.68108            -465.10403            2141.49064 
           -493.25411              28.80872            -464.44539            2228.72874 
           -489.85113              25.81147            -464.03966            1996.85241 
           -490.15577              26.49078            -463.66499            2049.40583 
           -489.03510              25.16555            -463.86955            1946.88201 
           -490.43733              26.51027            -463.92706            2050.91359 
           -495.10824              31.03655            -464.07170            2401.07979 
           -494.59289              30.06030            -464.53259            2325.55459 
           -493.52517              29.60683            -463.91834            2290.47237 
           -493.19193              29.40165            -463.79028            2274.59904 
           -493.08464              28.95943            -464.12521            2240.38806 
           -492.60498              28.72336            -463.88162            2222.12451 
           -493.51826              29.28666            -464.23160            2265.70330 
           -492.65260              27.67041            -464.98219            2140.66532 
           -493.36728              28.78776            -464.57952            2227.10671 
           -490.76899              26.31692            -464.45207            2035.95512 
           -492.04817              27.81372            -464.23445            2151.75227 
           -488.82407              25.52957            -463.29449            1975.04396 
           -485.67664              23.00796            -462.66868            1779.96437 
           -487.07824              24.00675            -463.07149            1857.23411 
           -495.03504              31.99628            -463.03877            2475.32736 
           -485.19351              22.71806            -462.47544            1757.53724 
           -490.14566              27.76022            -462.38545            2147.61310 
           -490.84754              28.55318            -462.29436            2208.95919 
           -484.87581              22.31481            -462.56100            1726.34001 
           -492.59973              29.65100            -462.94873            2293.88979 
           -486.86367              24.31115            -462.55252            1880.78319 
           -489.56705              27.37595            -462.19110            2117.88501 
           -491.97684              29.71564            -462.26119            2298.89086 
           -491.48196              29.80757            -461.67439            2306.00243 
           -489.18385              27.51798            -461.66587            2128.87296 
           -486.94760              25.24743            -461.70018            1953.21639 
           -487.54303              25.91186            -461.63118            2004.61855 
           -491.71232              29.90414            -461.80818            2313.47356 
           -491.76095              30.10524            -461.65571            2329.03116 
           -491.86729              30.79498            -461.07231            2382.39166 
           -490.55900              29.22164            -461.33735            2260.67356 
           -491.21391              29.67087            -461.54305            2295.42679 
           -489.00931              28.29340            -460.71591            2188.86211 
           -490.37017              29.08061            -461.28956            2249.76301 
           -491.26933              30.30699            -460.96234            2344.63893 
           -492.96680              32.02096            -460.94584            2477.23670 
           -492.96643              33.04197            -459.92446            2556.22564 
           -488.76436              28.63956            -460.12480            2215.64218 
           -493.99085              33.76174            -460.22911            2611.90878 
           -491.64490              31.11915            -460.52575            2407.47028 
           -494.61875              33.71405            -460.90470            2608.21979 
           -492.99924              32.32853            -460.67072            2501.03123 
           -489.92347              29.80011            -460.12336            2305.42543 
           -494.28387              35.04999            -459.23388            2711.57203 
           -493.28308              34.10207            -459.18101            2638.23756 
           -490.99564              31.91366            -459.08199            2468.93572 
           -485.34912              27.45597            -457.89315            2124.07611 
           -483.50502              26.68271            -456.82232            2064.25384 
           -489.02609              31.71691            -457.30918            2453.71456 
           -493.06989              35.87151            -457.19838            2775.12689 
           -485.79205              29.29890            -456.49315            2266.65061 
           -485.01350              29.16698            -455.84652            2256.44453 
           -487.70498              32.23358            -455.47140            2493.68628 
           -486.68250              31.63496            -455.04754            2447.37503 
           -483.38664              28.79352            -454.59312            2227.55256 
           -486.12183              31.59208            -454.52975            2444.05747 
           -485.34232              30.78060            -454.56172            2381.27923 
           -483.40671              29.16054            -454.24617            2255.94669 
           -483.42571              29.24336            -454.18235            2262.35373 
           -484.53744              30.58545            -453.95199            2366.18176 
           -478.65536              25.39415            -453.26121            1964.56731 
           -483.71269              30.07530            -453.63739            2326.71492 
           -483.47413              29.68535            -453.78878            2296.54727 
           -486.33935              32.21612            -454.12323            2492.33553 
           -481.05250              26.94750            -454.10501            2084.73879 
           -485.88004              31.72692            -454.15312            2454.48895 
           -485.99481              31.59388            -454.40093            2444.19655 
           -487.42849              32.92436            -454.50412            2547.12699 
           -483.34255              28.93024            -454.41231            2238.12942 
           -488.93295              34.56752            -454.36543            2674.24633 
           -485.58426              31.36968            -454.21458            2426.85204 
           -490.96516              36.77485            -454.19031            2845.01226 
           -484.34963              30.96840            -453.38123            2395.80771 
           -485.44863              31.52325            -453.92539            2438.73246 
           -491.37693              36.47758            -454.89935            2822.01441 
           -491.05930              36.53970            -454.51960            2826.82035 
           -490.84933              35.91512            -454.93420            2778.50120 
           -488.96162              33.86748            -455.09414            2620.08943 
           -491.57756              36.31984            -455.25773            2809.81100 
           -491.24190              35.92811            -455.31379            2779.50578 
           -486.48367              31.88952            -454.59415            2467.06855 
           -492.37276              37.18512            -455.18765            2876.75167 
           -488.66139              33.29879            -455.36260            2576.09382 
           -488.63803              33.51875            -455.11928            2593.11052 
           -491.88488              36.80839            -455.07649            2847.60700 
           -491.72591              37.19493            -454.53098            2877.51085 
           -482.31321              28.03566            -454.27756            2168.92201 
           -485.03944              30.53519            -454.50425            2362.29345 
           -490.10207              35.36903            -454.73304            2736.25401 
           -486.55039              32.15536            -454.39503            2487.63468 
           -480.15468              26.90494            -453.24974            2081.44673 
           -489.72578              35.50497            -454.22081            2746.77027 
           -485.13950              31.19933            -453.94017            2413.67293 
           -487.42470              33.62027            -453.80443            2600.96441 
           -482.39928              29.12299            -453.27629            2253.04152 
           -483.92864              30.76941            -453.15922            2380.41343 
           -490.48416              37.07686            -453.40729            2868.37665 
           -490.29206              36.37182            -453.92024            2813.83264 
           -486.04275              32.81724            -453.22551            2538.83938 
           -488.48685              35.45653            -453.03032            2743.02297 
           -494.09810              40.72346            -453.37465            3150.48805 
           -486.66142              33.99545            -452.66597            2629.98971 
           -486.43118              34.01372            -452.41746            2631.40309 
           -491.87750              39.17008            -452.70743            3030.31409 
           -483.92987              31.82895            -452.10091            2462.38290 
           -483.53565              31.77979            -451.75585            2458.57970 
           -482.64223              30.88578            -451.75646            2389.41580 
           -486.44267              35.22905            -451.21362            2725.42473 
           -478.58397              27.72115            -450.86282            2144.59073 
           -482.33901              31.64121            -450.69780            2447.85855 
           -485.55375              34.91580            -450.63795            2701.19052 
           -482.62980              32.98712            -449.64268            2551.98209 
           -485.46675              35.79766            -449.66909            2769.41366 
           -482.41271              32.66943            -449.74328            2527.40459 
           -480.79284              30.95885            -449.83399            2395.06924 
           -484.79554              34.71723            -450.07831            2685.82811 
           -478.22184              28.62979            -449.59205            2214.88586 
           -483.42836              33.82837            -449.60000            2617.06328 
           -481.65130              31.99920            -449.65210            2475.55336 
           -479.46248              30.30604            -449.15643            2344.56569 
           -479.64655              30.78754            -448.85900            2381.81601 
           -481.52270              31.89723            -449.62547            2467.66503 
           -481.07462              31.58592            -449.48870            2443.58082 
           -478.87127              30.15794            -448.71333            2333.10792 
           -482.25008              33.34691            -448.90316            2579.81683 
           -486.79901              38.02591            -448.77311            2941.79773 
           -477.69881              29.73395            -447.96486            2300.30676 
           -480.39501              32.12481            -448.27019            2485.27146 
           -481.00848              32.65606            -448.35242            2526.37009 
           -486.66873              38.65985            -448.00888            2990.84172 
           -481.68801              33.74969            -447.93832            2610.97691 
           -486.01401              37.31110            -448.70292            2886.49791 
           -485.32130              36.29987            -449.02143            2808.26650 
           -489.77643              41.80105            -447.97538            3233.85387 
           -491.23066              42.57923            -448.65144            3294.05603 
           -491.16689              41.75067            -449.41622            3229.95655 
           -490.98115              42.03403            -448.94712            3251.87767 
           -484.75091              36.08165            -448.66926            2791.38394 
           -479.90530              32.27000            -447.63530            2496.50333 
           -487.10000              38.83773            -448.26227            3004.60277 
           -481.53580              33.73586            -447.79994            2609.90649 
           -482.42063              34.72346            -447.69716            2686.31084 
           -484.07796              36.94989            -447.12806            2858.55401 
           -480.92866              33.81393            -447.11473            2615.94628 
           -482.32620              34.84006            -447.48614            2695.33120 
           -479.03014              32.18716            -446.84298            2490.09485 
           -481.63727              34.78943            -446.84784            2691.41424 
           -480.25847              33.47824            -446.78023            2589.97647 
           -480.50872              33.81941            -446.68931            2616.37047 
           -477.98305              31.57866            -446.40440            2443.01922 
           -481.65832              35.00943            -446.64889            2708.43399 
           -481.69457              34.91304            -446.78154            2700.97664 
           -485.10539              38.59708            -446.50831            2985.98546 
           -480.64396              34.01254            -446.63142            2631.31178 
           -477.12184              30.57357            -446.54826            2365.26269 
           -485.32123              38.27786            -447.04338            2961.28916 
           -482.30789              35.58181            -446.72608            2752.71493 
           -482.77532              36.09617            -446.67915            2792.50749 
           -481.29405              33.84255            -447.45149            2618.16093 
           -485.41516              38.96479            -446.45037            3014.43258 
           -482.00839              36.38309            -445.62530            2814.70476 
           -484.93946              39.28258            -445.65688            3039.01762 
           -483.84166              37.77060            -446.07106            2922.04658 
           -482.44156              36.97941            -445.46216            2860.83727 
           -486.39961              40.22014            -446.17947            3111.55009 
           -482.09291              36.85788            -445.23503            2851.43540 
           -490.63923              44.59741            -446.04182            3450.18832 
           -487.09243              40.99483            -446.09760            3171.48264 
           -486.06459              40.98208            -445.08251            3170.49630 
           -479.33652              34.68984            -444.64668            2683.70960 
           -484.80139              39.92060            -444.88078            3088.37700 
           -481.30340              36.68372            -444.61967            2837.96232 
           -483.77801              39.18669            -444.59132            3031.59925 
           -478.88634              34.44840            -444.43794            2665.03069 
           -483.63823              38.69197            -444.94626            2993.32623 
           -474.62636              30.49498            -444.13138            2359.18258 
           -482.93236              37.90393            -445.02843            2932.36103 
           -480.63559              36.27987            -444.35571            2806.71926 
           -477.84058              33.70313            -444.13745            2607.37501 
           -477.53195              33.21205            -444.31990            2569.38289 
           -478.45765              33.93510            -444.52255            2625.32071 
           -480.37826              35.75104            -444.62722            2765.80728 
           -478.46581              33.99745            -444.46836            2630.14451 
           -475.83118              31.00802            -444.82315            2398.87325 
           -479.19157              34.62475            -444.56682            2678.67398 
           -479.03962              34.34382            -444.69580            2656.94004 
           -479.90166              35.78356            -444.11810            2768.32294 
           -481.14154              37.24117            -443.90037            2881.08779 
           -476.32663              32.45743            -443.86920            2511.00391 
           -481.14357              37.22869            -443.91488            2880.12274 
           -471.69215              28.29263            -443.39952            2188.80220 
           -477.35625              33.78808            -443.56818            2613.94635 
           -477.72020              33.95623            -443.76397            2626.95502 
           -481.91492              38.28600            -443.62892            2961.91882 
           -485.29825              41.62924            -443.66901            3220.56205 
           -481.37176              38.14006            -443.23169            2950.62903 
           -484.03509              40.95981            -443.07528            3168.77332 
           -473.78696              30.93207            -442.85490            2392.99695 
           -480.52955              37.64685            -442.88270            2912.47276 
           -478.81553              36.40743            -442.40810            2816.58773 
           -481.31349              38.35286            -442.96063            2967.09164 
           -482.03893              39.93166            -442.10727            3089.23259 
           -480.61807              39.46587            -441.15220            3053.19711 
           -479.24569              37.58597            -441.65972            2907.76261 
           -478.53611              36.88378            -441.65233            2853.43914 
           -482.70718              40.56710            -442.14009            3138.39170 
           -477.50876              35.51085            -441.99792            2747.22501 
           -476.28811              34.64550            -441.64260            2680.27958 
           -473.53890              31.90904            -441.62986            2468.57853 
           -470.38574              29.09500            -441.29073            2250.87633 
           -473.17678              32.14569            -441.03109            2486.88624 
           -475.57729              34.42963            -441.14766            2663.57862 
           -474.41207              33.29705            -441.11502            2575.95932 
           -473.53747              32.27669            -441.26078            2497.02068 
           -480.05213              38.69297            -441.35916            2993.40324 
           -480.39063              38.85904            -441.53159            3006.25131 
           -478.30229              36.65692            -441.64537            2835.88894 
           -478.34431              37.32721            -441.01709            2887.74446 
           -482.03277              41.00850            -441.02427            3172.54010 
           -483.66443              42.60876            -441.05566            3296.34112 
           -481.22637              39.36241            -441.86396            3045.19370 
           -482.44297              40.45217            -441.99080            3129.50063 
           -483.53579              40.97758            -442.55821            3170.14812 
           -481.05312              39.69316            -441.35997            3070.78093 
           -481.56494              40.45785            -441.10709            3129.94006 
           -478.52554              38.04619            -440.47935            2943.36693 
           -477.40878              36.97917            -440.42961            2860.81883 
           -479.21012              38.14651            -441.06361            2951.12749 
           -481.63319              40.11639            -441.51680            3103.52355 
           -477.99733              36.66993            -441.32740            2836.89534 
           -476.89300              35.63644            -441.25657            2756.94102 
           -481.87282              40.67583            -441.19700            3146.80342 
           -479.87505              38.84602            -441.02903            3005.24392 
           -478.73794              37.43857            -441.29937            2896.35935 
           -478.17241              36.56667            -441.60574            2828.90643 
           -475.13792              34.45115            -440.68677            2665.24350 
           -478.73937              37.81120            -440.92817            2925.18729 
           -475.94050              35.05741            -440.88309            2712.14558 
           -473.50516              31.88421            -441.62095            2466.65782 
           -479.47245              37.82565            -441.64681            2926.30489 
           -478.39191              36.82878            -441.56312            2849.18467 
           -475.53812              34.65629            -440.88183            2681.11394 
           -477.21032              35.93386            -441.27646            2779.95037 
           -480.15902              38.41209            -441.74692            2971.67413 
           -476.74524              35.08758            -441.65766            2714.48012 
           -476.56601              34.50222            -442.06380            2669.19447 
           -482.07477              39.72168            -442.35309            3072.98758 
           -478.56854              36.40018            -442.16836            2816.02676 
           -478.36557              36.31711            -442.04847            2809.59982 
           -470.79643              29.55250            -441.24393            2286.26950 
           -476.45927              34.74860            -441.71067            2688.25536 
           -474.47766              32.47536            -442.00230            2512.39094 
           -482.19168              39.53975            -442.65192            3058.91331 
           -486.95379              44.33089            -442.62290            3429.57000 
           -482.68747              40.22323            -442.46424            3111.78908 
           -483.01698              40.67251            -442.34447            3146.54636 
           -485.44626              43.02300            -442.42326            3328.38733 
           -478.89806              37.60885            -441.28921            2909.53309 
           -484.14586              42.74296            -441.40290            3306.72298 
           -478.37777              37.15897            -441.21880            2874.72855 
           -475.12776              34.13431            -440.99345            2640.73242 
           -481.78882              39.48007            -442.30876            3054.29568 
           -474.42048              33.30430            -441.11617            2576.52014 
           -476.41946              34.82440            -441.59506            2694.11918 
           -479.40837              37.30911            -442.09925            2886.34424 
           -481.22776              39.05382            -442.17394            3021.32035 
           -474.88847              33.72537            -441.16310            2609.09534 
           -479.03515              37.53266            -441.50249            2903.63868 
           -479.04054              37.33931            -441.70123            2888.68014 
           -484.83773              43.05573            -441.78199            3330.91999 
           -474.49104              32.77844            -441.71260            2535.83769 
           -478.00850              35.99707            -442.01142            2784.84098 
           -480.69653              38.90807            -441.78845            3010.04464 
           -485.03511              43.09916            -441.93595            3334.27985 
           -485.28950              43.30547            -441.98402            3350.24057 
           -482.42296              40.08255            -442.34041            3100.90550 
           -474.47165              33.05880            -441.41284            2557.52754 
           -477.27059              35.53866            -441.73193            2749.37647 
           -485.02017              42.63706            -442.38310            3298.53042 
           -479.88076              38.22231            -441.65845            2956.99159 
           -474.41398              33.70903            -440.70495            2607.83148 
           -482.71001              41.59944            -441.11056            3218.25709 
           -474.95866              34.37636            -440.58230            2659.45760 
           -474.28546              33.21569            -441.06976            2569.66517 
           -476.58684              35.29356            -441.29328            2730.41471 
           -473.42845              32.27838            -441.15007            2497.15188 
           -477.16488              35.57301            -441.59187            2752.03449 
           -475.02187              33.50352            -441.51835            2591.93237 
           -478.19449              36.94036            -441.25413            2857.81642 
           -482.17309              40.89781            -441.27528            3163.97685 
           -477.46698              36.77584            -440.69113            2845.08896 
           -480.29834              39.19506            -441.10328            3032.24672 
           -482.65588              41.09382            -441.56206            3179.14066 
           -480.57760              38.87036            -441.70724            3007.12730 
           -482.12049              40.52280            -441.59769            3134.96480 
           -480.49649              38.68854            -441.80795            2993.06099 
           -477.13076              35.36713            -441.76364            2736.10631 
           -477.14083              35.24744            -441.89339            2726.84746 
           -481.32035              39.35012            -441.97023            3044.24261 
           -477.61707              35.73334            -441.88373            2764.43743 
           -484.39689              42.80777            -441.58912            3311.73677 
           -479.30162              38.49562            -440.80600            2978.13599 
           -473.64727              33.05716            -440.59012            2557.40029 
           -483.41162              41.76358            -441.64804            3230.95500 
           -482.13127              40.40726            -441.72401            3126.02654 
           -479.23697              38.03151            -441.20546            2942.23127 
           -480.02771              38.64205            -441.38566            2989.46436 
           -478.44891              36.92531            -441.52360            2856.65203 
           -475.40987              34.34838            -441.06149            2657.29337 
           -480.81402              39.49108            -441.32293            3055.14796 
           -480.02345              38.57886            -441.44459            2984.57578 
           -471.13740              30.50845            -440.62895            2360.22447 
           -478.96861              37.70641            -441.26219            2917.08074 
           -477.13921              35.95626            -441.18295            2781.68366 
           -484.14564              42.45543            -441.69022            3284.47846 
           -470.27189              29.51844            -440.75345            2283.63448 
           -477.37194              36.49141            -440.88052            2823.08465 
           -471.60995              30.72325            -440.88670            2376.84213 
           -477.46057              36.57460            -440.88597            2829.52015 
           -479.87557              39.29127            -440.58429            3039.69016 
           -480.25969              39.42299            -440.83670            3049.88014 
           -471.35229              30.58023            -440.77207            2365.77748 
           -476.40312              35.47870            -440.92443            2744.73771 
           -475.52668              34.62841            -440.89827            2678.95713 
           -471.12925              30.47311            -440.65614            2357.49072 
           -479.44524              38.90966            -440.53558            3010.16708 
           -476.05244              36.24917            -439.80328            2804.34376 
           -476.15542              36.88966            -439.26577            2853.89404 
           -478.41926              38.85136            -439.56790            3005.65702 
           -477.84415              38.56394            -439.28020            2983.42174 
           -478.09116              38.11168            -439.97948            2948.43320 
           -480.62700              40.12016            -440.50683            3103.81552 
           -471.11478              30.60479            -440.50999            2367.67760 
           -478.45948              37.57808            -440.88139            2907.15266 
           -475.63330              35.35221            -440.28110            2734.95224 
           -473.53728              33.67999            -439.85729            2605.58473 
           -484.21828              44.13706            -440.08123            3414.57428 
           -480.81143              40.60449            -440.20694            3141.28434 
           -477.02433              37.51641            -439.50792            2902.38110 
           -477.61783              38.14083            -439.47700            2950.68871 
           -477.91030              37.86752            -440.04278            2929.54457 
           -476.70323              36.98816            -439.71507            2861.51425 
           -477.21599              36.60157            -440.61443            2831.60649 
           -476.24867              36.00861            -440.24006            2785.73343 
           -477.92137              37.34826            -440.57311            2889.37276 
           -478.04597              37.92757            -440.11840            2934.19027 
           -478.38898              38.44892            -439.94006            2974.52324 
           -480.13322              40.19386            -439.93936            3109.51683 
           -478.07832              38.32647            -439.75185            2965.05039 
           -477.51456              38.10584            -439.40872            2947.98135 
