           -514.48693               1.29136            -513.19557             104.06612 
           -514.62198               1.60158            -513.02040             129.06528 
           -514.06634               1.28287            -512.78348             103.38153 
           -514.46379               1.88658            -512.57722             152.03249 
           -514.89862               2.41353            -512.48509             194.49765 
           -514.48534               1.97473            -512.51061             159.13672 
           -514.28545               1.63366            -512.65178             131.65110 
           -514.30991               1.44853            -512.86138             116.73174 
           -514.60809               1.49940            -513.10869             120.83109 
           -514.74456               1.48245            -513.26211             119.46498 
           -514.47565               1.18451            -513.29114              95.45543 
           -514.94665               1.76024            -513.18641             141.85182 
           -514.48669               1.52981            -512.95688             123.28217 
           -514.13711               1.42557            -512.71154             114.88170 
           -514.78065               2.21823            -512.56241             178.75950 
           -515.35015               2.87529            -512.47486             231.70920 
           -514.71116               2.21367            -512.49749             178.39147 
           -514.65468               1.98364            -512.67104             159.85463 
           -514.87686               1.96266            -512.91419             158.16398 
           -514.99090               1.87320            -513.11769             150.95491 
           -515.00473               1.77163            -513.23310             142.76896 
           -515.09875               1.88069            -513.21805             151.55844 
           -515.20806               2.10771            -513.10034             169.85297 
           -514.91730               2.05430            -512.86299             165.54906 
           -515.01717               2.36714            -512.65003             190.75933 
           -515.59215               3.09263            -512.49952             249.22424 
           -515.70348               3.23531            -512.46817             260.72192 
           -515.39279               2.82002            -512.57278             227.25511 
           -515.13539               2.38184            -512.75355             191.94361 
           -515.69351               2.71028            -512.98323             218.41163 
           -515.92553               2.70510            -513.22043             217.99445 
           -515.74157               2.44506            -513.29652             197.03852 
           -516.20779               2.96744            -513.24035             239.13543 
           -515.93991               2.88587            -513.05403             232.56218 
           -515.73075               2.89496            -512.83579             233.29448 
           -516.04813               3.42893            -512.61920             276.32551 
           -516.51194               4.02836            -512.48358             324.63143 
           -516.66061               4.18245            -512.47816             337.04849 
           -516.55784               3.95313            -512.60472             318.56848 
           -516.23752               3.45163            -512.78589             278.15482 
           -516.76851               3.73409            -513.03442             300.91691 
           -516.85481               3.65079            -513.20403             294.20399 
           -516.77671               3.53601            -513.24070             284.95442 
           -517.14576               3.97285            -513.17292             320.15778 
           -517.34061               4.34566            -512.99495             350.20107 
           -516.96140               4.20966            -512.75175             339.24113 
           -517.42166               4.85566            -512.56600             391.30010 
           -518.12160               5.64612            -512.47548             455.00098 
           -517.50449               5.01610            -512.48839             404.22964 
           -517.43919               4.76753            -512.67166             384.19837 
           -518.04545               5.14349            -512.90196             414.49566 
           -518.02925               4.90917            -513.12009             395.61231 
           -518.18488               4.91665            -513.26823             396.21529 
           -518.54214               5.24319            -513.29895             422.52994 
           -518.51254               5.33459            -513.17795             429.89559 
           -518.35464               5.42216            -512.93248             436.95225 
           -518.70158               5.99537            -512.70621             483.14550 
           -518.78116               6.22985            -512.55131             502.04131 
           -519.62924               7.15332            -512.47592             576.46020 
           -519.47111               6.96222            -512.50890             561.06031 
           -519.22193               6.52804            -512.69389             526.07185 
           -520.12655               7.18771            -512.93884             579.23205 
           -521.28690               8.14885            -513.13806             656.68643 
           -522.73392               9.52387            -513.21005             767.49471 
           -525.85572              12.66527            -513.19045            1020.64938 
           -528.04598              14.97455            -513.07143            1206.74555 
           -532.24113              19.29020            -512.95094            1554.52819 
           -533.53794              20.83503            -512.70291            1679.02082 
           -536.18835              23.30351            -512.88483            1877.94731 
           -541.09418              27.62769            -513.46649            2226.41736 
           -534.57544              19.65928            -514.91616            1584.27172 
           -532.55679              16.54912            -516.00767            1333.63496 
           -529.16708              11.85826            -517.30882             955.61532 
           -531.30637              12.68609            -518.62028            1022.32719 
           -538.22875              18.88635            -519.34240            1521.98379 
           -538.94149              18.83319            -520.10829            1517.69995 
           -539.50594              18.95725            -520.54869            1527.69718 
           -542.58397              22.13713            -520.44684            1783.95239 
           -538.84703              18.07046            -520.77657            1456.23437 
           -537.25018              16.08593            -521.16425            1296.30755 
           -530.56241               9.73294            -520.82947             784.34272 
           -529.90040               9.16738            -520.73303             738.76621 
           -527.23715               6.15418            -521.08297             495.94344 
           -525.30318               3.75920            -521.54398             302.94058 
           -527.08502               5.25160            -521.83343             423.20748 
           -530.21372               8.37227            -521.84145             674.69161 
           -532.81009              10.99107            -521.81902             885.73123 
           -540.15074              18.21549            -521.93526            1467.92145 
           -541.63925              19.61376            -522.02549            1580.60284 
           -547.97751              25.18374            -522.79377            2029.46786 
           -549.48163              26.20036            -523.28127            2111.39392 
           -542.28766              19.16583            -523.12183            1544.50592 
           -540.20931              16.92302            -523.28629            1363.76590 
           -536.10709              12.45616            -523.65092            1003.79778 
           -535.22857              10.81514            -524.41342             871.55403 
           -535.55974              11.57870            -523.98103             933.08650 
           -541.50007              17.37763            -524.12243            1400.40169 
           -547.08499              22.30321            -524.78178            1797.33620 
           -548.33810              23.84296            -524.49514            1921.41958 
           -548.53098              24.32367            -524.20731            1960.15801 
           -541.96957              17.82694            -524.14262            1436.61000 
           -539.97321              15.56591            -524.40729            1254.40167 
           -533.45026               9.08949            -524.36077             732.48957 
           -532.40804               8.15034            -524.25770             656.80704 
           -528.29723               4.21175            -524.08548             339.40991 
           -529.88218               5.79742            -524.08476             467.19344 
           -529.17574               5.14961            -524.02613             414.98864 
           -533.70706               9.62940            -524.07766             775.99894 
           -538.61695              14.60985            -524.00710            1177.35607 
           -541.31247              17.51311            -523.79936            1411.31911 
           -546.23086              22.25916            -523.97170            1793.78633 
           -544.35829              20.32702            -524.03127            1638.08229 
           -545.19744              21.33310            -523.86434            1719.15864 
           -541.87502              19.29563            -522.57939            1554.96618 
           -536.88661              15.00074            -521.88587            1208.85652 
           -529.22018               8.02758            -521.19260             646.91436 
           -531.46348              10.64821            -520.81527             858.10101 
           -534.67234              14.59043            -520.08190            1175.79114 
           -538.32490              19.42905            -518.89585            1565.71816 
           -543.24602              24.43180            -518.81422            1968.87155 
           -542.88670              24.73660            -518.15010            1993.43456 
           -540.49887              22.73843            -517.76044            1832.40877 
           -535.05903              17.76500            -517.29403            1431.61810 
           -529.44361              12.67223            -516.77138            1021.21001 
           -525.70216               9.49637            -516.20580             765.27830 
           -523.36571               7.62090            -515.74481             614.14131 
           -520.79169               5.02672            -515.76497             405.08543 
           -521.02718               5.12261            -515.90457             412.81317 
           -525.14037               9.29618            -515.84419             749.14604 
           -524.76256               9.21090            -515.55165             742.27380 
           -528.38210              13.05935            -515.32275            1052.40662 
           -531.60819              16.63445            -514.97374            1340.51080 
           -533.37947              18.58041            -514.79906            1497.32949 
           -532.69037              18.22054            -514.46983            1468.32812 
           -532.91580              19.20507            -513.71073            1547.66850 
           -526.38023              13.62654            -512.75369            1098.11467 
           -523.24794              12.19272            -511.05522             982.56794 
           -517.99530               7.77699            -510.21832             626.71983 
           -519.61640              10.77986            -508.83654             868.71026 
           -522.54615              15.20929            -507.33686            1225.66267 
           -524.78274              18.53209            -506.25065            1493.43547 
           -526.84024              21.79165            -505.04859            1756.11191 
           -526.84360              22.38271            -504.46089            1803.74263 
           -524.93726              21.25810            -503.67917            1713.11430 
           -519.31012              16.17459            -503.13553            1303.45280 
           -517.57302              14.66037            -502.91264            1181.42744 
           -512.82226              10.26261            -502.55966             827.02698 
           -511.62200               9.33491            -502.28709             752.26690 
           -510.76197               8.82508            -501.93688             711.18217 
           -510.28917               8.64926            -501.63992             697.01283 
           -510.21802               8.65365            -501.56437             697.36715 
           -512.36556              10.78809            -501.57747             869.37401 
           -512.60577              11.00585            -501.59992             886.92193 
           -515.81461              14.04621            -501.76840            1131.93431 
           -513.99370              12.59323            -501.40046            1014.84387 
           -515.96532              15.16486            -500.80045            1222.08250 
           -517.46953              16.74230            -500.72723            1349.20207 
           -514.69179              14.20178            -500.49002            1144.47052 
           -514.69978              14.52533            -500.17444            1170.54503 
           -515.91330              16.32321            -499.59009            1315.42946 
           -514.88979              15.90962            -498.98018            1282.09937 
           -521.53219              22.41099            -499.12121            1806.02164 
           -519.44990              20.20419            -499.24571            1628.18398 
           -525.51771              25.79393            -499.72377            2078.64137 
           -520.80960              20.69732            -500.11227            1667.92371 
           -522.85324              21.95342            -500.89981            1769.14836 
           -515.92060              14.31655            -501.60405            1153.71991 
           -521.90259              19.67722            -502.22538            1585.71679 
           -516.34083              13.68430            -502.65652            1102.76911 
           -517.28586              14.23968            -503.04618            1147.52535 
           -522.14952              18.44721            -503.70230            1486.59539 
           -522.18870              18.15485            -504.03386            1463.03454 
           -523.47618              19.31236            -504.16382            1556.31447 
           -524.86653              20.58514            -504.28139            1658.88352 
           -524.45562              20.01669            -504.43893            1613.07348 
           -528.51291              23.42578            -505.08713            1887.80040 
           -523.47332              18.61687            -504.85645            1500.26692 
           -526.03238              21.22213            -504.81025            1710.21612 
           -526.30631              21.05605            -505.25026            1696.83181 
           -529.05356              22.63403            -506.41952            1823.99627 
           -529.57949              22.80072            -506.77877            1837.42903 
           -526.37159              19.14294            -507.22866            1542.66107 
           -527.96135              19.92615            -508.03520            1605.77748 
           -528.95037              20.31776            -508.63261            1637.33586 
           -529.91969              21.37942            -508.54027            1722.89155 
           -530.68861              22.55681            -508.13180            1817.77297 
           -527.00819              18.82112            -508.18706            1516.72732 
           -529.85369              21.07811            -508.77558            1698.60962 
           -528.46077              19.95428            -508.50649            1608.04462 
           -531.73432              23.07203            -508.66229            1859.29251 
           -528.42641              19.40583            -509.02058            1563.84651 
           -527.26875              17.99904            -509.26971            1450.47892 
           -527.12738              17.92994            -509.19745            1444.90972 
           -531.49038              22.03947            -509.45091            1776.08257 
           -529.02573              19.11471            -509.91102            1540.38635 
           -533.61327              23.42279            -510.19048            1887.55948 
           -534.79173              24.28301            -510.50871            1956.88171 
           -535.50344              25.43084            -510.07260            2049.38127 
           -532.93092              23.00133            -509.92960            1853.59508 
           -532.94991              22.96790            -509.98200            1850.90171 
           -533.24237              23.16857            -510.07380            1867.07298 
           -532.84064              23.44131            -509.39933            1889.05146 
           -529.08552              19.42848            -509.65703            1565.67241 
           -534.65874              24.46628            -510.19246            1971.65047 
           -532.99415              23.27110            -509.72305            1875.33528 
           -533.76663              23.88344            -509.88319            1924.68177 
           -529.26351              19.54421            -509.71930            1574.99841 
           -531.18667              22.02801            -509.15866            1775.15881 
           -530.19903              21.49798            -508.70105            1732.44580 
           -531.20060              22.31240            -508.88821            1798.07672 
           -529.61333              21.08063            -508.53270            1698.81306 
           -527.72043              19.53503            -508.18540            1574.25848 
           -529.17407              21.23441            -507.93966            1711.20517 
           -527.37129              19.36800            -508.00329            1560.79804 
           -525.92424              17.85201            -508.07223            1438.63016 
           -528.64133              20.95072            -507.69061            1688.34432 
           -527.72216              20.48497            -507.23718            1650.81112 
           -528.88464              21.72866            -507.15599            1751.03528 
           -530.10507              23.06845            -507.03662            1859.00425 
           -523.92953              17.85148            -506.07805            1438.58731 
           -527.16060              21.42170            -505.73890            1726.29839 
           -522.46319              17.85093            -504.61226            1438.54303 
           -525.18626              20.50381            -504.68245            1652.32926 
           -524.40211              20.20003            -504.20208            1627.84824 
           -522.20182              18.33668            -503.86514            1477.68771 
           -526.15239              22.23253            -503.91986            1791.64054 
           -522.96265              19.62644            -503.33620            1581.62521 
           -522.03709              19.16324            -502.87385            1544.29736 
           -524.64558              22.40372            -502.24187            1805.43597 
           -523.81036              22.15474            -501.65563            1785.37151 
           -520.68849              19.44312            -501.24537            1566.85218 
           -518.55261              17.85048            -500.70213            1438.50684 
           -520.61443              20.48741            -500.12701            1651.00779 
           -517.04095              17.72449            -499.31646            1428.35362 
           -515.90679              16.85970            -499.04708            1358.66355 
           -519.55023              20.60540            -498.94482            1660.51600 
           -513.75799              15.50346            -498.25454            1249.36850 
           -514.74916              17.19780            -497.55136            1385.90957 
           -517.90757              21.03805            -496.86952            1695.38165 
           -517.75107              21.18946            -496.56161            1707.58293 
           -517.49568              21.71497            -495.78071            1749.93201 
           -516.07836              20.43166            -495.64670            1646.51450 
           -513.13353              18.33297            -494.80056            1477.38904 
           -511.95616              17.79440            -494.16176            1433.98735 
           -513.04485              19.64332            -493.40153            1582.98532 
           -509.64694              17.17423            -492.47270            1384.01041 
           -512.77657              20.79402            -491.98256            1675.71573 
           -511.49673              20.19464            -491.30208            1627.41447 
           -510.99898              20.19349            -490.80549            1627.32149 
           -509.39234              18.92732            -490.46502            1525.28526 
           -510.23568              19.80999            -490.42569            1596.41623 
           -509.84773              20.04653            -489.80120            1615.47835 
           -507.41026              18.05007            -489.36020            1454.59051 
           -509.46893              20.37158            -489.09735            1641.67315 
           -504.92346              16.04526            -488.87820            1293.03049 
           -511.51201              22.38831            -489.12370            1804.19442 
           -507.20500              18.11371            -489.09130            1459.71917 
           -506.54672              18.05892            -488.48780            1455.30374 
           -504.28241              16.32957            -487.95284            1315.94225 
           -508.01017              20.35663            -487.65354            1640.46806 
           -507.66447              20.51950            -487.14497            1653.59370 
           -504.99467              17.77007            -487.22460            1432.02665 
           -504.65991              17.42691            -487.23300            1404.37302 
           -506.29800              19.17554            -487.12246            1545.28877 
           -508.81919              21.82956            -486.98963            1759.16651 
           -509.97903              23.05165            -486.92738            1857.65068 
           -513.90304              26.75861            -487.14443            2156.38112 
           -511.16662              23.69764            -487.46898            1909.70839 
           -514.23747              26.55437            -487.68311            2139.92178 
           -515.51327              27.07643            -488.43684            2181.99349 
           -516.27334              27.52411            -488.74922            2218.07039 
           -517.30584              28.38668            -488.91916            2287.58186 
           -515.12801              26.30698            -488.82103            2119.98609 
           -517.79549              28.39154            -489.40395            2287.97304 
           -513.82954              24.81395            -489.01559            1999.66779 
           -519.06474              28.93680            -490.12794            2331.91369 
           -519.02056              28.92490            -490.09566            2330.95460 
           -520.72442              29.15365            -491.57077            2349.38860 
           -522.47656              30.39655            -492.08001            2449.54951 
           -520.37028              28.13402            -492.23626            2267.22080 
           -524.16007              31.16555            -492.99452            2511.52059 
           -519.98938              27.18978            -492.79960            2191.12732 
           -522.45910              29.25591            -493.20319            2357.62987 
           -521.64643              28.31106            -493.33536            2281.48795 
           -519.20824              26.54473            -492.66351            2139.14550 
           -520.84670              27.57739            -493.26931            2222.36367 
           -523.64247              29.61574            -494.02673            2386.62712 
           -521.64452              27.79428            -493.85024            2239.84172 
           -519.36330              25.37688            -493.98641            2045.03279 
           -525.37950              31.03263            -494.34687            2500.80920 
           -521.52157              26.76166            -494.75991            2156.62729 
           -516.75090              22.70773            -494.04316            1829.93546 
           -523.95580              29.49500            -494.46081            2376.89698 
           -519.33556              24.61465            -494.72091            1983.60679 
           -523.97950              29.40208            -494.57743            2369.40859 
           -520.25709              25.93395            -494.32315            2089.92455 
           -526.26354              31.66118            -494.60236            2551.46166 
           -518.72734              24.52638            -494.20096            1976.49336 
           -525.68512              31.01936            -494.66576            2499.73997 
           -526.83889              31.72516            -495.11373            2556.61757 
           -525.17598              30.20369            -494.97229            2434.00789 
           -524.15951              29.09308            -495.06643            2344.50762 
           -522.23516              27.50291            -494.73225            2216.36148 
           -521.35602              27.29290            -494.06313            2199.43734 
           -520.85221              26.24032            -494.61189            2114.61402 
           -521.18517              26.70214            -494.48303            2151.83021 
           -524.76520              29.98825            -494.77695            2416.64668 
           -523.79903              29.51964            -494.27939            2378.88262 
           -522.75268              28.90063            -493.85205            2328.99931 
           -518.37962              24.61633            -493.76329            1983.74242 
           -523.18089              29.24425            -493.93664            2356.69008 
           -520.41083              26.95858            -493.45226            2172.49579 
           -519.07385              25.95632            -493.11753            2091.72762 
           -518.65914              25.80626            -492.85288            2079.63468 
           -519.02532              25.99311            -493.03221            2094.69234 
           -520.01805              26.78984            -493.22821            2158.89783 
           -522.08508              29.27328            -492.81180            2359.02960 
           -522.18986              29.32324            -492.86662            2363.05562 
           -519.39790              26.97802            -492.41989            2174.06245 
           -519.48580              27.65266            -491.83314            2228.42931 
           -518.67011              27.62194            -491.04817            2225.95374 
           -516.15372              26.01733            -490.13639            2096.64409 
           -517.14111              27.33645            -489.80466            2202.94759 
           -522.89767              32.38347            -490.51419            2609.66896 
           -517.30228              27.83619            -489.46609            2243.21988 
           -514.56708              25.09333            -489.47375            2022.18209 
           -517.70396              28.44068            -489.26328            2291.93283 
           -520.13521              31.07921            -489.05600            2504.56277 
           -515.65832              27.06577            -488.59256            2181.13401 
           -509.82360              22.46708            -487.35652            1810.54219 
           -512.00679              25.00142            -487.00538            2014.77534 
           -513.81744              27.12542            -486.69202            2185.94122 
           -509.34006              23.17412            -486.16595            1867.51963 
           -508.53301              22.91232            -485.62069            1846.42243 
           -509.95418              24.05505            -485.89912            1938.51116 
           -516.50598              30.98675            -485.51923            2497.11176 
           -509.20633              24.54941            -484.65692            1978.34953 
           -505.65456              22.12817            -483.52640            1783.23012 
           -510.76001              27.23680            -483.52321            2194.91669 
           -505.65472              22.66299            -482.99172            1826.32978 
           -508.66413              25.56712            -483.09700            2060.36350 
           -508.62985              26.12081            -482.50905            2104.98289 
           -505.91553              24.14175            -481.77379            1945.49738 
           -506.97369              25.88294            -481.09075            2085.81435 
           -509.24487              28.85841            -480.38645            2325.59686 
           -505.67888              26.03889            -479.63999            2098.38135 
           -505.59938              26.39313            -479.20624            2126.92877 
           -503.10328              24.81347            -478.28981            1999.62908 
           -501.58150              23.70459            -477.87691            1910.26833 
           -507.76036              30.05253            -477.70784            2421.82616 
           -498.88620              21.77259            -477.11361            1754.57588 
           -502.84243              26.14558            -476.69684            2106.97958 
           -501.76780              25.20575            -476.56205            2031.24176 
           -498.90774              22.25223            -476.65551            1793.22819 
           -499.46650              22.77535            -476.69115            1835.38409 
           -497.04452              20.69700            -476.34752            1667.89746 
           -502.08844              25.73014            -476.35830            2073.50079 
           -500.13261              23.46717            -476.66544            1891.13586 
           -501.61967              24.71793            -476.90174            1991.92978 
           -499.52498              22.85541            -476.66956            1841.83627 
           -500.39317              23.93172            -476.46146            1928.57183 
           -502.05580              25.45688            -476.59892            2051.47933 
           -505.50325              28.98662            -476.51662            2335.92865 
           -505.69468              29.12846            -476.56622            2347.35867 
           -506.99808              30.37912            -476.61896            2448.14498 
           -505.70296              28.52658            -477.17638            2298.85533 
           -511.53843              34.19078            -477.34764            2755.31358 
           -509.13046              31.43711            -477.69335            2533.40486 
           -510.35163              32.14163            -478.20999            2590.17985 
           -512.12831              33.17295            -478.95537            2673.28966 
           -510.63711              31.54454            -479.09257            2542.06211 
           -507.45111              27.94729            -479.50382            2252.17283 
           -509.62392              29.82785            -479.79607            2403.72047 
           -516.95988              36.19358            -480.76630            2916.71186 
           -513.50335              32.58964            -480.91371            2626.28302 
           -507.17434              26.31000            -480.86434            2120.22947 
           -514.21594              32.83995            -481.37599            2646.45449 
           -509.77066              28.38388            -481.38677            2287.35612 
           -515.47812              33.98375            -481.49438            2738.62918 
           -509.94034              28.09664            -481.84370            2264.20859 
           -517.98560              35.87378            -482.11182            2890.94020 
           -508.28688              25.76323            -482.52365            2076.16692 
           -512.19382              29.77926            -482.41456            2399.80441 
           -512.08266              29.07223            -483.01043            2342.82731 
           -509.84981              26.43740            -483.41240            2130.49632 
           -514.68061              31.14167            -483.53894            2509.59619 
           -517.75595              33.96351            -483.79244            2736.99838 
           -514.89140              31.34826            -483.54314            2526.24461 
           -513.99493              30.89412            -483.10081            2489.64724 
           -517.24157              33.60159            -483.63998            2707.83224 
           -520.84688              36.57226            -484.27463            2947.22799 
           -520.55802              36.74367            -483.81435            2961.04122 
           -518.37083              34.42998            -483.94085            2774.58978 
           -522.04179              37.32448            -484.71731            3007.84690 
           -518.32701              33.65279            -484.67421            2711.95895 
           -517.66863              32.60689            -485.06174            2627.67325 
           -518.17379              33.23140            -484.94240            2677.99992 
           -525.31562              39.72662            -485.58899            3201.42724 
           -520.10574              34.89296            -485.21278            2811.89982 
           -521.30378              36.18078            -485.12300            2915.68020 
           -521.29131              36.64341            -484.64790            2952.96164 
           -511.72933              27.87442            -483.85490            2246.30061 
           -517.56757              33.33784            -484.22974            2686.57753 
           -515.34493              30.91440            -484.43053            2491.28147 
           -512.36600              27.97593            -484.39007            2254.48069 
           -515.05539              30.22553            -484.82986            2435.76758 
           -515.73034              31.25104            -484.47930            2518.41046 
           -518.51398              33.77230            -484.74168            2721.58919 
           -511.53649              27.59773            -483.93877            2224.00245 
           -518.51019              34.71887            -483.79132            2797.86998 
           -515.33409              31.64578            -483.68831            2550.22077 
           -515.45349              32.05115            -483.40234            2582.88793 
           -515.44633              31.45531            -483.99102            2534.87116 
           -518.42645              35.09198            -483.33446            2827.93804 
           -516.32855              33.28879            -483.03975            2682.62532 
           -519.77939              36.46472            -483.31467            2938.56215 
           -511.67217              29.12317            -482.54900            2346.93252 
           -516.60230              34.10719            -482.49511            2748.57743 
           -518.72467              36.18378            -482.54089            2915.92225 
           -518.69789              36.44555            -482.25235            2937.01696 
           -514.55141              33.09522            -481.45619            2667.02594 
           -515.10849              33.55981            -481.54868            2704.46584 
           -511.72277              30.95303            -480.76973            2494.39484 
           -510.83595              30.61218            -480.22376            2466.92698 
           -508.64471              28.99396            -479.65075            2336.51986 
           -507.91139              28.34950            -479.56189            2284.58525 
           -510.33521              31.43481            -478.90040            2533.21940 
           -507.39055              28.65596            -478.73459            2309.28196 
           -508.99913              30.04927            -478.94987            2421.56336 
           -507.44594              28.81857            -478.62738            2322.38562 
           -510.66756              31.98221            -478.68535            2577.33272 
           -509.13299              31.16269            -477.97030            2511.29068 
           -508.97489              31.55308            -477.42181            2542.75074 
           -504.28333              27.49887            -476.78445            2216.03639 
           -509.23780              32.42217            -476.81564            2612.78694 
           -511.43811              34.80604            -476.63208            2804.89453 
           -504.88580              29.59964            -475.28616            2385.32984 
           -501.43230              27.47672            -473.95558            2214.25090 
           -503.65836              29.80624            -473.85212            2401.97853 
           -503.89917              30.66961            -473.22956            2471.55463 
           -506.52268              33.98009            -472.54259            2738.33431 
           -505.01458              33.19219            -471.82239            2674.84029 
           -500.98249              29.82428            -471.15821            2403.43266 
           -503.38711              32.04218            -471.34493            2582.16517 
           -503.48184              33.03188            -470.44996            2661.92169 
           -500.73679              31.12415            -469.61264            2508.18451 
           -501.06563              31.48578            -469.57985            2537.32669 
           -498.47423              29.54386            -468.93037            2380.83444 
           -497.74835              29.26362            -468.48474            2358.25070 
           -497.15719              28.73597            -468.42122            2315.72954 
           -495.05627              26.42027            -468.63599            2129.11569 
           -498.23950              29.63268            -468.60682            2387.99230 
           -493.65328              25.39326            -468.26002            2046.35249 
           -496.33869              28.08597            -468.25271            2263.34872 
           -491.56449              23.46458            -468.09992            1890.92686 
           -495.20117              26.93799            -468.26318            2170.83645 
           -493.17392              25.40301            -467.77091            2047.13812 
           -495.20572              27.14479            -468.06093            2187.50175 
           -493.20303              25.05346            -468.14957            2018.96911 
           -496.48864              28.36402            -468.12461            2285.75572 
           -498.80321              30.40777            -468.39544            2450.45390 
           -501.82466              33.31334            -468.51132            2684.60355 
           -503.26931              34.40641            -468.86290            2772.69003 
           -500.40507              31.59607            -468.80900            2546.21509 
           -502.18923              32.83191            -469.35732            2645.80689 
           -509.23882              39.39733            -469.84149            3174.89060 
           -508.20241              37.54595            -470.65646            3025.69424 
           -509.07345              38.42763            -470.64582            3096.74578 
           -509.35716              38.96566            -470.39150            3140.10364 
           -503.87755              32.36537            -471.51218            2608.21014 
           -512.64202              40.80717            -471.83485            3288.50471 
           -509.04804              37.48563            -471.56240            3020.83371 
           -507.47652              36.04904            -471.42748            2905.06423 
           -506.43872              34.37760            -472.06112            2770.36824 
           -502.23498              30.04072            -472.19426            2420.87502 
           -505.93486              33.49044            -472.44442            2698.87568 
           -505.43187              33.01021            -472.42166            2660.17569 
           -504.29417              31.63163            -472.66254            2549.08067 
           -507.16797              34.57766            -472.59031            2786.49059 
           -504.32589              31.39877            -472.92712            2530.31537 
           -507.90982              34.13803            -473.77179            2751.06243 
           -512.93868              39.17840            -473.76027            3157.24816 
           -510.30692              36.44733            -473.85959            2937.16072 
           -509.47268              36.09331            -473.37937            2908.63162 
           -514.95358              40.38303            -474.57055            3254.32473 
           -511.67762              37.48134            -474.19628            3020.48796 
           -509.36466              35.18095            -474.18371            2835.10738 
           -513.38984              39.08310            -474.30674            3149.56803 
           -506.52183              31.53184            -474.98999            2541.03865 
           -516.29962              41.00734            -475.29228            3304.63538 
           -509.37750              33.97109            -475.40641            2737.60963 
           -516.38267              40.03109            -476.35158            3225.96321 
           -517.10979              40.34682            -476.76297            3251.40667 
           -513.75281              40.12770            -473.62512            3233.74830 
           -513.78852              40.47100            -473.31752            3261.41405 
           -520.27040              46.74318            -473.52722            3766.86622 
           -505.22054              33.28309            -471.93745            2682.16589 
           -511.96934              39.43112            -472.53823            3177.61339 
           -510.30470              37.67724            -472.62745            3036.27496 
           -511.89912              39.26089            -472.63823            3163.89520 
           -501.45179              29.42906            -472.02273            2371.58295 
           -516.03593              43.39762            -472.63832            3497.25936 
           -507.39025              34.71103            -472.67923            2797.23817 
           -507.51033              35.08361            -472.42672            2827.26290 
           -509.71347              36.80730            -472.90617            2966.16943 
           -510.81721              37.98255            -472.83467            3060.87814 
           -510.64406              38.41101            -472.23304            3095.40686 
           -503.50456              31.44057            -472.06399            2533.68392 
           -513.14121              40.45661            -472.68460            3260.25419 
           -505.98259              34.44941            -471.53318            2776.15515 
           -515.83192              44.57235            -471.25958            3591.92688 
           -507.84915              36.42813            -471.42103            2935.61301 
           -511.20373              40.52463            -470.67911            3265.73542 
           -511.55027              41.05109            -470.49917            3308.16151 
           -512.56203              42.66881            -469.89323            3438.52719 
           -509.72389              39.65368            -470.07021            3195.54894 
           -514.30534              43.95178            -470.35356            3541.91757 
           -508.04381              38.28664            -469.75717            3085.38443 
           -512.29757              42.94744            -469.35013            3460.98131 
           -507.74110              39.18459            -468.55650            3157.74701 
           -507.51004              39.66154            -467.84850            3196.18243 
           -506.93832              39.31541            -467.62291            3168.28878 
           -507.83748              39.89768            -467.93979            3215.21236 
           -499.38710              32.59094            -466.79616            2626.38752 
           -503.53401              37.28192            -466.25209            3004.41702 
           -496.25771              29.82723            -466.43048            2403.67011 
           -502.50767              37.03531            -465.47235            2984.54413 
           -495.25868              29.81599            -465.44269            2402.76460 
           -501.15279              35.93856            -465.21422            2896.16092 
           -497.24535              32.32371            -464.92164            2604.85276 
           -501.19808              36.08743            -465.11065            2908.15723 
           -494.68276              30.48100            -464.20177            2456.35515 
           -503.18393              38.71871            -464.46522            3120.20335 
           -500.69147              37.19214            -463.49932            2997.18232 
           -499.52906              36.63477            -462.89429            2952.26549 
           -498.31504              36.14567            -462.16937            2912.85066 
           -494.15971              32.26923            -461.89048            2600.46254 
           -499.96341              38.49348            -461.46994            3102.05237 
           -496.89088              35.90380            -460.98708            2893.35924 
           -493.90618              33.53024            -460.37595            2702.08247 
           -495.37733              35.40267            -459.97467            2852.97482 
           -494.51402              35.14596            -459.36806            2832.28753 
           -496.96278              37.85569            -459.10709            3050.65515 
           -489.50763              31.48973            -458.01790            2537.64529 
           -487.95668              30.52622            -457.43046            2459.99950 
           -489.69104              32.85454            -456.83650            2647.63051 
           -492.52874              36.06003            -456.46871            2905.94949 
           -485.09026              29.87544            -455.21482            2407.55572 
           -488.99220              33.08432            -455.90788            2666.14782 
           -491.13913              35.86799            -455.27114            2890.47375 
           -488.80413              34.04596            -454.75817            2743.64281 
           -489.24117              34.27228            -454.96889            2761.88082 
           -484.62179              29.58428            -455.03750            2384.09211 
           -492.59200              37.04150            -455.55050            2985.04273 
           -488.71022              34.25583            -454.45439            2760.55523 
           -489.52592              34.54182            -454.98411            2783.60196 
           -490.27544              35.20078            -455.07466            2836.70548 
           -492.59227              37.73535            -454.85692            3040.95734 
           -488.72018              33.66023            -455.05995            2712.55819 
           -489.38047              34.13582            -455.24465            2750.88419 
           -486.84524              31.98868            -454.85656            2577.85406 
           -496.40072              41.40778            -454.99295            3336.90532 
           -496.39311              40.59539            -455.79773            3271.43765 
           -494.06861              38.63781            -455.43080            3113.68396 
           -495.98162              39.67505            -456.30657            3197.27145 
           -500.32474              43.80829            -456.51645            3530.35436 
           -496.81851              39.67505            -457.14346            3197.27096 
           -497.48238              40.11472            -457.36766            3232.70283 
           -500.30905              42.26204            -458.04701            3405.74704 
           -500.11995              42.04191            -458.07804            3388.00751 
           -496.57150              38.50895            -458.06255            3103.29911 
           -501.04794              42.76182            -458.28612            3446.02280 
           -502.54716              43.97027            -458.57689            3543.40772 
           -504.58077              45.86272            -458.71805            3695.91317 
           -501.80609              42.91415            -458.89194            3458.29847 
           -503.75793              44.43736            -459.32057            3581.04846 
           -500.51562              41.63809            -458.87753            3355.46564 
           -498.30806              39.56627            -458.74179            3188.50504 
           -501.54383              41.10466            -460.43916            3312.47834 
           -501.52882              41.04910            -460.47972            3308.00082 
           -505.10622              44.19977            -460.90646            3561.90207 
           -500.33010              38.65581            -461.67428            3115.13439 
           -503.12757              41.69611            -461.43146            3360.14109 
           -504.51040              43.20048            -461.30992            3481.37327 
           -498.88957              38.01361            -460.87596            3063.38131 
           -495.18573              34.49209            -460.69364            2779.59459 
           -501.00819              39.95223            -461.05597            3219.60778 
           -502.45818              41.82401            -460.63417            3370.44803 
           -498.22893              37.61310            -460.61582            3031.10613 
           -497.72617              37.38906            -460.33711            3013.05128 
           -500.67646              38.99702            -461.67944            3142.63069 
           -502.00490              40.44917            -461.55573            3259.65469 
           -505.10779              42.74319            -462.36460            3444.52143 
           -507.44014              44.73998            -462.70016            3605.43599 
           -513.21672              48.68146            -464.53526            3923.06566 
           -506.10367              43.00047            -463.10320            3465.25504 
           -507.20465              44.43874            -462.76590            3581.16018 
           -508.68115              45.71608            -462.96507            3684.09617 
           -510.35111              46.98671            -463.36440            3786.49161 
           -514.03454              50.62350            -463.41104            4079.56790 
