           -497.75259               1.29493            -496.45767             100.17950 
           -498.32039               1.97590            -496.34449             152.86126 
           -498.00634               1.87707            -496.12926             145.21604 
           -498.33820               2.42744            -495.91076             187.79405 
           -499.01115               3.11615            -495.89500             241.07479 
           -498.43808               2.53462            -495.90346             196.08614 
           -498.08467               2.07711            -496.00755             160.69158 
           -497.93479               1.74134            -496.19345             134.71544 
           -498.67738               2.27700            -496.40038             176.15590 
           -498.59014               2.03742            -496.55273             157.62051 
           -498.85902               2.31946            -496.53956             179.44060 
           -499.75981               3.34599            -496.41382             258.85607 
           -499.68362               3.39919            -496.28443             262.97179 
           -499.52125               3.43748            -496.08377             265.93338 
           -499.75480               3.84680            -495.90800             297.59980 
           -500.47509               4.60586            -495.86923             356.32335 
           -500.44926               4.51783            -495.93143             349.51317 
           -500.39638               4.33196            -496.06442             335.13329 
           -501.13762               4.90525            -496.23237             379.48473 
           -501.25502               4.87532            -496.37970             377.16923 
           -501.00945               4.48869            -496.52076             347.25831 
           -501.39913               4.87196            -496.52717             376.90916 
           -502.18899               5.73964            -496.44935             444.03606 
           -502.67287               6.23290            -496.43997             482.19597 
           -503.07259               6.64972            -496.42287             514.44206 
           -503.80514               7.35526            -496.44988             569.02464 
           -503.41712               6.91509            -496.50203             534.97205 
           -503.63139               7.04564            -496.58575             545.07155 
           -504.62541               7.94037            -496.68504             614.29078 
           -506.06175               9.32645            -496.73529             721.52236 
           -506.89057              10.17844            -496.71214             787.43417 
           -507.18884              10.49198            -496.69686             811.69126 
           -507.64485              11.02096            -496.62388             852.61468 
           -507.19683              10.67730            -496.51953             826.02808 
           -507.26050              10.83921            -496.42129             838.55337 
           -507.44682              11.26129            -496.18553             871.20702 
           -506.77369              10.96585            -495.80784             848.35064 
           -508.13974              12.72801            -495.41172             984.67698 
           -509.28347              14.03808            -495.24538            1086.02810 
           -510.14606              14.79092            -495.35513            1144.26996 
           -510.13519              14.54217            -495.59302            1125.02555 
           -510.38815              14.50195            -495.88620            1121.91416 
           -511.31211              15.16782            -496.14429            1173.42794 
           -512.71558              16.38168            -496.33390            1267.33561 
           -513.64234              17.28986            -496.35249            1337.59482 
           -514.51631              18.38706            -496.12925            1422.47772 
           -516.53607              20.66398            -495.87209            1598.62689 
           -523.25119              27.59448            -495.65671            2134.79103 
           -526.22324              30.71004            -495.51320            2375.82029 
           -525.31530              29.72804            -495.58726            2299.84971 
           -523.29049              27.61683            -495.67366            2136.52049 
           -517.48716              21.69483            -495.79233            1678.37678 
           -512.35933              16.27664            -496.08269            1259.20957 
           -513.89389              17.97820            -495.91569            1390.84749 
           -517.15493              21.48967            -495.66526            1662.50511 
           -520.89572              25.27990            -495.61582            1955.72830 
           -521.02727              25.66474            -495.36253            1985.50088 
           -519.36862              23.99835            -495.37027            1856.58393 
           -518.01001              22.82287            -495.18715            1765.64498 
           -518.89260              23.83659            -495.05601            1844.06950 
           -517.44155              22.46446            -494.97709            1737.91795 
           -515.60935              20.58261            -495.02674            1592.33206 
           -515.52357              20.39242            -495.13115            1577.61829 
           -515.71236              20.34178            -495.37058            1573.70057 
           -511.13945              15.89606            -495.24340            1229.76628 
           -507.21065              12.72213            -494.48852             984.22161 
           -506.24008              12.21307            -494.02701             944.83960 
           -507.12646              13.36127            -493.76519            1033.66781 
           -511.06020              17.28545            -493.77475            1337.25419 
           -512.78659              18.85245            -493.93414            1458.48192 
           -510.93027              16.75271            -494.17756            1296.03970 
           -513.37927              19.09412            -494.28515            1477.17836 
           -512.90295              18.62923            -494.27372            1441.21300 
           -513.24051              18.76185            -494.47866            1451.47238 
           -515.59580              21.24206            -494.35374            1643.34903 
           -514.18076              19.93585            -494.24491            1542.29698 
           -517.68101              23.08087            -494.60013            1785.60534 
           -516.20177              21.48612            -494.71565            1662.23045 
           -514.22082              19.88138            -494.33944            1538.08273 
           -511.86510              18.29835            -493.56674            1415.61509 
           -511.83597              19.11238            -492.72360            1478.59057 
           -513.73373              21.38610            -492.34763            1654.49247 
           -511.74511              20.23657            -491.50855            1565.56119 
           -512.73920              21.58946            -491.14974            1670.22533 
           -513.38619              21.88621            -491.49998            1693.18243 
           -508.99461              17.46633            -491.52827            1351.24769 
           -511.77152              19.84914            -491.92237            1535.58893 
           -514.69143              22.92929            -491.76213            1773.87841 
           -509.75173              18.33083            -491.42090            1418.12781 
           -509.80639              18.91643            -490.88996            1463.43156 
           -508.08147              17.46360            -490.61788            1351.03585 
           -503.66367              13.77596            -489.88770            1065.74975 
           -504.31875              14.78115            -489.53760            1143.51389 
           -504.62013              15.29815            -489.32198            1183.51074 
           -503.16736              14.18544            -488.98192            1097.42786 
           -504.52538              15.77385            -488.75154            1220.31200 
           -503.61428              14.81435            -488.79992            1146.08265 
           -503.41264              14.71877            -488.69388            1138.68765 
           -504.51210              16.21102            -488.30109            1254.13258 
           -507.45924              19.41793            -488.04131            1502.22910 
           -509.21412              21.46987            -487.74425            1660.97287 
           -510.99141              23.15817            -487.83324            1791.58529 
           -506.37833              18.97956            -487.39877            1468.31572 
           -507.08013              20.30948            -486.77066            1571.20159 
           -505.93204              19.06031            -486.87172            1474.56283 
           -506.81959              19.71503            -487.10456            1525.21372 
           -506.60438              19.55246            -487.05193            1512.63638 
           -506.65877              19.26353            -487.39524            1490.28434 
           -506.44509              19.32406            -487.12102            1494.96728 
           -508.74369              22.01388            -486.72981            1703.05922 
           -509.67982              23.84956            -485.83026            1845.07305 
           -513.93999              28.09297            -485.84702            2173.35621 
           -511.17632              24.91894            -486.25738            1927.80387 
           -506.49186              20.46329            -486.02857            1583.10154 
           -509.36179              23.08125            -486.28054            1785.63398 
           -508.55641              22.30515            -486.25126            1725.59314 
           -509.82428              23.32223            -486.50206            1804.27714 
           -511.76455              24.83268            -486.93187            1921.13056 
           -509.42949              22.32087            -487.10862            1726.80910 
           -511.23456              23.89351            -487.34105            1848.47303 
           -505.58027              18.09950            -487.48077            1400.23101 
           -509.94703              22.20291            -487.74412            1717.68326 
           -509.42604              21.83539            -487.59065            1689.25094 
           -513.22923              25.13912            -488.09011            1944.83723 
           -509.84768              21.80104            -488.04664            1686.59343 
           -511.46224              23.14844            -488.31380            1790.83266 
           -508.22981              20.12972            -488.10009            1557.29499 
           -507.86036              19.81186            -488.04849            1532.70468 
           -510.01996              21.74132            -488.27865            1681.97306 
           -511.66973              23.24951            -488.42022            1798.65118 
           -513.16153              25.15125            -488.01028            1945.77583 
           -513.12778              25.02393            -488.10385            1935.92551 
           -515.32534              26.75508            -488.57026            2069.85244 
           -507.83709              19.43361            -488.40348            1503.44167 
           -508.60441              20.20054            -488.40387            1562.77400 
           -512.03876              23.61399            -488.42477            1826.84870 
           -514.33631              25.91406            -488.42225            2004.78861 
           -510.56998              22.80178            -487.76821            1764.01351 
           -514.80377              26.53156            -488.27221            2052.56098 
           -511.85512              23.31241            -488.54272            1803.51747 
           -511.34294              22.84501            -488.49793            1767.35783 
           -510.93473              22.72940            -488.20533            1758.41445 
           -508.78197              21.04055            -487.74142            1627.75982 
           -512.25086              24.81190            -487.43896            1919.52252 
           -511.30254              24.27520            -487.02734            1878.00208 
           -505.87867              18.64620            -487.23248            1442.52532 
           -508.47543              20.87700            -487.59843            1615.10688 
           -507.31460              19.79454            -487.52006            1531.36502 
           -512.77251              25.18956            -487.58295            1948.73954 
           -508.79116              21.75065            -487.04051            1682.69500 
           -505.33539              19.04121            -486.29418            1473.08504 
           -509.07206              23.08251            -485.98955            1785.73179 
           -511.29433              25.22835            -486.06598            1951.74062 
           -509.52817              23.60142            -485.92675            1825.87591 
           -509.13316              23.18840            -485.94477            1793.92346 
           -507.09839              21.21465            -485.88375            1641.22835 
           -508.14201              22.45158            -485.69043            1736.92141 
           -508.34465              23.34907            -484.99558            1806.35410 
           -504.44744              19.87289            -484.57454            1537.42635 
           -507.88579              23.46109            -484.42470            1815.01981 
           -511.54293              27.20688            -484.33604            2104.80574 
           -507.92981              24.37416            -483.55564            1885.65800 
           -506.34223              22.72537            -483.61686            1758.10209 
           -511.04993              27.40072            -483.64921            2119.80128 
           -509.29474              25.79825            -483.49649            1995.82925 
           -505.58220              22.39292            -483.18928            1732.38320 
           -503.01341              20.52282            -482.49059            1587.70695 
           -505.23391              22.61624            -482.61767            1749.65960 
           -506.49679              24.00823            -482.48857            1857.34816 
           -507.47203              25.10821            -482.36382            1942.44625 
           -503.74435              22.05251            -481.69184            1706.04814 
           -506.14716              24.89693            -481.25024            1926.10041 
           -503.56946              22.31085            -481.25861            1726.03362 
           -503.57667              22.32206            -481.25461            1726.90098 
           -503.39169              22.32754            -481.06415            1727.32524 
           -504.57606              23.76191            -480.81415            1838.29240 
           -503.98993              23.26368            -480.72625            1799.74776 
           -507.97000              27.46563            -480.50437            2124.82312 
           -508.06684              27.58580            -480.48104            2134.11969 
           -506.94694              26.83532            -480.11162            2076.06077 
           -507.02389              27.55332            -479.47057            2131.60727 
           -507.75128              28.33109            -479.42019            2191.77784 
           -505.21102              26.10464            -479.10638            2019.53288 
           -504.15537              24.78055            -479.37482            1917.09755 
           -508.26221              28.73596            -479.52625            2223.09924 
           -506.05994              26.59514            -479.46480            2057.47904 
           -504.78390              26.13924            -478.64466            2022.20932 
           -505.62055              27.26438            -478.35617            2109.25410 
           -503.88978              25.46815            -478.42162            1970.29237 
           -506.44798              27.45897            -478.98901            2124.30776 
           -505.42374              27.18586            -478.23788            2103.17912 
           -500.88879              22.62577            -478.26302            1750.39724 
           -502.89163              25.16614            -477.72549            1946.92739 
           -507.96917              30.63984            -477.32933            2370.38957 
           -505.10345              27.61446            -477.48900            2136.33665 
           -505.69615              28.11370            -477.58245            2174.95954 
           -506.53273              28.99852            -477.53421            2243.41236 
           -504.68325              27.73727            -476.94599            2145.83762 
           -499.93046              24.01439            -475.91607            1857.82493 
           -504.22137              27.90526            -476.31611            2158.83420 
           -500.19162              24.97110            -475.22052            1931.83847 
           -501.77386              26.40451            -475.36935            2042.73176 
           -499.82274              24.48085            -475.34189            1893.91126 
           -497.08910              22.34224            -474.74685            1728.46242 
           -499.06803              24.56193            -474.50610            1900.18392 
           -497.89861              23.61022            -474.28839            1826.55728 
           -500.65320              26.55198            -474.10122            2054.14038 
           -500.44360              26.58536            -473.85823            2056.72302 
           -499.70693              26.01162            -473.69531            2012.33664 
           -497.22752              23.89709            -473.33042            1848.75052 
           -500.24962              26.62067            -473.62896            2059.45421 
           -502.23916              28.47297            -473.76620            2202.75358 
           -498.42436              25.04818            -473.37618            1937.80203 
           -500.62184              28.06940            -472.55243            2171.53286 
           -503.72927              31.38819            -472.34108            2428.28372 
           -505.18265              33.12468            -472.05797            2562.62413 
           -500.19178              28.31408            -471.87770            2190.46166 
           -500.24956              28.25997            -471.98959            2186.27586 
           -502.32327              30.30490            -472.01837            2344.47760 
           -502.51666              30.66463            -471.85203            2372.30739 
           -502.80638              31.01147            -471.79490            2399.14006 
           -501.32781              29.85616            -471.47165            2309.76166 
           -500.12518              28.85420            -471.27098            2232.24691 
           -503.25014              31.85922            -471.39092            2464.72446 
           -499.92958              28.81274            -471.11685            2229.03939 
           -500.53108              29.64167            -470.88941            2293.16785 
           -502.40545              31.18599            -471.21946            2412.64109 
           -504.06745              32.53086            -471.53659            2516.68425 
           -502.90861              31.40596            -471.50265            2429.65859 
           -503.31836              31.96194            -471.35642            2472.67076 
           -499.03605              28.02526            -471.01079            2168.11773 
           -502.09177              30.30489            -471.78688            2344.47677 
           -501.11979              29.35842            -471.76137            2271.25494 
           -505.82130              33.84082            -471.98048            2618.02666 
           -498.33241              26.89125            -471.44116            2080.38706 
           -500.72889              29.24257            -471.48632            2262.29223 
           -498.62958              27.17417            -471.45541            2102.27464 
           -498.68153              27.38567            -471.29586            2118.63697 
           -503.73649              32.50566            -471.23083            2514.73471 
           -502.81520              31.72426            -471.09094            2454.28358 
           -501.75299              30.83292            -470.92007            2385.32640 
           -500.94920              29.79211            -471.15710            2304.80618 
           -509.82405              39.03668            -470.78737            3019.99409 
           -499.32036              28.84058            -470.47978            2231.19349 
           -498.24286              27.79170            -470.45116            2150.04882 
           -493.62554              24.25298            -469.37256            1876.28295 
           -497.84814              27.88288            -469.96526            2157.10241 
           -507.14630              36.63899            -470.50731            2834.50142 
           -496.18337              26.58590            -469.59747            2056.76449 
           -495.60080              26.73007            -468.87073            2067.91781 
           -497.84633              28.64487            -469.20146            2216.05254 
           -498.18774              29.54866            -468.63908            2285.97223 
           -497.38758              28.77387            -468.61371            2226.03279 
           -498.73741              29.70743            -469.02997            2298.25567 
           -493.53518              24.44466            -469.09052            1891.11196 
           -494.29045              25.56633            -468.72412            1977.88772 
           -496.27842              27.39857            -468.87985            2119.63481 
           -495.23353              26.42825            -468.80529            2044.56824 
           -497.05927              28.49789            -468.56138            2204.68177 
           -497.64932              29.46482            -468.18450            2279.48654 
           -496.15628              28.08248            -468.07380            2172.54460 
           -494.23565              26.09511            -468.14054            2018.79561 
           -498.05833              30.37341            -467.68493            2349.77728 
           -494.90359              26.67907            -468.22452            2063.97246 
           -494.69557              26.88017            -467.81540            2079.53026 
           -496.00951              28.35966            -467.64984            2193.98800 
           -497.97906              30.33396            -467.64510            2346.72528 
           -497.23933              29.55314            -467.68619            2286.31932 
           -501.95698              34.17466            -467.78232            2643.85400 
           -492.59260              24.86655            -467.72605            1923.75055 
           -495.11927              27.17742            -467.94186            2102.52614 
           -497.62769              29.29626            -468.33143            2266.44619 
           -502.02834              33.84847            -468.17986            2618.61900 
           -502.42534              34.36041            -468.06493            2658.22379 
           -502.24139              34.07295            -468.16845            2635.98469 
           -504.71761              36.67095            -468.04665            2836.97444 
           -498.23926              31.31645            -466.92281            2422.73380 
           -501.06240              33.81387            -467.24853            2615.94213 
           -497.02694              29.88890            -467.13804            2312.29444 
           -504.61706              37.31215            -467.30490            2886.57943 
           -501.40576              34.76771            -466.63805            2689.73362 
           -496.06782              30.08969            -465.97813            2327.82844 
           -500.66586              34.13704            -466.52882            2640.94327 
           -504.31694              37.99568            -466.32125            2939.45947 
           -499.82146              33.93382            -465.88764            2625.22123 
           -497.66266              31.48459            -466.17807            2435.74185 
           -495.05033              29.07166            -465.97866            2249.07056 
           -499.95110              33.69110            -466.26000            2606.44399 
           -493.80250              27.65867            -466.14383            2139.75719 
           -496.54606              29.97695            -466.56911            2319.10652 
           -500.89704              34.05978            -466.83726            2634.96631 
           -499.07499              32.80810            -466.26689            2538.13230 
           -502.17457              35.65006            -466.52451            2757.99533 
           -498.91065              33.00398            -465.90666            2553.28674 
           -503.23934              37.25455            -465.98479            2882.12319 
           -496.57018              30.12398            -466.44619            2330.48125 
           -496.82393              30.53634            -466.28760            2362.38226 
           -502.39482              35.51389            -466.88093            2747.46065 
           -497.72725              31.68260            -466.04465            2451.06077 
           -494.96825              29.53138            -465.43687            2284.63566 
           -495.99279              31.34788            -464.64491            2425.16547 
           -504.80418              39.59777            -465.20641            3063.40153 
           -500.40961              35.74384            -464.66577            2765.24984 
           -502.95908              37.85729            -465.10179            2928.75285 
           -501.23322              36.13760            -465.09562            2795.71247 
           -498.27376              34.68207            -463.59169            2683.10811 
           -489.86643              26.96246            -462.90398            2085.89608 
           -493.56557              30.31890            -463.24668            2345.56020 
           -492.81617              30.03036            -462.78581            2323.23792 
           -496.92743              33.52447            -463.40296            2593.55334 
           -497.74746              34.67824            -463.06921            2682.81231 
           -499.08158              36.00027            -463.08131            2785.08810 
           -497.22173              33.97172            -463.25000            2628.15378 
           -503.07230              39.70905            -463.36325            3072.01094 
           -496.47992              33.73895            -462.74097            2610.14611 
           -500.94484              38.21595            -462.72889            2956.49965 
           -499.88735              36.50509            -463.38225            2824.14305 
           -500.49324              36.88877            -463.60447            2853.82533 
           -496.80359              33.20796            -463.59563            2569.06711 
           -501.14745              37.13759            -464.00986            2873.07457 
           -499.12523              35.63307            -463.49216            2756.68073 
           -505.11068              41.22654            -463.88415            3189.40788 
           -495.51437              32.46062            -463.05375            2511.25038 
           -503.26125              39.90229            -463.35896            3086.96011 
           -497.18993              33.36329            -463.82663            2581.08397 
           -497.36452              34.07568            -463.28884            2636.19611 
           -498.70399              35.34249            -463.36150            2734.20073 
           -500.55253              37.11799            -463.43454            2871.55811 
           -498.16292              35.74310            -462.41981            2765.19303 
           -499.14277              36.94212            -462.20065            2857.95291 
           -493.75935              31.77143            -461.98793            2457.93238 
           -493.84385              31.67746            -462.16639            2450.66263 
           -498.33863              36.40114            -461.93749            2816.10083 
           -497.63691              36.05779            -461.57912            2789.53817 
           -492.78570              31.78779            -460.99790            2459.19862 
           -496.04888              34.85821            -461.19067            2696.73517 
           -498.96196              37.77644            -461.18552            2922.49810 
           -498.18774              36.72636            -461.46139            2841.26057 
           -497.31172              36.01085            -461.30087            2785.90647 
           -495.64578              34.40324            -461.24254            2661.53730 
           -496.89812              35.47046            -461.42766            2744.10088 
           -495.23332              33.49672            -461.73660            2591.40616 
           -499.49987              37.23977            -462.26010            2880.97979 
           -495.73451              33.75112            -461.98339            2611.08765 
           -497.50495              35.70617            -461.79879            2762.33560 
           -501.81731              39.93847            -461.87884            3089.75911 
           -495.84028              34.61569            -461.22459            2677.97332 
           -495.04139              33.60085            -461.44054            2599.46191 
           -494.68182              33.94884            -460.73297            2626.38380 
           -498.02450              37.63796            -460.38654            2911.78482 
           -494.45512              33.77553            -460.67959            2612.97572 
           -498.26517              36.38430            -461.88087            2814.79802 
           -491.34589              29.70789            -461.63800            2298.29094 
           -492.10296              30.91672            -461.18625            2391.80938 
           -496.93066              35.50370            -461.42695            2746.67244 
           -497.60215              35.53449            -462.06766            2749.05449 
           -495.97268              33.74012            -462.23256            2610.23624 
           -491.99095              29.83168            -462.15927            2307.86755 
           -498.67301              36.54979            -462.12322            2827.60095 
           -495.70429              33.94465            -461.75964            2626.05933 
           -491.30297              29.63628            -461.66669            2292.75068 
           -494.56644              32.91263            -461.65382            2546.21918 
           -492.60265              31.10331            -461.49934            2406.24477 
           -495.68565              33.94449            -461.74117            2626.04666 
           -493.43928              31.67400            -461.76528            2450.39544 
           -494.10177              31.93342            -462.16834            2470.46487 
           -493.45185              31.18006            -462.27179            2412.18244 
           -493.95713              31.73094            -462.22618            2454.80045 
           -494.76160              33.44400            -461.31760            2587.32741 
           -496.11671              34.57826            -461.53844            2675.07763 
           -501.10256              39.02812            -462.07444            3019.33178 
           -488.69818              27.59130            -461.10688            2134.54522 
           -497.30762              36.03169            -461.27593            2787.51869 
           -496.14909              34.69585            -461.45324            2684.17423 
           -496.29833              35.08114            -461.21718            2713.98177 
           -496.71081              36.74655            -459.96426            2842.82252 
           -502.38485              42.01158            -460.37327            3250.14087 
           -492.37517              32.18218            -460.19299            2489.70940 
           -498.28170              37.95471            -460.32699            2936.28934 
           -501.57263              41.22874            -460.34389            3189.57848 
           -499.51996              39.38767            -460.13229            3047.14777 
           -496.58476              36.65804            -459.92672            2835.97558 
           -495.44612              35.86930            -459.57681            2774.95642 
           -488.98043              29.71195            -459.26848            2298.60520 
           -497.53684              38.17483            -459.36201            2953.31869 
           -494.40961              34.49085            -459.91876            2668.31530 
           -494.49508              34.80873            -459.68636            2692.90694 
           -483.73583              25.09091            -458.64492            1941.10756 
           -487.70881              28.92682            -458.78198            2237.86519 
           -490.41888              31.35962            -459.05926            2426.07343 
           -493.00718              34.27670            -458.73048            2651.74764 
           -487.28551              28.65028            -458.63524            2216.47090 
           -488.09585              29.57643            -458.51941            2288.12108 
           -491.03569              32.29034            -458.74535            2498.07731 
           -489.84502              31.58206            -458.26296            2443.28224 
           -496.18631              38.56611            -457.62020            2983.58936 
           -492.82692              35.60542            -457.22149            2754.54182 
           -488.04732              31.86262            -456.18470            2464.98711 
           -490.87269              34.01571            -456.85698            2631.55695 
           -488.07729              31.48158            -456.59570            2435.50918 
           -494.15888              36.13428            -458.02460            2795.45562 
           -489.80309              31.73985            -458.06325            2455.48929 
           -495.70944              37.88416            -457.82529            2930.83129 
           -492.13450              34.30018            -457.83432            2653.56398 
           -493.76054              35.77733            -457.98321            2767.84084 
           -491.73300              34.53068            -457.20232            2671.39630 
           -490.34858              33.62500            -456.72358            2601.33021 
           -493.63692              36.42613            -457.21079            2818.03425 
           -488.59860              31.72679            -456.87181            2454.47913 
           -490.21876              33.75403            -456.46473            2611.31254 
           -485.39889              29.43789            -455.96101            2277.40272 
           -486.11590              29.98746            -456.12844            2319.91949 
           -489.39263              32.97994            -456.41269            2551.42665 
           -485.16954              29.07275            -456.09679            2249.15465 
           -486.70449              30.23094            -456.47355            2338.75535 
           -485.56739              31.28757            -454.27982            2420.49977 
           -481.74113              27.78727            -453.95386            2149.70579 
           -485.87374              32.55540            -453.31834            2518.58321 
           -487.48995              34.01152            -453.47843            2631.23290 
           -483.17753              29.42742            -453.75011            2276.59299 
           -484.23639              30.25083            -453.98556            2340.29464 
           -486.87897              32.49434            -454.38463            2513.85909 
           -484.89489              31.36452            -453.53037            2426.45310 
           -485.29446              32.10632            -453.18814            2483.84039 
           -482.54169              29.21781            -453.32388            2260.37682 
           -484.33380              30.54873            -453.78507            2363.34079 
           -491.42614              36.96972            -454.45642            2860.08818 
           -484.79277              30.57971            -454.21306            2365.73779 
           -487.74013              33.42311            -454.31702            2585.71140 
           -490.46533              36.30178            -454.16355            2808.41435 
           -488.02685              34.75348            -453.27337            2688.63255 
           -489.13913              35.40659            -453.73254            2739.15918 
           -493.97333              39.81853            -454.15479            3080.48038 
           -493.83905              40.57520            -453.26385            3139.01890 
           -489.59492              36.74973            -452.84519            2843.06887 
           -489.44648              36.15537            -453.29110            2797.08757 
           -486.21990              33.73567            -452.48423            2609.89212 
           -490.52129              37.31883            -453.20246            2887.09606 
           -488.63327              35.04916            -453.58411            2711.50756 
           -485.06219              31.70247            -453.35973            2452.59758 
           -493.14662              39.16078            -453.98583            3029.59503 
           -488.52534              35.16339            -453.36195            2720.34473 
           -495.25872              41.83551            -453.42321            3236.51981 
           -489.07295              36.07639            -452.99656            2790.97691 
           -484.58396              31.58396            -453.00000            2443.42951 
           -487.16207              34.07397            -453.08810            2636.06396 
           -488.84057              35.40367            -453.43690            2738.93368 
           -493.51489              39.86325            -453.65164            3083.93971 
           -486.02312              33.37038            -452.65274            2581.63220 
           -486.10194              33.43016            -452.67179            2586.25657 
           -487.96617              36.00943            -451.95674            2785.79684 
           -490.29262              38.27617            -452.01645            2961.15876 
           -491.85589              39.30961            -452.54628            3041.10884 
           -492.33197              39.66088            -452.67108            3068.28438 
           -486.28502              34.48434            -451.80068            2667.81159 
           -485.92485              34.43960            -451.48525            2664.35031 
           -484.82137              33.07334            -451.74803            2558.65238 
           -487.03555              35.54108            -451.49447            2749.56396 
           -486.02816              34.53920            -451.48895            2672.05575 
           -487.97076              36.76969            -451.20107            2844.61268 
           -484.01089              32.75232            -451.25856            2533.81751 
           -485.49734              33.98385            -451.51349            2629.09211 
           -484.21636              32.18341            -452.03295            2489.80439 
           -491.45745              39.08495            -452.37250            3023.72814 
           -490.07722              37.80615            -452.27107            2924.79671 
           -488.94528              36.99132            -451.95396            2861.75883 
           -490.54822              38.72467            -451.82356            2995.85569 
           -491.08990              39.26388            -451.82602            3037.57077 
           -485.48829              34.84805            -450.64024            2695.94946 
           -487.50946              36.65077            -450.85869            2835.41262 
           -484.14313              34.19762            -449.94551            2645.62989 
           -481.80835              32.48868            -449.31967            2513.42096 
           -490.14846              41.30028            -448.84818            3195.11264 
           -488.95441              39.43151            -449.52290            3050.53931 
           -492.83365              43.33671            -449.49693            3352.65747 
           -490.45427              41.67987            -448.77441            3224.47884 
           -485.52495              36.97631            -448.54864            2860.59732 
           -482.19284              33.00001            -449.19283            2552.97909 
           -486.44911              37.61815            -448.83097            2910.25211 
           -483.58662              35.68037            -447.90625            2760.33960 
           -486.55041              38.28771            -448.26270            2962.05125 
           -485.51143              37.36019            -448.15124            2890.29561 
           -482.18166              33.82624            -448.35542            2616.89858 
           -486.82640              38.03125            -448.79515            2942.21117 
           -482.30109              34.15004            -448.15104            2641.94926 
           -489.55405              41.19441            -448.35963            3186.92277 
           -484.82938              36.63777            -448.19162            2834.40698 
           -484.27588              35.97818            -448.29770            2783.37909 
           -484.41665              36.69405            -447.72260            2838.76103 
           -483.75120              37.37849            -446.37271            2891.71186 
           -486.17219              39.14654            -447.02565            3028.49347 
           -490.00524              43.17483            -446.83041            3340.13362 
           -485.08173              38.39409            -446.68764            2970.28167 
           -481.19195              34.76750            -446.42445            2689.71770 
           -484.27364              37.88732            -446.38632            2931.07613 
           -483.14660              36.32015            -446.82644            2809.83544 
           -490.61742              44.37142            -446.24601            3432.70526 
           -486.21560              39.83694            -446.37866            3081.90468 
           -489.54873              42.88861            -446.66012            3317.99064 
           -488.71607              42.04970            -446.66637            3253.09033 
           -488.47700              41.88875            -446.58825            3240.63831 
           -485.30986              38.25747            -447.05239            2959.71196 
           -485.03236              38.58352            -446.44884            2984.93590 
           -484.50179              38.08551            -446.41629            2946.40831 
           -482.13943              36.55921            -445.58022            2828.32946 
           -487.19784              41.37160            -445.82624            3200.63032 
           -482.43111              36.50050            -445.93061            2823.78783 
           -487.43661              41.41165            -446.02496            3203.72851 
           -486.78074              40.22479            -446.55595            3111.90981 
           -490.62676              43.28935            -447.33741            3348.99318 
           -482.80150              36.34684            -446.45466            2811.90014 
           -481.15621              34.86395            -446.29226            2697.17913 
           -484.56473              38.40102            -446.16371            2970.81783 
           -484.81380              38.51938            -446.29442            2979.97443 
           -481.52533              34.92216            -446.60317            2701.68226 
           -481.34365              34.74211            -446.60154            2687.75300 
           -478.37476              32.23283            -446.14193            2493.62787 
           -482.51799              36.35824            -446.15976            2812.78175 
           -482.45389              35.82895            -446.62494            2771.83465 
           -487.90353              41.08579            -446.81773            3178.51967 
           -485.23058              37.94735            -447.28323            2935.72050 
           -488.02578              40.93195            -447.09384            3166.61743 
           -490.87720              43.89222            -446.98498            3395.63331 
           -491.09052              44.61235            -446.47816            3451.34470 
           -487.90924              41.11323            -446.79601            3180.64223 
           -489.39863              42.85106            -446.54756            3315.08622 
           -487.62329              41.08789            -446.53539            3178.68211 
           -487.94412              41.08481            -446.85931            3178.44312 
           -486.15303              39.43270            -446.72033            3050.63120 
           -485.46018              38.72989            -446.73029            2996.25953 
           -491.44093              44.98757            -446.45336            3480.37246 
           -482.70372              36.78424            -445.91948            2845.73858 
           -488.56960              42.54315            -446.02645            3291.26531 
           -483.68169              38.34079            -445.34091            2966.15770 
           -482.33037              36.69767            -445.63270            2839.04134 
           -482.58248              36.44111            -446.14137            2819.19272 
           -482.51063              36.56930            -445.94133            2829.10994 
           -478.84158              33.48769            -445.35389            2590.70759 
           -478.38488              33.59503            -444.78986            2599.01142 
           -480.42620              35.44557            -444.98063            2742.17484 
           -479.04664              33.66665            -445.37999            2604.55217 
           -481.83675              36.32822            -445.50853            2810.45926 
           -481.72880              37.07720            -444.65160            2868.40260 
           -486.80591              42.25158            -444.55433            3268.70827 
           -475.71255              31.16023            -444.55232            2410.64810 
           -486.81658              41.93417            -444.88241            3244.15246 
           -484.21021              39.11251            -445.09770            3025.86014 
           -485.53666              40.57548            -444.96118            3139.03998 
           -483.42931              38.28934            -445.13996            2962.17781 
           -484.88768              40.11362            -444.77406            3103.30927 
           -483.35009              39.76004            -443.59005            3075.95568 
           -488.07498              43.36722            -444.70776            3355.01763 
           -484.69862              39.65058            -445.04803            3067.48753 
           -486.60207              41.46314            -445.13893            3207.71194 
           -487.60999              42.43753            -445.17247            3283.09371 
           -488.05704              42.89598            -445.16106            3318.56131 
           -488.71844              43.43872            -445.27972            3360.54865 
           -484.78924              40.37399            -444.41525            3123.45203 
           -488.50956              43.36257            -445.14699            3354.65755 
           -489.17482              43.85232            -445.32250            3392.54595 
           -493.69614              48.67647            -445.01967            3765.75704 
           -484.86169              39.95438            -444.90731            3090.99038 
           -487.18756              42.31206            -444.87550            3273.38720 
           -483.55922              39.18514            -444.37408            3031.47910 
           -494.26009              48.82464            -445.43545            3777.22014 
           -485.76850              40.76930            -444.99920            3154.03432 
           -488.91173              43.88809            -445.02364            3395.31363 
           -480.10151              35.23093            -444.87057            2725.56997 
           -491.93857              46.45117            -445.48741            3593.60073 
           -481.97863              37.54618            -444.43245            2904.68455 
           -485.67603              41.56859            -444.10744            3215.87010 
           -484.63962              40.18877            -444.45085            3109.12306 
           -487.10015              42.39187            -444.70828            3279.56135 
           -485.74582              40.68611            -445.05971            3147.59913 
           -488.06032              42.73044            -445.32988            3305.75458 
           -486.42751              41.60960            -444.81791            3219.04258 
           -487.89376              42.84340            -445.05036            3314.49339 
           -485.85999              41.08880            -444.77119            3178.75229 
           -485.69639              40.16293            -445.53346            3107.12383 
           -487.39440              41.57778            -445.81662            3216.58106 
           -487.08020              41.32229            -445.75791            3196.81578 
           -481.08300              35.56163            -445.52138            2751.15342 
           -488.13966              41.92288            -446.21677            3243.27944 
           -482.84854              36.31393            -446.53461            2809.35414 
           -487.12715              40.80548            -446.32167            3156.83378 
           -478.82202              33.11202            -445.71000            2561.64437 
           -491.06055              44.78844            -446.27212            3464.96698 
           -482.97430              37.58365            -445.39065            2907.58313 
           -484.45719              38.57786            -445.87933            2984.49802 
           -488.63299              41.50875            -447.12424            3211.24088 
           -486.45398              39.41523            -447.03875            3049.27951 
           -482.04959              35.07785            -446.97174            2713.72746 
           -489.05877              41.97681            -447.08196            3247.45158 
           -484.60667              37.83339            -446.77327            2926.90411 
           -488.65887              41.98570            -446.67317            3248.13890 
           -484.23205              37.88742            -446.34463            2931.08376 
           -485.75546              38.94805            -446.80740            3013.13773 
           -487.07338              40.71317            -446.36021            3149.69246 
           -481.82018              35.60842            -446.21176            2754.77326 
           -485.82270              40.07624            -445.74646            3100.41739 
