             -0.00076               0.00066              -0.24703 
             -0.00100               0.00102               0.01407 
             -0.00059               0.00048               0.14782 
              0.00048               0.00119               0.19352 
              0.00063               0.00115              -0.01195 
              0.00002               0.00004              -0.25183 
              0.00032              -0.00025              -0.30173 
              0.00084              -0.00140              -0.26413 
              0.00049              -0.00055              -0.00437 
              0.00008               0.00001               0.13074 
              0.00141              -0.00013               0.19785 
              0.00177               0.00075               0.01062 
             -0.00086               0.00105              -0.24166 
             -0.00124              -0.00012              -0.30231 
              0.00005              -0.00010              -0.30674 
             -0.00120               0.00110              -0.05495 
             -0.00124               0.00096               0.06887 
             -0.00024               0.00058               0.18377 
              0.00012               0.00015               0.04433 
             -0.00056              -0.00019              -0.01702 
             -0.00105              -0.00160               0.10002 
              0.00045              -0.00051               0.09490 
              0.00171               0.00046               0.14738 
              0.00036               0.00131              -0.17479 
              0.00021              -0.00029              -0.27384 
              0.00116              -0.00096              -0.28326 
             -0.00001              -0.00025              -0.31087 
             -0.00028              -0.00046               0.21315 
              0.00021               0.00040               0.32898 
              0.00124               0.00074               0.45562 
              0.00080              -0.00004               0.24431 
             -0.00107               0.00050              -0.05940 
              0.00094               0.00077              -0.14895 
              0.00099              -0.00064              -0.35291 
             -0.00172              -0.00088               0.07092 
             -0.00034               0.00094               0.14684 
              0.00039               0.00032               0.17470 
             -0.00047               0.00312               0.22062 
             -0.00048              -0.00169               0.03611 
              0.00155              -0.00017              -0.02936 
             -0.00151               0.00024               0.08949 
              0.00492              -0.00056              -0.06205 
              0.00360              -0.00727               0.25648 
              0.00495              -0.01560               0.20857 
              0.01047              -0.03004               0.62810 
              0.01903              -0.01629               0.34430 
              0.01681               0.00853               0.24483 
              0.01874               0.00735               0.11633 
             -0.00280              -0.00647              -0.18252 
              0.00547               0.00110              -0.01299 
             -0.00477               0.00122              -0.15115 
             -0.00737               0.00790              -0.34289 
              0.00240               0.01273              -0.26091 
              0.01868               0.02823              -0.19541 
             -0.00104              -0.00672              -0.46741 
             -0.02055              -0.00715               0.63020 
             -0.03888               0.01282               0.16396 
             -0.01968               0.00436               0.16021 
              0.00554              -0.02209              -0.15991 
             -0.00768              -0.02323              -0.22307 
             -0.03100               0.00027              -0.24553 
             -0.00095              -0.00761              -0.33134 
              0.02067              -0.00480              -0.08108 
              0.00027              -0.01186              -0.22791 
             -0.01962               0.00120              -0.13831 
              0.00714              -0.00387               0.36656 
              0.01046              -0.00617              -0.09371 
              0.05320              -0.00296               0.63263 
              0.05037               0.01066               0.81537 
              0.04527               0.01046              -0.05728 
              0.03808              -0.00161               0.12955 
             -0.00432               0.00235              -0.56415 
             -0.02383               0.03079               0.04263 
              0.02609              -0.00781               0.12770 
              0.02126              -0.00129              -0.13254 
              0.01418              -0.01002               0.19198 
             -0.02307              -0.00599               0.08397 
             -0.03143              -0.00405               0.24653 
             -0.00535               0.00416               0.00108 
             -0.00888              -0.01115              -0.14881 
             -0.00735              -0.00150              -0.39905 
             -0.01201              -0.00556              -0.12004 
              0.00833               0.00250              -0.24236 
              0.01108              -0.01985              -0.01110 
              0.06422              -0.02285               0.13237 
              0.02214              -0.07521               0.22593 
             -0.02897              -0.02728               0.05949 
             -0.02656              -0.00498              -0.11508 
              0.01340              -0.01543               0.09005 
              0.00812              -0.02139              -0.09458 
              0.01620              -0.00573               0.20091 
              0.00476               0.00219              -0.38461 
              0.00185               0.00988               0.17924 
             -0.02439               0.01745               0.06277 
             -0.00368              -0.00598              -0.07774 
              0.00036               0.00145               0.24150 
              0.00305               0.04821              -0.01477 
              0.02525               0.07521               0.12327 
              0.01316              -0.01229               0.11911 
             -0.01981              -0.02574              -0.23192 
             -0.00787              -0.02979              -0.00418 
              0.01288               0.01038               0.04766 
              0.01808               0.02300               0.25506 
              0.02738               0.02882              -0.15727 
             -0.01142              -0.02174              -0.29298 
             -0.00519              -0.01124               0.22480 
              0.01131              -0.03820              -0.25304 
              0.01812              -0.00232               0.27709 
             -0.00892               0.04756              -0.18955 
             -0.00336              -0.00358               0.01279 
             -0.00081              -0.02935               0.01945 
              0.03265              -0.03084              -0.04299 
              0.02452               0.01234              -0.21376 
             -0.00474               0.03709              -0.12845 
             -0.06343               0.01001               0.10291 
             -0.03106               0.02426              -0.05439 
             -0.03181               0.00330               0.09609 
              0.00326              -0.00215              -0.31635 
             -0.02333              -0.00943               0.25889 
             -0.03101               0.00072               0.02423 
             -0.03299               0.00959               0.23707 
             -0.00014               0.00421              -0.06622 
              0.00014              -0.01194              -0.20137 
              0.04279               0.02470               0.36949 
              0.04383              -0.03478              -0.26055 
              0.04365              -0.05357               0.30661 
             -0.03753              -0.01351              -0.20796 
             -0.03797              -0.00077               0.00969 
             -0.00562              -0.03517              -0.03355 
             -0.02181              -0.01537               0.04524 
             -0.02028              -0.03423               0.23677 
             -0.02581              -0.03555               0.12115 
             -0.02177              -0.01630               0.05473 
             -0.02211              -0.00254              -0.32730 
              0.00971              -0.04423               0.14540 
              0.03761              -0.04224              -0.26850 
              0.02257              -0.01235              -0.00077 
             -0.02037               0.00257              -0.18388 
             -0.00078              -0.01705              -0.26989 
             -0.00409              -0.06946               0.66974 
             -0.00321              -0.05569              -0.11388 
             -0.01619              -0.03841              -0.14105 
             -0.02304              -0.05444              -0.29074 
             -0.00223               0.00150              -0.43992 
             -0.00279               0.08627              -0.12580 
             -0.02081               0.06404               0.70618 
             -0.01694              -0.02319               0.49263 
             -0.02079              -0.02557              -0.32120 
             -0.01431              -0.04561               0.20196 
             -0.00126              -0.02087              -0.37215 
             -0.02729               0.05182               0.06894 
             -0.07681               0.08732               0.52331 
             -0.06329              -0.02399              -0.37903 
              0.03373              -0.02760               0.07239 
             -0.00278              -0.02211              -0.54262 
              0.00855              -0.00290               0.25401 
              0.02429               0.00080              -0.12692 
              0.01763              -0.03518               0.30306 
              0.00778              -0.09653               0.39480 
              0.03557              -0.05900              -0.35451 
              0.06084               0.03246               0.77051 
             -0.01174               0.00636              -0.49873 
             -0.01479               0.02838               0.39061 
              0.00918              -0.00967              -0.22998 
             -0.02965              -0.00971              -0.38110 
             -0.00748               0.02365               0.87162 
             -0.00043               0.01300              -0.58330 
              0.01863              -0.01643               0.36222 
             -0.00659              -0.05071               0.01152 
             -0.01471              -0.05982               0.04872 
             -0.01901              -0.04296               0.01258 
              0.01037               0.00908              -0.21617 
              0.07524               0.05613               0.07992 
              0.01651               0.01785              -0.58594 
             -0.01069              -0.02089               0.23550 
             -0.00312              -0.03158              -0.43048 
              0.00837              -0.03591               0.27665 
             -0.03098               0.04446               0.63022 
             -0.00688               0.02672              -0.07770 
              0.01785               0.00436              -0.02188 
              0.04199              -0.01581              -0.24477 
              0.00270              -0.02046              -0.41409 
             -0.03823              -0.01788              -0.01995 
             -0.08253              -0.03336               0.51590 
             -0.00332              -0.01546              -0.35668 
              0.01548               0.02282               0.34995 
              0.02413               0.00484              -0.23571 
              0.00114              -0.03563              -0.12989 
             -0.01830              -0.02842               0.08917 
             -0.01618               0.04279              -0.15392 
              0.00184               0.00782              -0.01782 
              0.02270               0.00702               0.22643 
              0.02405               0.00801               0.07273 
              0.01335               0.02774               0.50443 
              0.00415               0.01597              -0.17814 
              0.01420              -0.01768              -0.22437 
             -0.01330               0.01521              -0.22900 
             -0.00727               0.03754               0.10659 
              0.00583              -0.00719              -0.24670 
             -0.01519              -0.03173              -0.22647 
              0.01062              -0.00353              -0.23168 
              0.01524               0.00255              -0.29171 
             -0.04032              -0.02297               0.80910 
             -0.04065              -0.00347              -0.09294 
             -0.01576              -0.00430               0.36224 
             -0.00019              -0.00496              -0.33517 
              0.01326              -0.01624              -0.19407 
             -0.00696              -0.01584               0.01960 
              0.00690               0.00629              -0.25211 
              0.00006               0.04344               1.01049 
             -0.01214              -0.00281              -0.44600 
              0.02932              -0.05075               0.40595 
              0.05698              -0.05108              -0.26678 
              0.02169               0.00858              -0.29962 
              0.00042               0.01293               0.23722 
             -0.01428               0.00730              -0.19133 
              0.00403               0.01724               0.18285 
              0.01070               0.04770              -0.16686 
             -0.01523               0.00423              -0.02862 
             -0.03173              -0.00163              -0.37180 
             -0.00263               0.02150              -0.08699 
             -0.00493               0.06057              -0.12653 
             -0.00447               0.00438               0.00059 
             -0.01654              -0.05767               0.25423 
             -0.01583              -0.02974               0.11650 
             -0.04193              -0.02777              -0.52457 
             -0.03120              -0.03133               0.09061 
              0.02595               0.00611              -0.56001 
              0.01957               0.05754               0.44647 
             -0.08476              -0.04342               0.29854 
             -0.01772              -0.05827               0.09569 
             -0.03468              -0.02468               0.19191 
             -0.01411               0.01782              -0.03856 
              0.00458               0.00039               0.01551 
              0.02416              -0.01371              -0.05064 
              0.01083              -0.04626              -0.31368 
             -0.01511              -0.08060               0.37484 
             -0.03974              -0.00059              -0.19457 
             -0.03244               0.02668               0.28161 
              0.00056               0.01183              -0.17400 
             -0.02460              -0.02362              -0.20044 
             -0.10244              -0.10852              -0.08077 
              0.01525              -0.03856              -0.00280 
              0.00714              -0.00964               0.55405 
             -0.01198               0.05426              -0.28336 
             -0.01401               0.02122               0.39803 
             -0.06292              -0.04562              -0.20550 
             -0.04266              -0.01499               0.09053 
             -0.02639              -0.04366               0.06410 
              0.03170              -0.08466              -0.11699 
             -0.02816               0.01831              -0.24066 
             -0.02302              -0.00832              -0.09237 
             -0.00252               0.00702              -0.05240 
             -0.00898              -0.01085              -0.35361 
              0.03699              -0.06036               0.35116 
              0.03362              -0.07738              -0.24677 
             -0.09510               0.01135               0.03497 
             -0.06352               0.03559               0.20793 
             -0.03635               0.07075               0.25684 
              0.01031               0.01237               0.53822 
              0.02444              -0.05536              -0.14999 
              0.03759              -0.01462              -0.05734 
              0.05346               0.03003              -0.18080 
             -0.09738               0.07359              -0.02352 
             -0.01653              -0.03804              -0.20466 
             -0.00945              -0.13965               0.69417 
              0.01609              -0.06914              -0.13808 
             -0.06227              -0.06125               0.22466 
             -0.09899               0.06779               0.09214 
             -0.02713              -0.02385              -0.02850 
              0.03114              -0.07488               0.37385 
              0.04366              -0.04055              -0.38275 
              0.09911               0.03615               0.54413 
             -0.02395               0.14643              -0.22237 
              0.01942              -0.02813               0.14733 
              0.02724              -0.04291              -0.61151 
              0.03447              -0.03415               0.26224 
             -0.03040              -0.00843              -0.37878 
              0.01527              -0.04281               0.61293 
              0.01412              -0.05663               0.32913 
              0.02745               0.00700              -0.58012 
              0.05621              -0.00054               0.49882 
              0.01314               0.00648              -0.40311 
              0.01416               0.01308               0.27989 
              0.00665              -0.04713              -0.15855 
              0.01851              -0.05605              -0.32562 
             -0.02523               0.02969              -0.13287 
              0.02718               0.10209               0.09642 
              0.01591               0.13057               0.44858 
              0.02330              -0.08043              -0.09874 
             -0.01608              -0.13509               0.03111 
             -0.00013              -0.03600               0.04503 
             -0.00190              -0.00867               0.24775 
              0.00275              -0.01956              -0.35564 
              0.01693              -0.13906              -0.06338 
              0.03041              -0.06815              -0.24101 
              0.05561              -0.09626              -0.04880 
             -0.00435              -0.03172               0.00369 
             -0.02092               0.05073              -0.02749 
              0.03646               0.00517               0.06222 
              0.07538              -0.03040              -0.02082 
              0.05386              -0.05480               0.16485 
              0.05080              -0.04304               0.16055 
              0.06686              -0.04284               0.13513 
              0.02310               0.03953               0.05162 
             -0.00728              -0.00118              -0.35196 
              0.00435              -0.06147              -0.16683 
              0.01601              -0.04658              -0.47988 
              0.00607              -0.00650              -0.32858 
              0.09512              -0.09051               0.05681 
              0.03835              -0.14145               0.39381 
             -0.02941              -0.02700              -0.19104 
              0.04478              -0.04955               0.52482 
              0.06992               0.00521              -0.47251 
             -0.03387              -0.00076               0.34883 
             -0.01054              -0.00964               0.01135 
             -0.00138              -0.01805               0.25160 
              0.03081              -0.00614               0.45231 
              0.06204              -0.04299              -0.34922 
             -0.03008              -0.01401              -0.02822 
             -0.01617               0.00286              -0.36851 
             -0.02286               0.01062              -0.14473 
              0.02651              -0.03004               0.16762 
              0.03750              -0.11722               0.04821 
              0.04124              -0.07829               0.18774 
              0.00575              -0.03572              -0.04742 
             -0.05860              -0.01826              -0.05471 
             -0.01179               0.02245              -0.38976 
              0.05271              -0.02692               0.21865 
              0.00734               0.00219              -0.29982 
             -0.04749               0.01522               0.27238 
             -0.01293              -0.01995              -0.34772 
             -0.01404               0.01072               0.32463 
             -0.03211               0.01174               0.34273 
              0.06142               0.04361              -0.24109 
             -0.12360               0.09269               0.47510 
             -0.01927              -0.00925              -0.03930 
              0.06048              -0.01838              -0.17085 
              0.04337               0.03010              -0.38712 
             -0.01238               0.02559               0.35226 
             -0.04495               0.01538              -0.32767 
             -0.05227               0.02087               0.32982 
              0.04579               0.02716               0.13018 
              0.05424               0.03146              -0.27305 
              0.01697              -0.06126               0.55653 
             -0.05078              -0.09988              -0.08804 
             -0.01075               0.02766               0.07542 
             -0.07059               0.08422               0.39405 
             -0.04376               0.06867              -0.26185 
             -0.06164               0.04207               0.38648 
              0.03475               0.00341              -0.50380 
             -0.00399              -0.03231               0.37402 
             -0.02374               0.01421              -0.40142 
             -0.00973               0.01429               0.48743 
              0.02416               0.03943              -0.29499 
              0.01966              -0.10386              -0.04764 
              0.04203              -0.00237              -0.18783 
              0.03707              -0.01268              -0.08607 
             -0.03481              -0.00048              -0.34365 
             -0.07227              -0.00615               0.16619 
              0.02539              -0.00463              -0.39430 
              0.09640               0.08054               0.74972 
              0.01079               0.05718              -0.25875 
              0.01462               0.01792               0.04204 
              0.00590              -0.00362              -0.31722 
             -0.01420               0.07402              -0.37133 
             -0.00958               0.02553              -0.22881 
              0.00370               0.02210               0.20160 
              0.00037               0.00517               0.56490 
             -0.02204              -0.06662              -0.34610 
              0.00122              -0.03746               0.26516 
              0.02333              -0.00320              -0.13109 
              0.03386               0.01258               0.15255 
              0.02208               0.01183               0.15568 
              0.02616               0.00912               0.02696 
              0.02545               0.01865              -0.12375 
              0.00819               0.05422               0.22922 
              0.03352              -0.02179              -0.18481 
             -0.01374               0.06483              -0.30489 
             -0.01525               0.06319              -0.25933 
              0.02028               0.00334               0.07161 
              0.01273              -0.00045               0.24822 
             -0.00734               0.02121               0.18458 
             -0.01773               0.02563               0.28241 
              0.00469               0.03115              -0.11215 
              0.03991              -0.00983              -0.37571 
              0.02516               0.05323              -0.32370 
              0.02275               0.02797              -0.07413 
              0.04649               0.03260              -0.26163 
              0.08518               0.09589               0.13902 
              0.04377               0.00095               0.17402 
              0.00357               0.01446              -0.00428 
             -0.00683               0.07823               0.07407 
              0.07529              -0.01318              -0.06376 
              0.00959              -0.04883               0.09499 
              0.01247              -0.05727              -0.04275 
             -0.00170               0.00882              -0.35932 
             -0.00359               0.00376               0.24833 
             -0.00673               0.00789              -0.48994 
             -0.00805              -0.06009               0.63856 
