             -0.00076               0.00066              -0.16309 
             -0.00117               0.00118               0.06127 
             -0.00084               0.00050               0.17716 
              0.00016               0.00064               0.22595 
              0.00055               0.00093               0.03866 
             -0.00001              -0.00000              -0.15813 
              0.00048              -0.00026              -0.21461 
              0.00091              -0.00137              -0.17714 
              0.00043              -0.00047               0.03688 
              0.00028              -0.00017               0.16218 
              0.00090              -0.00002               0.24018 
              0.00158               0.00068               0.06604 
             -0.00082               0.00078              -0.13358 
             -0.00073              -0.00016              -0.20928 
             -0.00005               0.00015              -0.20090 
             -0.00190               0.00114               0.01311 
             -0.00136               0.00118               0.14420 
             -0.00027               0.00072               0.25069 
              0.00012               0.00003               0.08240 
             -0.00013              -0.00004              -0.10989 
             -0.00024              -0.00122              -0.22133 
              0.00143              -0.00113              -0.17504 
              0.00199               0.00025              -0.04931 
              0.00005              -0.00012               0.15246 
              0.00024               0.00004               0.24796 
              0.00044              -0.00004               0.07595 
              0.00016              -0.00046              -0.05214 
              0.00000              -0.00024              -0.25166 
             -0.00002              -0.00022              -0.17536 
              0.00033               0.00073              -0.05962 
             -0.00045               0.00073               0.10364 
             -0.00187               0.00060               0.29406 
             -0.00186               0.00038               0.05631 
              0.00008               0.00069              -0.00777 
              0.00014              -0.00001              -0.25637 
             -0.00013               0.00010              -0.22133 
              0.00005               0.00052              -0.08163 
             -0.00015               0.00032               0.00547 
             -0.00001               0.00013               0.25345 
             -0.00026              -0.00072               0.03506 
              0.00167              -0.00047              -0.05230 
              0.00341              -0.00040              -0.23895 
              0.00038              -0.00033              -0.26610 
              0.00119               0.00004               0.03293 
              0.00015              -0.00027               0.18482 
             -0.00073              -0.00014               0.43480 
             -0.00181               0.00040               0.32467 
             -0.00171               0.00085              -0.01108 
             -0.00058               0.00077              -0.02675 
              0.00005              -0.00039              -0.23279 
             -0.00136              -0.00035              -0.05143 
              0.00116               0.00024               0.00514 
              0.00235               0.00040               0.02292 
              0.00084               0.00013              -0.00896 
              0.00002               0.00020              -0.11713 
              0.00009              -0.00002              -0.16577 
              0.00070              -0.00059              -0.13538 
             -0.00040               0.00006              -0.09528 
             -0.00203              -0.00045               0.00779 
             -0.00136              -0.00009               0.06656 
             -0.00037               0.00049               0.10774 
              0.00006              -0.00034               0.15696 
              0.00055              -0.00110               0.13706 
              0.00034              -0.00024               0.11570 
              0.00056               0.00125              -0.03828 
             -0.00002               0.00119              -0.02432 
             -0.00046               0.00011              -0.08828 
              0.00082               0.00011               0.07399 
              0.00020               0.00015               0.33112 
             -0.00031               0.00003               0.29264 
              0.00036               0.00071               0.10658 
              0.00074               0.00091              -0.01053 
             -0.00022              -0.00089              -0.35221 
             -0.00086              -0.00132              -0.21995 
             -0.00017              -0.00010              -0.20677 
              0.00040               0.00015              -0.03953 
             -0.00044               0.00084               0.37239 
             -0.00061              -0.00046               0.05443 
             -0.00019              -0.00079               0.15110 
             -0.00016              -0.00111              -0.10171 
             -0.00161              -0.00036              -0.16734 
             -0.00238               0.00119               0.19157 
             -0.00190               0.00185               0.02640 
              0.00298               0.00043               0.34173 
              0.00214               0.00086               0.05640 
             -0.00188              -0.00110              -0.10736 
              0.00011               0.00000              -0.05059 
             -0.00142              -0.00169              -0.12650 
             -0.00070              -0.00377               0.23880 
              0.00428              -0.00067               0.12863 
              0.00650               0.00058               0.16187 
              0.00338               0.00182              -0.00282 
             -0.00270              -0.00012              -0.28109 
             -0.00581               0.00161              -0.24743 
             -0.00324               0.00230              -0.04459 
             -0.00124               0.00055              -0.15653 
             -0.00097               0.00026               0.31580 
              0.00005               0.00016               0.09344 
             -0.00177               0.00001              -0.05869 
             -0.00232              -0.00146               0.07492 
              0.00147              -0.00047              -0.34807 
              0.00186              -0.00016               0.17042 
              0.00110              -0.00097              -0.13252 
              0.00067              -0.00307               0.15794 
              0.00003              -0.00164               0.20103 
              0.00216              -0.00142              -0.29195 
              0.00049              -0.00203               0.17394 
             -0.00084               0.00005              -0.40225 
              0.00143              -0.00194               0.23402 
             -0.00327               0.00286               0.06746 
             -0.00343               0.00471               0.03688 
              0.00223               0.00105               0.33667 
              0.00549               0.00001              -0.36983 
              0.00292               0.00207              -0.01877 
             -0.00026               0.00037              -0.26920 
              0.00072              -0.00093              -0.10781 
              0.00030              -0.00015               0.19997 
              0.00109              -0.00091               0.09011 
              0.00089              -0.00149               0.13140 
             -0.00170              -0.00224              -0.03656 
             -0.00578              -0.00178              -0.10064 
             -0.00901               0.00334              -0.12463 
             -0.00127               0.00215               0.05986 
              0.00124               0.00024               0.01774 
             -0.00078               0.00133               0.10457 
              0.00022               0.00065              -0.00970 
              0.00042              -0.00321              -0.15970 
              0.00009               0.00017              -0.10289 
              0.00422               0.00094              -0.19917 
              0.00244              -0.00093               0.16826 
              0.00279              -0.00124               0.07063 
              0.00109               0.00140               0.09778 
              0.00052               0.00499               0.21078 
              0.00067               0.00150              -0.25898 
              0.00007              -0.00090               0.03053 
             -0.00049               0.00330              -0.29736 
             -0.00018               0.00044               0.11794 
             -0.00069              -0.00040               0.03757 
              0.00291               0.00159               0.07765 
              0.00533               0.00205               0.20827 
              0.00275               0.00077              -0.20239 
             -0.00271              -0.00270               0.10244 
             -0.00434              -0.00061              -0.18685 
             -0.00487              -0.00138               0.03492 
             -0.00083               0.00117              -0.01433 
              0.00090               0.00189              -0.01488 
             -0.00083              -0.00031               0.04209 
              0.00112              -0.00498              -0.18091 
              0.00065              -0.00401              -0.05368 
             -0.00161               0.00011              -0.15678 
              0.00228              -0.00038               0.14812 
              0.00445               0.00010               0.15997 
              0.00221              -0.00100               0.08804 
             -0.00163               0.00226               0.22344 
             -0.00127               0.00357              -0.18827 
              0.00173               0.00008              -0.07021 
             -0.00133              -0.00143              -0.23597 
             -0.00194              -0.00022               0.07368 
              0.00317               0.00111               0.00342 
              0.00360               0.00005               0.15345 
              0.00049              -0.00089               0.06539 
             -0.00162               0.00032              -0.14774 
              0.00094              -0.00323              -0.01577 
             -0.00080               0.00044              -0.27069 
             -0.00078              -0.00159               0.02040 
              0.00035              -0.00485               0.00160 
              0.00118              -0.00310               0.12206 
             -0.00173              -0.00162               0.12928 
             -0.00393              -0.00130              -0.18195 
              0.00197              -0.00033              -0.03401 
              0.00366              -0.00234              -0.25616 
              0.00054               0.00072               0.13194 
             -0.00244               0.00080               0.15757 
              0.00011              -0.00011               0.21817 
              0.00329               0.00069               0.32059 
              0.00257               0.00064              -0.22856 
              0.00121               0.00125              -0.02922 
             -0.00133              -0.00034              -0.31017 
              0.00282              -0.00139              -0.07402 
              0.00020               0.00019               0.12539 
             -0.00082               0.00013               0.03833 
              0.00044              -0.00113               0.20473 
             -0.00357               0.00056              -0.19439 
             -0.00097              -0.00062              -0.13124 
              0.00605              -0.00112              -0.23936 
              0.00236               0.00041              -0.02649 
             -0.00865               0.00012               0.09224 
             -0.01060              -0.00058               0.20403 
             -0.00319               0.00013               0.13703 
              0.00013              -0.00069              -0.10785 
              0.00024              -0.00453              -0.14331 
              0.00284              -0.00169              -0.26548 
              0.00164              -0.00092               0.11826 
              0.00310               0.00298               0.14755 
              0.00405               0.00806               0.22674 
              0.00478               0.00028               0.20462 
              0.00136              -0.00307              -0.23814 
             -0.00045              -0.00553              -0.17659 
             -0.00010               0.00325              -0.29314 
             -0.00042               0.00118               0.04254 
             -0.00113              -0.00247               0.09642 
             -0.00194              -0.00233               0.18156 
              0.00035              -0.00079               0.11749 
             -0.00247              -0.00074              -0.20437 
             -0.00378              -0.00069              -0.12220 
              0.00009               0.00509              -0.24634 
             -0.00029               0.00068              -0.01305 
              0.00145              -0.00517               0.21976 
              0.00245              -0.00336               0.09650 
              0.00308              -0.00035               0.25542 
              0.00107               0.00143              -0.24837 
             -0.00073              -0.00153              -0.06965 
              0.00381              -0.00029              -0.21521 
              0.00470               0.00393               0.05700 
              0.00123              -0.00081               0.22072 
              0.00174              -0.00569               0.00460 
             -0.00056              -0.00364               0.20645 
             -0.00037              -0.00075              -0.29933 
              0.00106              -0.00639              -0.12230 
              0.00084              -0.00035              -0.22246 
              0.00373               0.00141               0.00427 
             -0.00041               0.00089               0.16140 
             -0.00740              -0.00062               0.18348 
             -0.00867              -0.00163               0.16579 
             -0.00115              -0.00230               0.05163 
              0.00058               0.00074              -0.02185 
             -0.00012               0.00116              -0.14811 
             -0.00181               0.00009               0.11380 
              0.00133              -0.00009              -0.09339 
             -0.00010              -0.00306               0.08277 
             -0.00256              -0.00549              -0.06325 
              0.00857              -0.00002              -0.19963 
              0.01082               0.00507               0.07114 
             -0.00090              -0.00051              -0.26607 
             -0.00427              -0.00313               0.34915 
              0.00208              -0.01195               0.12417 
              0.00300              -0.00604               0.18122 
             -0.00297              -0.00077               0.25240 
             -0.00028               0.00280              -0.12586 
             -0.00169               0.00241               0.07907 
             -0.00531              -0.00425              -0.01955 
             -0.00339               0.00083               0.02792 
              0.00168               0.00326               0.16850 
              0.00159               0.00598              -0.19273 
             -0.00041               0.00517               0.04883 
              0.00678               0.00090              -0.20293 
              0.00527              -0.00425               0.06108 
             -0.00065              -0.00352               0.19452 
             -0.00190              -0.00156               0.11261 
             -0.00034               0.00116               0.21330 
              0.00234               0.00635              -0.18708 
             -0.00485              -0.00197              -0.06519 
             -0.00192              -0.00834              -0.10518 
             -0.00046              -0.00692               0.12719 
             -0.01017               0.00697               0.14368 
             -0.01178               0.00954               0.14852 
              0.00272              -0.00002               0.00138 
              0.01086              -0.00054              -0.13222 
              0.00073              -0.00105              -0.00087 
              0.00008              -0.00010              -0.17582 
              0.00031               0.00171               0.37653 
              0.00061               0.00579               0.06134 
              0.00147               0.00368               0.07465 
              0.00226              -0.00155              -0.05447 
             -0.00435              -0.00011              -0.35036 
             -0.00242               0.00185               0.10466 
             -0.00138              -0.00110              -0.24876 
             -0.00110              -0.00048               0.26065 
              0.00068               0.00261               0.08622 
             -0.00272               0.00474              -0.11328 
             -0.00054               0.00407               0.02812 
             -0.00253              -0.00050              -0.37331 
              0.00181              -0.00504              -0.01234 
              0.00074              -0.00079              -0.15784 
             -0.00037               0.00412               0.34938 
             -0.00397               0.00225               0.12499 
             -0.00365               0.00157               0.10890 
             -0.00012              -0.00227               0.00960 
              0.00077              -0.00150              -0.22196 
             -0.00028               0.00067               0.02750 
             -0.00281               0.00675              -0.12552 
              0.00000               0.00757               0.21484 
             -0.00096              -0.00352              -0.00513 
             -0.00000              -0.00472              -0.07223 
              0.00506               0.00270              -0.13524 
              0.00065               0.00047              -0.24173 
             -0.00240              -0.00077               0.00916 
             -0.00069               0.00087              -0.22271 
              0.00352              -0.00230               0.45059 
              0.00149              -0.00516              -0.14158 
             -0.00025              -0.00690               0.13311 
              0.00030              -0.00092              -0.04703 
             -0.00048              -0.00234              -0.34587 
             -0.00555              -0.00850               0.18171 
             -0.00952               0.00001              -0.20372 
             -0.00309               0.00562               0.32167 
             -0.00104               0.00432               0.00072 
              0.00039               0.00483               0.00803 
             -0.00123               0.00342               0.03835 
             -0.00146               0.00244              -0.16205 
             -0.00027               0.00122               0.20017 
             -0.00120              -0.00156              -0.15844 
              0.00422               0.00640               0.10122 
              0.01512               0.01208              -0.17619 
              0.00535              -0.00402              -0.06317 
              0.00094              -0.00918              -0.20989 
              0.00024              -0.00397              -0.00343 
             -0.00210              -0.00010               0.14421 
             -0.00464              -0.00098               0.06772 
             -0.00507               0.00001               0.18611 
             -0.00406              -0.00282              -0.14752 
             -0.00035              -0.00757              -0.00775 
             -0.00079              -0.00556              -0.24564 
             -0.00015               0.00684               0.02452 
             -0.00053               0.01459               0.03179 
              0.00159               0.00897              -0.02411 
             -0.00111              -0.00112               0.28283 
              0.00409               0.00202              -0.17754 
              0.00712               0.00157               0.21289 
              0.00212              -0.00126              -0.09173 
              0.00192               0.00145              -0.04332 
             -0.00452               0.00728               0.10376 
             -0.00571              -0.00271              -0.16559 
             -0.00274              -0.00774               0.14757 
             -0.00132              -0.00366              -0.10849 
             -0.00082               0.00073               0.07590 
              0.00228               0.00224               0.01933 
              0.00015               0.00034              -0.05268 
             -0.00375              -0.00058              -0.00579 
             -0.00224              -0.00032              -0.15044 
             -0.00068               0.00031               0.05875 
             -0.00317              -0.00043              -0.01614 
             -0.00065              -0.00566               0.15299 
              0.00281              -0.00299               0.15387 
             -0.00229               0.00152              -0.00991 
             -0.00410               0.00139               0.05707 
             -0.00750              -0.00064              -0.01448 
             -0.00917               0.00179              -0.06074 
             -0.00417               0.00182              -0.03219 
             -0.00834              -0.00063              -0.06700 
             -0.00221               0.00355               0.00305 
              0.00045               0.01040               0.01683 
             -0.00256               0.00160               0.10353 
             -0.00358              -0.00591               0.00806 
             -0.00198              -0.00258               0.02027 
              0.00832              -0.00026              -0.04017 
              0.00792              -0.00128              -0.12830 
              0.00335               0.00024               0.00722 
             -0.00016               0.00037              -0.09445 
              0.00280              -0.00054               0.16295 
              0.00132              -0.00184               0.10613 
             -0.00034               0.00084               0.03438 
              0.00415               0.00243              -0.01649 
             -0.00122               0.00140              -0.11337 
             -0.00281              -0.00248              -0.15682 
             -0.00444              -0.00081              -0.05061 
             -0.00190              -0.00015               0.04930 
              0.00638              -0.00154               0.03672 
             -0.00076              -0.00060               0.16027 
             -0.00335              -0.00233              -0.08612 
             -0.00319              -0.00246              -0.05420 
             -0.00205               0.00406              -0.01199 
             -0.00195               0.00672              -0.12532 
             -0.00010               0.00219               0.15682 
              0.00544               0.00036              -0.18709 
             -0.00122               0.00095               0.15157 
             -0.01157              -0.00011              -0.14151 
             -0.00998              -0.00377              -0.00548 
             -0.00314               0.00035               0.09225 
              0.00082               0.00940              -0.19053 
             -0.00626               0.00375               0.30042 
              0.00001              -0.00328              -0.23423 
              0.00108              -0.00043               0.05458 
             -0.00741               0.00091              -0.04866 
              0.00076               0.00139              -0.21173 
              0.00899               0.00145               0.28927 
              0.00591              -0.00129              -0.15001 
             -0.00444               0.00015               0.18523 
             -0.00722              -0.00101               0.01576 
              0.00364              -0.00775              -0.08095 
              0.00278              -0.00693               0.03511 
             -0.00040               0.00776              -0.13567 
              0.00261               0.00523              -0.06195 
              0.00168               0.00038               0.04865 
             -0.00450               0.00608               0.02073 
             -0.00824               0.00494              -0.03315 
              0.00282               0.00316               0.05748 
             -0.00138               0.00234              -0.19576 
             -0.01182               0.00984               0.09262 
             -0.00696               0.00900              -0.11464 
              0.00300              -0.00464              -0.03528 
              0.00087              -0.00588               0.10717 
             -0.00431               0.00040              -0.20417 
             -0.00119              -0.00214               0.25016 
              0.00483              -0.00805              -0.08470 
             -0.00023              -0.00278               0.04315 
              0.00100              -0.00228               0.11471 
              0.00826              -0.01138              -0.15193 
              0.00439              -0.00865               0.20251 
             -0.01125               0.00805              -0.16816 
