              0.00256              -0.00074              -0.16841 
              0.00336              -0.00220               0.02543 
              0.00162              -0.00185               0.23312 
              0.00097              -0.00083               0.15499 
              0.00120               0.00052               0.05233 
             -0.00004               0.00002              -0.20330 
             -0.00152               0.00062              -0.20313 
              0.00054              -0.00201              -0.20583 
              0.00201              -0.00208               0.00074 
              0.00078              -0.00028               0.24982 
              0.00045               0.00015               0.10328 
              0.00009               0.00010               0.15126 
              0.00070              -0.00042              -0.24072 
              0.00111              -0.00238              -0.18499 
              0.00198              -0.00190              -0.18064 
              0.00286              -0.00045              -0.09749 
              0.00184              -0.00060               0.31275 
              0.00109              -0.00004               0.07196 
              0.00033              -0.00050               0.16342 
              0.00163              -0.00153              -0.15602 
              0.00158              -0.00166              -0.30274 
              0.00052              -0.00041              -0.06009 
              0.00031              -0.00001              -0.20335 
              0.00066              -0.00027               0.32459 
              0.00090              -0.00111               0.12509 
              0.00007              -0.00174               0.07330 
             -0.00017              -0.00150              -0.00620 
              0.00035              -0.00051              -0.37886 
             -0.00037              -0.00017              -0.08393 
              0.00067              -0.00091              -0.15550 
              0.00133              -0.00150               0.13951 
              0.00147              -0.00141               0.26180 
              0.00112              -0.00128              -0.03463 
              0.00035              -0.00069               0.02489 
              0.00108              -0.00015              -0.35207 
              0.00123              -0.00167              -0.28262 
              0.00140              -0.00120              -0.02299 
              0.00098              -0.00085               0.12898 
              0.00112              -0.00077               0.29793 
             -0.00046              -0.00020               0.20177 
             -0.00152               0.00104               0.03010 
              0.00059              -0.00035              -0.14178 
              0.00110              -0.00075              -0.05470 
              0.00039               0.00031               0.05866 
              0.00033               0.00025               0.26350 
              0.00186              -0.00068               0.10776 
              0.00185              -0.00028              -0.00329 
             -0.00032               0.00100              -0.29552 
              0.00044              -0.00083              -0.38270 
              0.00081               0.00066              -0.16260 
             -0.00044              -0.00146              -0.17173 
              0.00144              -0.00175               0.51701 
              0.00038              -0.00039               0.17552 
             -0.00022               0.00042               0.22416 
              0.00021               0.00076               0.02779 
              0.00007              -0.00285              -0.34965 
              0.00034              -0.00026               0.19867 
             -0.00076               0.00066              -0.04368 
             -0.00131               0.00084               0.24776 
             -0.00037              -0.00062               0.28570 
             -0.00126               0.00009              -0.18195 
             -0.00103               0.00152              -0.01880 
              0.00091              -0.00019              -0.22779 
             -0.00009              -0.00168               0.09784 
             -0.00024              -0.00335               0.42659 
              0.00161              -0.00029               0.29176 
              0.00367               0.00092               0.22550 
              0.00474               0.00157              -0.01678 
              0.00120               0.00192              -0.36307 
             -0.00042               0.00043              -0.23679 
             -0.00233               0.00447              -0.06499 
             -0.00246              -0.00000               0.31216 
             -0.00020              -0.00246               0.23854 
              0.00047               0.00044               0.25841 
             -0.00107              -0.00125               0.27077 
             -0.00165               0.00051              -0.28232 
             -0.00132              -0.00157              -0.11068 
             -0.00136               0.00045              -0.23335 
              0.00162               0.00171               0.06843 
              0.00411               0.00045              -0.07678 
              0.00253              -0.00019               0.19454 
             -0.00296               0.00159              -0.01827 
             -0.00307               0.00258               0.02030 
             -0.00081               0.00130               0.15400 
             -0.00013               0.00095              -0.11449 
              0.00325               0.00065               0.27325 
              0.00143              -0.00391              -0.06311 
             -0.00411              -0.00556               0.01617 
             -0.00554              -0.00025              -0.04631 
              0.00248              -0.00281              -0.31777 
              0.00339              -0.00019               0.11371 
              0.00031               0.00234              -0.30025 
             -0.00026               0.00406               0.16029 
             -0.00203               0.00405              -0.08287 
             -0.00337              -0.00001               0.05435 
             -0.00227               0.00064              -0.12648 
              0.00376              -0.00015              -0.09237 
              0.00455               0.00354              -0.12702 
             -0.00550               0.00429               0.03167 
             -0.00237              -0.00208               0.17996 
              0.00322              -0.01277               0.02811 
              0.00131              -0.00975               0.17755 
             -0.00102               0.00448              -0.14766 
              0.00082               0.00230               0.05126 
             -0.00143               0.00016              -0.06051 
             -0.00929               0.00191              -0.02636 
             -0.01299               0.00537               0.23946 
             -0.00326               0.00215              -0.31889 
              0.00661               0.00507               0.02975 
              0.00070               0.01262              -0.34286 
             -0.00007               0.00150              -0.10701 
              0.00237              -0.00532               0.01155 
             -0.00094              -0.00769               0.04651 
              0.00415              -0.00296               0.32321 
              0.00673               0.00020               0.02673 
              0.00242              -0.00043              -0.07279 
             -0.00094              -0.00122              -0.15871 
             -0.00264              -0.00289              -0.17015 
             -0.00562              -0.00004               0.04629 
             -0.00336               0.00217               0.11958 
              0.00003               0.00306               0.20604 
             -0.00018               0.00005               0.12680 
              0.00134              -0.00237              -0.19451 
             -0.00305               0.00099              -0.10657 
             -0.00372               0.00231              -0.25517 
              0.00032              -0.00067              -0.06037 
              0.00112               0.00210              -0.04610 
              0.00176               0.00323               0.06981 
             -0.00038               0.00006              -0.09961 
             -0.00180               0.00255              -0.04413 
              0.00030               0.00507              -0.16869 
             -0.00194              -0.00038              -0.03574 
             -0.00560              -0.00454               0.16005 
             -0.00101              -0.00134               0.02681 
              0.00120               0.00070               0.40875 
              0.00231              -0.00068              -0.17909 
              0.00062              -0.00312               0.04897 
             -0.00429              -0.00400              -0.26231 
             -0.00452               0.00043              -0.05334 
             -0.00679               0.00338               0.16040 
             -0.00364               0.00763              -0.14348 
              0.00264              -0.00072               0.29033 
              0.00116              -0.00398              -0.34444 
             -0.00170               0.00124              -0.11081 
             -0.00156               0.00443              -0.23750 
             -0.00103               0.00698              -0.16664 
              0.00028               0.00040               0.07020 
              0.00656              -0.00458               0.04157 
              0.00910               0.00116               0.20399 
              0.00017               0.00484               0.02425 
             -0.00285               0.00700               0.03683 
             -0.00123               0.00658              -0.03986 
              0.00153              -0.00363               0.04262 
              0.00274              -0.01236               0.12598 
              0.00215              -0.00605               0.05910 
             -0.00117               0.00309               0.02544 
             -0.00388               0.00613              -0.21292 
             -0.00453              -0.00098              -0.10531 
              0.00240              -0.00566              -0.24595 
              0.00386              -0.00503               0.03106 
             -0.00323               0.00652              -0.02001 
             -0.00688               0.00548              -0.00814 
             -0.00325               0.00567               0.11128 
             -0.00003               0.00235              -0.15359 
              0.00052              -0.00864               0.28489 
              0.00418              -0.00417              -0.03900 
              0.00298               0.00320               0.28085 
             -0.00027               0.00660               0.24109 
             -0.00354               0.00083              -0.00178 
             -0.00024              -0.00193               0.04991 
              0.00422              -0.00927              -0.25711 
              0.00079              -0.00457               0.01723 
             -0.00061               0.00085               0.06336 
             -0.00307               0.00316               0.25329 
             -0.00321               0.00490               0.29808 
             -0.00102              -0.00147               0.01600 
             -0.00148              -0.00144              -0.05734 
             -0.00389               0.00111              -0.24237 
             -0.00267               0.00324              -0.07014 
             -0.00792               0.00622               0.03472 
             -0.01067               0.00105               0.12390 
              0.00028              -0.00258               0.22099 
              0.00119               0.00068               0.05642 
             -0.00123              -0.00600               0.02771 
              0.00166              -0.00224              -0.03408 
              0.00534               0.00274               0.06321 
              0.00895               0.00251               0.21697 
              0.00295               0.00543               0.03962 
             -0.00115               0.00070               0.10373 
             -0.00050              -0.00059              -0.05153 
             -0.00322               0.00179              -0.15979 
             -0.00780               0.00056              -0.03358 
             -0.00042               0.00512              -0.15544 
              0.00486               0.00892               0.02371 
             -0.00226              -0.00929               0.03184 
             -0.00393              -0.01596               0.03465 
             -0.00090              -0.00647               0.06357 
              0.00006               0.00173              -0.10878 
              0.00050              -0.00051              -0.09131 
              0.00502              -0.00059              -0.01392 
              0.00525               0.00545               0.00432 
              0.00270               0.00161               0.04658 
             -0.00214              -0.00781               0.04483 
             -0.00344               0.00361              -0.00211 
             -0.00058               0.01844              -0.03971 
             -0.00325               0.00812              -0.13805 
             -0.00073              -0.00628              -0.03295 
             -0.00238              -0.00306              -0.08233 
             -0.00460               0.00232              -0.00519 
             -0.00105               0.00301               0.14432 
             -0.00105               0.00316              -0.15577 
             -0.00223               0.00137               0.17374 
             -0.00137              -0.00084              -0.24306 
              0.00349              -0.00031              -0.01998 
             -0.00177              -0.00022               0.02941 
             -0.00071               0.00326              -0.18858 
              0.00139               0.00336               0.34620 
              0.00217               0.00414              -0.16028 
             -0.00100               0.00505               0.11327 
             -0.00324               0.00093              -0.07851 
              0.00304              -0.00259              -0.19313 
             -0.00268              -0.00245               0.00492 
             -0.00718              -0.00072              -0.17585 
             -0.00683               0.00084               0.17281 
             -0.00446              -0.00185              -0.10290 
             -0.00785              -0.00733               0.13064 
             -0.00066              -0.00640              -0.11758 
              0.00438              -0.00432              -0.08390 
             -0.00042               0.00205              -0.10663 
             -0.00476               0.00559              -0.08818 
              0.00058              -0.00009               0.07274 
              0.00918              -0.00005              -0.00914 
              0.00827               0.00724               0.17728 
              0.00090               0.00697              -0.22425 
              0.00062               0.00565               0.05559 
             -0.00482               0.00751              -0.32777 
             -0.00791               0.00133               0.01376 
             -0.00451              -0.00132               0.16000 
             -0.00026               0.00096              -0.20413 
             -0.00127               0.00001               0.46793 
             -0.00157               0.00535              -0.34133 
             -0.00210              -0.00781               0.01693 
              0.00021              -0.01181              -0.22530 
             -0.00044              -0.00725              -0.14858 
             -0.00214               0.00141               0.31897 
              0.00071               0.00920              -0.12969 
              0.00891               0.01375               0.33196 
              0.00388               0.00650              -0.14174 
              0.00007               0.00013              -0.14912 
             -0.00005               0.00057              -0.00138 
             -0.00225               0.00034              -0.14098 
             -0.00083               0.00802               0.38044 
              0.00089              -0.00016              -0.07301 
              0.00429              -0.00505               0.15465 
             -0.00223              -0.00486              -0.09116 
             -0.00642              -0.00452              -0.23283 
             -0.00202              -0.00162              -0.03377 
              0.00139               0.00162              -0.04374 
              0.00077               0.00288               0.26166 
              0.00017               0.00124               0.08981 
              0.00086              -0.00204               0.16425 
              0.00097              -0.00769              -0.01346 
             -0.00136              -0.00688               0.04051 
              0.00290               0.00306              -0.04601 
              0.00237               0.00514               0.19676 
              0.00197               0.00055               0.21042 
             -0.00346               0.00130               0.21302 
             -0.00291              -0.00066               0.13631 
             -0.00004              -0.00166              -0.01328 
             -0.00217               0.00038              -0.05047 
             -0.00591               0.00650               0.08868 
             -0.00125               0.00821              -0.02739 
              0.00135               0.00179               0.16284 
             -0.00098              -0.01090               0.23984 
             -0.00035              -0.00656              -0.13779 
              0.00043               0.00011               0.06399 
              0.00745               0.00322              -0.23978 
              0.00277               0.00653               0.09871 
              0.00075               0.00467               0.04419 
              0.00271               0.00145               0.18646 
              0.00239               0.00071               0.20603 
              0.00795               0.00028              -0.20167 
              0.01377               0.00003              -0.03169 
              0.00082              -0.00039              -0.13134 
             -0.00682              -0.00042               0.17402 
             -0.00561              -0.00027               0.12356 
              0.00100              -0.00316               0.22476 
              0.00739              -0.00206              -0.01144 
              0.01005               0.00176              -0.16980 
             -0.00096              -0.00165              -0.22313 
             -0.00669              -0.00793              -0.25409 
             -0.00651              -0.00040               0.01637 
             -0.00146               0.00974               0.04361 
              0.01899               0.00312               0.15160 
              0.01082              -0.00407               0.11332 
             -0.00819              -0.00657              -0.20677 
             -0.02139              -0.00318              -0.04147 
             -0.01390               0.00186              -0.27086 
              0.00089               0.00449               0.13759 
              0.00635               0.00381               0.05799 
              0.00943              -0.00155               0.09552 
              0.00555               0.00042               0.15793 
             -0.00153               0.00386              -0.20950 
             -0.01719               0.00164              -0.03648 
              0.00361               0.00223              -0.21590 
              0.00952               0.00004               0.15937 
             -0.00800              -0.00101               0.01359 
             -0.00456              -0.00229               0.25291 
             -0.00034              -0.00775              -0.04591 
             -0.00114              -0.00216              -0.17639 
              0.00270              -0.00566              -0.21232 
              0.00439              -0.00682              -0.15480 
              0.01243              -0.00084               0.17983 
              0.00133               0.00396               0.05814 
             -0.01021              -0.00233               0.19042 
             -0.00966              -0.00053              -0.02449 
              0.00019               0.00455              -0.20293 
             -0.00671               0.00199              -0.23602 
             -0.00428               0.00029              -0.09891 
             -0.00157              -0.00283               0.06438 
              0.00154               0.00510               0.14873 
              0.00339               0.00183               0.20831 
             -0.00119              -0.01010              -0.14743 
              0.01386              -0.00357              -0.00994 
              0.01775              -0.00137              -0.21412 
              0.00253              -0.00757              -0.01715 
             -0.00356              -0.01024               0.18525 
              0.00651              -0.00547               0.00594 
              0.00212               0.00085               0.26112 
             -0.00249               0.00594              -0.19051 
              0.00249               0.00126              -0.10029 
              0.00031              -0.00629              -0.21361 
             -0.01108              -0.00075              -0.18972 
             -0.01176              -0.00111               0.22715 
              0.00487               0.00072              -0.04554 
              0.00966               0.00154               0.33331 
              0.00670              -0.00377              -0.14872 
              0.00126              -0.00867              -0.08936 
              0.00837              -0.00876              -0.14503 
              0.00343              -0.00425              -0.17963 
              0.00178               0.00123               0.11526 
              0.01925               0.00224               0.09947 
              0.01646              -0.00131               0.11758 
             -0.00461               0.00141               0.01645 
             -0.00868               0.00254              -0.21506 
              0.00419               0.00009              -0.04311 
             -0.00116               0.00725              -0.12571 
             -0.01418               0.00318               0.16260 
             -0.00902              -0.00199               0.06198 
              0.00179              -0.00148               0.04515 
             -0.00605               0.00237              -0.10692 
             -0.00776               0.00356              -0.05544 
              0.00830              -0.00233              -0.07176 
              0.00344              -0.00766              -0.12193 
             -0.01943              -0.00438               0.23875 
             -0.00949              -0.00115              -0.08134 
              0.01170               0.00166               0.09021 
              0.01033               0.00140              -0.16008 
             -0.00408              -0.00490              -0.21242 
              0.01300              -0.00792              -0.08012 
              0.00862              -0.00164              -0.09440 
             -0.00143               0.00051               0.18495 
             -0.00202              -0.00606               0.14549 
              0.00742              -0.00420               0.11771 
              0.00762               0.00217              -0.02041 
             -0.00932               0.00190              -0.11910 
             -0.00536              -0.00039              -0.11212 
              0.00158              -0.00640              -0.06753 
             -0.00155              -0.00419               0.14209 
             -0.00112              -0.00227              -0.00588 
             -0.00073               0.00023              -0.03205 
              0.00105               0.00524              -0.08497 
              0.00949              -0.00317              -0.12930 
              0.00410              -0.01058              -0.19034 
              0.00484              -0.00662               0.08088 
              0.00993               0.00250              -0.06850 
              0.00634               0.00902               0.01609 
             -0.00040               0.00867               0.01171 
              0.00024              -0.00025              -0.12187 
              0.00096              -0.00028               0.01440 
             -0.00126              -0.00104               0.05236 
             -0.00770              -0.00090               0.06312 
             -0.00738               0.00139               0.14106 
              0.00268               0.00078              -0.06722 
              0.00200              -0.00648               0.00876 
              0.00162              -0.01422              -0.06425 
              0.00673              -0.00252              -0.05482 
              0.00884               0.00138               0.04867 
              0.00358              -0.00846               0.07100 
              0.00251              -0.01223               0.05101 
              0.00093              -0.00305               0.09662 
             -0.00361               0.00169              -0.11383 
             -0.00355               0.00088               0.03093 
              0.00280               0.00420              -0.06561 
              0.00902               0.00331               0.02064 
             -0.00471              -0.00283               0.23596 
             -0.00581              -0.00256               0.01147 
             -0.00334               0.00255               0.25884 
              0.00251               0.00508               0.16221 
              0.01009               0.00227               0.02577 
