             -0.00076               0.00066              -0.19108 
             -0.00114               0.00112               0.04548 
             -0.00074               0.00049               0.16710 
              0.00027               0.00083               0.21541 
              0.00061               0.00101               0.02179 
             -0.00001               0.00001              -0.18932 
              0.00042              -0.00026              -0.24354 
              0.00089              -0.00138              -0.20620 
              0.00045              -0.00049               0.02356 
              0.00024              -0.00010               0.15216 
              0.00111              -0.00007               0.22744 
              0.00162               0.00065               0.04892 
             -0.00085               0.00088              -0.16824 
             -0.00093              -0.00016              -0.23666 
              0.00001               0.00006              -0.23191 
             -0.00158               0.00113               0.00132 
             -0.00128               0.00118               0.13074 
             -0.00028               0.00074               0.23660 
              0.00008               0.00005               0.06593 
             -0.00011              -0.00005              -0.15188 
             -0.00027              -0.00126              -0.25168 
              0.00144              -0.00129              -0.22158 
              0.00211               0.00028              -0.08820 
              0.00015              -0.00003               0.10047 
              0.00004               0.00008               0.19199 
              0.00047              -0.00012               0.02610 
              0.00009              -0.00041              -0.09728 
             -0.00021              -0.00068              -0.18621 
             -0.00023              -0.00010              -0.12807 
              0.00032               0.00018               0.11191 
             -0.00026              -0.00011               0.13017 
             -0.00013              -0.00043               0.16857 
             -0.00071              -0.00157               0.04240 
             -0.00024              -0.00212              -0.16756 
             -0.00006               0.00083               0.06045 
              0.00004               0.00034               0.06393 
              0.00043              -0.00009               0.21477 
             -0.00003               0.00006               0.15043 
             -0.00008               0.00127               0.00240 
             -0.00053               0.00084              -0.19758 
             -0.00088               0.00384              -0.20737 
             -0.00017               0.00175              -0.04980 
              0.00035              -0.00114               0.11321 
             -0.00013               0.00079               0.14581 
             -0.00093               0.00367               0.07536 
             -0.00025               0.00278              -0.02385 
             -0.00206              -0.00008              -0.11804 
             -0.00202              -0.00235               0.06334 
             -0.00039              -0.00009               0.10068 
              0.00339               0.00189               0.41860 
              0.00312               0.00461               0.17375 
             -0.00036               0.00095               0.26193 
             -0.00140              -0.00054              -0.17734 
             -0.00028              -0.00197              -0.06763 
             -0.00059              -0.00510              -0.00161 
              0.00273              -0.00426               0.10786 
              0.00240               0.00158               0.27652 
             -0.00257               0.00171               0.13482 
             -0.00432               0.00115               0.12100 
             -0.00077              -0.00050              -0.13783 
              0.00358               0.00109              -0.22364 
             -0.00184               0.00656              -0.00699 
             -0.00260               0.00382               0.02848 
              0.00003              -0.00223               0.14916 
              0.00236              -0.00048               0.16467 
              0.00377               0.00247               0.00657 
              0.00178               0.00174              -0.00472 
              0.00387              -0.00029              -0.06790 
              0.00520              -0.00083              -0.06459 
              0.00261              -0.00278               0.10031 
             -0.00142              -0.00194              -0.03451 
             -0.00096               0.00137               0.07297 
             -0.00146               0.00521              -0.02703 
             -0.00451               0.00535              -0.07941 
             -0.00478              -0.00067               0.04249 
              0.00337               0.00100              -0.10331 
              0.00488               0.00549               0.11629 
             -0.00112               0.00173              -0.12135 
             -0.00568               0.00143               0.10090 
             -0.00201              -0.00038              -0.05321 
              0.00233               0.00240               0.02555 
             -0.00164               0.00406               0.02915 
             -0.00125              -0.00969              -0.15794 
              0.00082              -0.01937               0.08701 
             -0.00316              -0.00537              -0.16408 
             -0.00747               0.00864              -0.02433 
             -0.00468              -0.00185              -0.02601 
              0.00451              -0.00876              -0.12895 
              0.00634              -0.00357               0.02952 
              0.00045               0.00204              -0.09331 
              0.00039               0.00293              -0.06140 
              0.00273               0.00050               0.08439 
              0.00259               0.00356              -0.04883 
             -0.00130              -0.00114               0.07043 
              0.00150              -0.00396              -0.09174 
              0.00225               0.00305               0.01604 
             -0.00493               0.00444              -0.04124 
             -0.00621              -0.00458               0.01371 
             -0.00151              -0.00410               0.11624 
              0.00152               0.00223              -0.10667 
             -0.00178               0.00351               0.02199 
             -0.00136               0.00375              -0.29256 
              0.00071               0.00377              -0.07303 
             -0.00136               0.00441              -0.09853 
             -0.00442               0.00148              -0.00593 
             -0.00086              -0.00461               0.18109 
              0.00505              -0.00314              -0.06281 
              0.00648              -0.00026              -0.03382 
              0.00311              -0.01111              -0.06389 
              0.00200              -0.00781              -0.02921 
              0.00139              -0.00032               0.03399 
              0.00091              -0.00174               0.09597 
             -0.00021               0.00249              -0.00271 
             -0.00052               0.00450               0.01994 
              0.00112               0.00387              -0.07047 
             -0.00493               0.00084              -0.16851 
             -0.00520               0.00005               0.02761 
             -0.00250               0.00189              -0.14767 
             -0.00044              -0.00263               0.00807 
             -0.00002              -0.00327              -0.01509 
             -0.00058               0.00856              -0.10703 
              0.00084               0.00523               0.05339 
             -0.00266              -0.00179              -0.05811 
             -0.00397               0.00261               0.15765 
              0.00271               0.00327               0.06527 
              0.00401              -0.00055               0.05613 
              0.00162              -0.00237               0.13985 
             -0.00100               0.00072              -0.11922 
              0.00187               0.00129               0.12608 
              0.00113              -0.00386              -0.08817 
              0.00178              -0.00134               0.07217 
              0.00117              -0.00016               0.12585 
             -0.00216              -0.00529              -0.03961 
             -0.00218              -0.00425               0.10293 
             -0.00247              -0.00204              -0.05311 
              0.00091              -0.00234              -0.07065 
              0.00004              -0.00072               0.12101 
             -0.00117              -0.00269              -0.05228 
              0.00047               0.00069               0.09207 
              0.00343               0.00220               0.06027 
              0.00347               0.00084              -0.10179 
             -0.00095              -0.00034               0.15429 
             -0.00519               0.00513              -0.02963 
             -0.00486               0.00350               0.16731 
              0.00178              -0.00538               0.12846 
              0.00776              -0.00480               0.04342 
              0.00752              -0.00434               0.10788 
              0.00160              -0.00218              -0.07013 
             -0.00431              -0.00369               0.02650 
             -0.00352              -0.00053              -0.01707 
              0.00500              -0.00081              -0.05038 
              0.01223              -0.00201               0.03144 
              0.00517               0.00774              -0.10608 
             -0.00226               0.01247               0.00551 
              0.00022               0.00605              -0.03000 
              0.00160              -0.00134              -0.14395 
              0.00297               0.00057               0.17038 
              0.00261               0.00024              -0.18346 
              0.00074              -0.00164               0.18853 
              0.00132               0.00045              -0.01594 
              0.00211              -0.00058              -0.13358 
              0.00523              -0.00634               0.27811 
             -0.00147              -0.00383              -0.34714 
             -0.00928               0.00105               0.26396 
             -0.00616               0.00009              -0.19144 
              0.00165              -0.00018              -0.08305 
              0.00563              -0.00030               0.19719 
             -0.00014               0.00466              -0.30845 
              0.00456              -0.00134               0.24081 
             -0.00179              -0.00588              -0.22303 
             -0.00418               0.00029              -0.04931 
              0.00239               0.00468               0.01239 
              0.00721              -0.00022              -0.03156 
              0.00073              -0.00285               0.08260 
             -0.00646              -0.00147              -0.01132 
             -0.00534              -0.00165              -0.08052 
             -0.00239               0.00043              -0.02240 
              0.00120               0.00248              -0.14511 
             -0.00033               0.00548               0.08734 
              0.00017               0.00280               0.00552 
             -0.00511              -0.00618               0.07934 
             -0.00814              -0.00382              -0.01142 
              0.00192              -0.00318              -0.17125 
              0.00208               0.00483              -0.06678 
              0.00538              -0.00075              -0.11640 
              0.01105              -0.00427              -0.09254 
              0.00340              -0.00183               0.08372 
             -0.00226               0.00188              -0.03669 
             -0.00206               0.00347              -0.02441 
              0.00241               0.00355               0.06673 
              0.00433               0.00181              -0.19358 
              0.00466               0.00107               0.08370 
              0.00509              -0.00107              -0.07631 
              0.00420              -0.00087              -0.00204 
              0.00741              -0.00857               0.13278 
             -0.00215              -0.00660              -0.08628 
             -0.00774               0.00030               0.00706 
             -0.00122               0.00075              -0.11764 
              0.00044              -0.00245              -0.13442 
              0.00100              -0.00312              -0.01994 
             -0.00890               0.00095              -0.04784 
             -0.01034               0.00512               0.03467 
             -0.00559               0.00147               0.01827 
             -0.00262               0.00071              -0.06760 
             -0.00334              -0.00150               0.12141 
              0.00070              -0.00740              -0.03916 
              0.00144              -0.00468               0.15734 
              0.00219              -0.00031               0.12518 
              0.00555              -0.00019              -0.04455 
              0.00712              -0.00222               0.10397 
             -0.00124              -0.00360              -0.25340 
              0.00288               0.00338               0.09859 
              0.00882              -0.00110              -0.08156 
             -0.00234              -0.00506               0.02454 
             -0.00272               0.00591               0.21651 
              0.00471               0.00728              -0.11239 
             -0.00736              -0.00064               0.26869 
             -0.00421              -0.00383               0.03678 
              0.00021               0.00204               0.02637 
              0.00381               0.00220               0.00121 
              0.00266              -0.00702              -0.14183 
             -0.00031              -0.00671               0.05606 
              0.00133               0.00146               0.03776 
             -0.00283              -0.00208               0.17494 
             -0.00529              -0.00620               0.25200 
              0.00127               0.00228              -0.03288 
              0.00187               0.00496               0.06742 
             -0.00359               0.00020              -0.17216 
              0.00069               0.00468               0.02199 
              0.00189               0.01637               0.16537 
              0.00484               0.00699               0.09170 
             -0.00262              -0.00476               0.29129 
             -0.00744              -0.00381              -0.17788 
             -0.00237              -0.00131              -0.10543 
              0.00506               0.00042              -0.15076 
              0.00090              -0.00196              -0.20213 
              0.00124              -0.00393               0.27504 
             -0.00032               0.00211              -0.04837 
             -0.00069              -0.00313               0.13389 
             -0.00165              -0.00910              -0.00268 
             -0.00152              -0.00431              -0.22798 
              0.00535               0.00338               0.24746 
              0.00370               0.00373              -0.13322 
             -0.00227              -0.00016               0.34561 
             -0.00272               0.00009              -0.01878 
             -0.00714               0.00050              -0.01735 
             -0.00250               0.00770              -0.03628 
              0.00103               0.00734              -0.25154 
             -0.00271              -0.00327              -0.03604 
             -0.00071              -0.00814              -0.13118 
             -0.00343              -0.00271              -0.02296 
             -0.00867              -0.00065               0.02056 
             -0.00380              -0.00230               0.00082 
              0.00738               0.00114              -0.06112 
              0.00479               0.00088              -0.08401 
             -0.00209              -0.00507              -0.12484 
              0.00212              -0.00304              -0.02388 
              0.00525               0.00772               0.10534 
              0.00354               0.00708               0.01113 
             -0.00011              -0.00395               0.24285 
              0.00363              -0.00632              -0.15929 
              0.00307               0.00060               0.05367 
             -0.00003               0.00032              -0.18650 
             -0.00057              -0.00090              -0.21791 
             -0.00238               0.00071               0.26712 
             -0.00631               0.00170              -0.24714 
             -0.01611              -0.00303               0.29990 
             -0.00929              -0.00393              -0.16133 
              0.00084               0.00125              -0.12450 
              0.00402               0.00640               0.15143 
              0.00060               0.00356              -0.27757 
             -0.00248               0.00016               0.23719 
             -0.00186               0.00125              -0.08816 
             -0.00108               0.00177               0.04343 
              0.00052              -0.00198               0.05488 
              0.01114              -0.00280              -0.14969 
              0.02036               0.00141              -0.01865 
              0.00583               0.00163              -0.04905 
             -0.00857               0.00130               0.19291 
             -0.00691               0.00075               0.01228 
              0.00012              -0.00086               0.13890 
             -0.00319              -0.00137              -0.03810 
             -0.00310               0.00170              -0.15319 
             -0.00090               0.00385              -0.01058 
             -0.00947              -0.00160              -0.07129 
             -0.01443              -0.00766               0.32352 
             -0.00110              -0.01177               0.01670 
              0.01634              -0.00874               0.13113 
              0.00772              -0.00333               0.00082 
             -0.00050               0.00358              -0.08655 
              0.00027               0.00138               0.06822 
             -0.00266               0.00153               0.03967 
              0.00132               0.00411               0.24182 
              0.00758               0.00187              -0.14369 
              0.01219               0.00168               0.06258 
              0.00030               0.00728              -0.26655 
             -0.01526               0.01054               0.07776 
             -0.00968               0.00482               0.20093 
             -0.00332              -0.00097               0.02869 
              0.00399              -0.00478               0.38806 
              0.00713               0.00409              -0.07641 
              0.00083               0.00751              -0.04749 
             -0.00282               0.00089              -0.10702 
             -0.00270              -0.00119              -0.20042 
             -0.00073              -0.00449               0.24745 
             -0.00075              -0.00231              -0.01609 
              0.00493              -0.00001               0.18634 
              0.00894               0.00487              -0.01616 
             -0.00364               0.00827              -0.22184 
             -0.01055              -0.00012              -0.08837 
             -0.00094              -0.00293              -0.19692 
              0.00005               0.00327               0.20728 
              0.00170               0.00394              -0.05028 
              0.00285              -0.00347               0.15037 
             -0.00090              -0.00394              -0.07088 
             -0.00177              -0.00502              -0.21885 
             -0.00429              -0.00634               0.02904 
              0.00468              -0.00154              -0.20337 
              0.01494              -0.00048               0.29677 
              0.01185              -0.00240               0.04753 
              0.00259              -0.00677               0.06890 
             -0.00486               0.00022              -0.04917 
             -0.00298               0.00922              -0.21656 
              0.00208               0.00144              -0.16142 
              0.01077               0.00144              -0.11131 
              0.00511               0.00516               0.15112 
             -0.00112              -0.00094               0.04401 
             -0.01430              -0.00129               0.00906 
             -0.01769              -0.00095              -0.02803 
             -0.00087               0.00108              -0.21410 
              0.00265               0.00008              -0.13101 
              0.00127              -0.00559               0.00231 
             -0.00191              -0.00409              -0.00927 
             -0.00525               0.00151               0.16101 
             -0.00122              -0.00821              -0.01450 
              0.00187              -0.00146              -0.02929 
              0.00971               0.00802              -0.12243 
              0.00606               0.00105              -0.11416 
             -0.00039               0.00047              -0.09805 
             -0.00526               0.00295               0.15190 
             -0.00357               0.00621              -0.02295 
              0.00335              -0.00239               0.12350 
              0.00391              -0.01514              -0.13219 
              0.00188               0.00390              -0.14602 
             -0.00120               0.00497              -0.17381 
             -0.00842              -0.00865              -0.08552 
             -0.00886              -0.00408               0.07211 
              0.00024               0.00168               0.01416 
              0.00995              -0.00308               0.19813 
              0.00463              -0.01327              -0.16749 
             -0.00102              -0.01016               0.07812 
             -0.00017               0.00505              -0.17332 
             -0.00032               0.00906              -0.07472 
              0.00247               0.00324               0.27037 
              0.00466              -0.00026              -0.15385 
              0.00438               0.00824               0.35520 
              0.00103               0.00488              -0.15803 
             -0.00367               0.00031              -0.15875 
             -0.00413               0.00242               0.11923 
              0.00081               0.00542              -0.26604 
             -0.00422               0.00532               0.38877 
             -0.00725              -0.00192              -0.02149 
             -0.00104              -0.00769               0.07418 
             -0.00051              -0.00657               0.04990 
             -0.00378               0.00143              -0.28434 
             -0.00067               0.00217               0.12164 
              0.00744              -0.00498              -0.10433 
              0.01115              -0.01098               0.32825 
              0.00289              -0.00251               0.29192 
             -0.00325               0.00090              -0.05075 
             -0.00311              -0.00185               0.17253 
              0.00113              -0.00235              -0.23574 
              0.00383               0.00280               0.03858 
              0.00920              -0.00230               0.08793 
              0.00941              -0.00822               0.02458 
             -0.00571              -0.00956               0.36141 
             -0.00861              -0.00083              -0.19712 
             -0.00208              -0.00122              -0.04059 
              0.00476              -0.00262              -0.14002 
              0.00661              -0.00488              -0.08670 
              0.00129               0.00181               0.02034 
             -0.00083               0.00624               0.09458 
              0.00172               0.00652               0.07294 
              0.00220              -0.00014              -0.00931 
             -0.00211              -0.00517              -0.09839 
              0.00007               0.00602              -0.16082 
              0.00170               0.00491               0.16792 
             -0.00322              -0.00023              -0.06851 
             -0.00600               0.00060               0.21629 
             -0.00312               0.00064               0.00223 
              0.00071              -0.01141              -0.21336 
             -0.00021              -0.01827               0.13706 
             -0.00006               0.00265              -0.34903 
              0.00418               0.00508               0.16808 
              0.00145              -0.00275              -0.12313 
             -0.00228              -0.00169              -0.12051 
              0.00139               0.00196               0.20128 
              0.00461              -0.00685              -0.37045 
              0.00252              -0.00519               0.23364 
             -0.00325               0.01468              -0.30253 
