             -0.00005               0.00055              -0.05760 
              0.00016              -0.00013               0.08391 
             -0.00024               0.00090              -0.08001 
             -0.00015              -0.00008              -0.20381 
              0.00002               0.00021              -0.10947 
             -0.00005               0.00007               0.05883 
              0.00009               0.00059              -0.03315 
              0.00045               0.00025              -0.20119 
              0.00034               0.00015              -0.16880 
             -0.00004               0.00006               0.06752 
              0.00013               0.00011               0.02466 
             -0.00007               0.00032              -0.22783 
             -0.00021               0.00039              -0.19438 
             -0.00015               0.00022               0.11221 
              0.00011               0.00005               0.05008 
             -0.00004               0.00051              -0.25382 
             -0.00003               0.00029              -0.17117 
              0.00034              -0.00013               0.14383 
             -0.00020               0.00057               0.02222 
             -0.00020               0.00040              -0.25436 
             -0.00020               0.00003              -0.13733 
              0.00011               0.00011               0.09448 
             -0.00036               0.00020              -0.02353 
              0.00048               0.00010              -0.22706 
              0.00033               0.00018              -0.18206 
              0.00015               0.00010              -0.05237 
             -0.00020               0.00021               0.00992 
              0.00036              -0.00018              -0.03988 
             -0.00066               0.00022              -0.09309 
              0.00002               0.00025              -0.04784 
             -0.00016               0.00016              -0.09507 
              0.00028              -0.00018              -0.10018 
             -0.00044               0.00004              -0.02162 
              0.00047              -0.00033              -0.03518 
             -0.00008               0.00013              -0.08935 
             -0.00016              -0.00006              -0.10953 
             -0.00012               0.00003               0.04902 
             -0.00041               0.00001               0.17596 
              0.00109               0.00047               0.00183 
              0.00023              -0.00015              -0.19998 
             -0.00027               0.00001              -0.12471 
              0.00148              -0.00002               0.02143 
              0.40713               0.05030               0.94647 
              0.09683               0.07606               0.60226 
             -0.05056               0.04755              -0.27150 
             -0.00200               0.00547              -0.10604 
              0.03198               0.01994              -0.16427 
             -0.10609              -0.00163               0.00452 
              0.14381              -0.00312               0.01012 
             -0.01084              -0.00842              -0.12068 
              0.00355               0.01093              -0.10359 
              0.00535              -0.03667              -0.05686 
              0.01255              -0.00652              -0.09855 
              0.01678              -0.01678              -0.08479 
              0.00325              -0.00325              -0.07606 
              0.01802              -0.01802              -0.06335 
              0.00895              -0.00895              -0.06642 
              0.00450              -0.01200              -0.08212 
              0.00298               0.17349               0.06356 
              0.00268               0.00557              -0.08587 
              0.00329              -0.18307               0.06613 
              0.00544              -0.00478              -0.07081 
              0.01153              -0.01153              -0.06469 
              0.01797              -0.01797              -0.06649 
              0.00169              -0.00169              -0.07661 
              0.01848              -0.01848              -0.08895 
              0.01417              -0.00365              -0.08967 
              0.00385              -0.00478              -0.08252 
              0.00212              -0.00304              -0.08117 
              0.00263              -0.00263              -0.08037 
              0.00313              -0.00313              -0.08098 
              0.00500              -0.00500              -0.08306 
              0.01036              -0.01036              -0.08758 
              0.01854              -0.01854              -0.08823 
              0.00121              -0.00121              -0.07652 
              0.01841              -0.01841              -0.06545 
              0.01085              -0.01085              -0.06510 
              0.00519              -0.00519              -0.06975 
              0.00320              -0.00320              -0.07193 
              0.00267              -0.00267              -0.07258 
              0.00304              -0.00304              -0.07213 
              0.00469              -0.00469              -0.07027 
              0.00948              -0.00948              -0.06603 
              0.01837              -0.01837              -0.06378 
              0.00210              -0.00210              -0.07631 
              0.01766              -0.01766              -0.08598 
              0.01185              -0.01185              -0.08850 
              0.00557              -0.00557              -0.08363 
              0.00333              -0.00333              -0.08122 
              0.00269              -0.00269              -0.08044 
              0.00295              -0.00295              -0.08077 
              0.00440              -0.00440              -0.08243 
              0.00868              -0.00868              -0.08637 
              0.01777              -0.01777              -0.08981 
              0.00403              -0.00403              -0.07714 
              0.01536              -0.01712              -0.06922 
              0.01293              -0.01293              -0.06394 
              0.00596              -0.00596              -0.06899 
             -0.04873              -0.00286              -0.02705 
             -0.13321              -0.01388               0.05101 
              0.03345              -0.01619              -0.11212 
              0.00817              -0.00118              -0.08902 
              0.00670              -0.00118              -0.08706 
              0.01232              -0.00112              -0.09370 
             -0.02908              -0.00079              -0.04955 
              0.01199              -0.00102              -0.08895 
              0.01058              -0.00114              -0.09206 
              0.00890              -0.00079              -0.09024 
              0.01851              -0.00034              -0.09895 
             -0.13170               0.00000               0.02866 
              0.01370               0.00000              -0.09532 
              0.00333               0.00007              -0.08223 
              0.00025               0.00051              -0.07674 
             -0.00000               0.00076              -0.07618 
              0.00025               0.00084              -0.07601 
              0.00093               0.00086              -0.07589 
              0.00117               0.00091              -0.07628 
              0.01011               0.02073              -0.07013 
              0.00035               0.00117              -0.07666 
              0.00015               0.00103              -0.07686 
              0.00009               0.00041              -0.07682 
              0.00006              -0.00000              -0.07655 
              0.00001              -0.00000              -0.07651 
              0.00000              -0.00000              -0.07650 
             -0.00000              -0.00000              -0.07650 
              0.00000              -0.00000              -0.07650 
             -0.00000              -0.00000              -0.07650 
              0.00000              -0.00000              -0.07650 
              0.00000              -0.00000              -0.07650 
              0.00000               0.00000              -0.07650 
              0.00000              -0.00000              -0.07650 
             -0.00000              -0.00000              -0.07650 
             -0.00000               0.00000              -0.07650 
             -0.00000               0.00000              -0.07650 
              0.00000               0.00000              -0.07650 
              0.00000              -0.00000              -0.07650 
             -0.00000               0.00000              -0.07650 
              0.00000              -0.00000              -0.07650 
             -0.00000              -0.00000              -0.07650 
              0.00000               0.00000              -0.07650 
             -0.00000               0.00000              -0.07650 
              0.00000               0.00000              -0.07650 
              0.00000               0.00000              -0.07650 
              0.00000               0.00000              -0.07650 
              0.00000              -0.00000              -0.07650 
             -0.00000              -0.00000              -0.07650 
              0.00000               0.00000              -0.07650 
              0.00000              -0.00000              -0.07650 
             -0.00000               0.00000              -0.07650 
              0.00000              -0.00000              -0.07650 
              0.00000               0.00000              -0.07650 
              0.00000               0.00000              -0.07650 
              0.00000               0.00000              -0.07650 
              0.00000              -0.00000              -0.07650 
             -0.00000              -0.00000              -0.07650 
              0.00000              -0.00000              -0.07650 
              0.00000              -0.00000              -0.07650 
              0.00000              -0.00000              -0.07650 
              0.00000               0.00000              -0.07650 
              0.00000              -0.00000              -0.07650 
             -0.00000               0.00000              -0.07650 
              0.00000               0.00000              -0.07650 
             -0.00046               0.00000              -0.07677 
             -0.00111               0.00000              -0.07668 
             -0.00112              -0.00076              -0.07665 
             -0.00084              -0.00115              -0.07605 
             -0.00049              -0.00029              -0.07602 
             -0.00014               0.00000              -0.07640 
              0.00000              -0.00000              -0.07650 
              0.00000               0.00000              -0.07650 
              0.00000              -0.00000              -0.07650 
              0.00000               0.00000              -0.07650 
             -0.00000              -0.00000              -0.07650 
              0.00000              -0.00000              -0.07650 
              0.00000              -0.00000              -0.07650 
             -0.00000               0.00000              -0.07650 
             -0.00000               0.00000              -0.07650 
             -0.00000               0.00000              -0.07650 
             -0.00000               0.00000              -0.07650 
             -0.00000               0.00000              -0.07650 
             -0.00000              -0.00000              -0.07650 
             -0.00000               0.00000              -0.07650 
             -0.00000               0.00000              -0.07650 
             -0.00000              -0.00000              -0.07650 
              0.00000               0.00000              -0.07650 
              0.00022              -0.01183              -0.09561 
              0.00117              -0.21141               0.36086 
             -0.00000               0.00115              -0.08995 
              0.00000               0.00000              -0.07650 
              0.00000               0.00000              -0.07650 
              0.00000               0.00000              -0.07650 
              0.00000               0.00000              -0.07650 
             -0.00000               0.00000              -0.07650 
              0.00000               0.00000              -0.07650 
              0.00000               0.00000              -0.07650 
             -0.00067               0.00000              -0.07618 
             -0.00087               0.00000              -0.07681 
              0.00000              -0.00000              -0.07650 
              0.00000               0.00000              -0.07650 
              0.00000               0.00000              -0.07650 
              0.00000              -0.00018              -0.07637 
              0.00000              -0.00107              -0.07628 
              0.00000              -0.00092              -0.07680 
              0.00000               0.00000              -0.07650 
              0.00000              -0.00000              -0.07650 
              0.00000               0.00000              -0.07650 
              0.00000               0.00000              -0.07650 
              0.00000               0.00000              -0.07650 
              0.00000               0.00000              -0.07650 
              0.00000               0.00000              -0.07650 
             -0.00000               0.00000              -0.07650 
             -0.00000               0.00000              -0.07650 
              0.00000              -0.00000              -0.07650 
              0.00000               0.00000              -0.07650 
              0.00000               0.00000              -0.07650 
             -0.00000               0.00000              -0.07650 
              0.00000               0.00000              -0.07650 
              0.00000               0.00000              -0.07650 
              0.00000               0.00000              -0.07650 
              0.00000               0.00000              -0.07650 
              0.00000               0.00000              -0.07650 
             -0.00000               0.00000              -0.07650 
              0.00000               0.00000              -0.07650 
              0.00000               0.00000              -0.07650 
              0.00000               0.00000              -0.07650 
              0.00000               0.00000              -0.07650 
              0.00000               0.00000              -0.07650 
             -0.00172               0.00060              -0.07501 
              0.00000               0.00000              -0.07650 
             -0.00000               0.00000              -0.07650 
              0.00000               0.00000              -0.07650 
             -0.00000              -0.00000              -0.07650 
              0.00000              -0.00000              -0.07650 
              0.00000               0.00000              -0.07650 
              0.00000               0.00000              -0.07650 
              0.00000               0.00000              -0.07650 
             -0.00000               0.00000              -0.07650 
             -0.00000               0.00000              -0.07650 
              0.00000               0.00000              -0.07650 
              0.00000               0.00000              -0.07650 
              0.00000              -0.00000              -0.07650 
              0.00000              -0.00000              -0.07650 
              0.00000               0.00000              -0.07650 
              0.00000               0.00000              -0.07650 
              0.00000               0.00000              -0.07650 
             -0.00000               0.00000              -0.07650 
              0.00000               0.00000              -0.07650 
              0.00000               0.00000              -0.07650 
             -0.00000               0.00000              -0.07650 
              0.00000               0.00000              -0.07650 
              0.00000               0.00000              -0.07650 
             -0.00000               0.00000              -0.07650 
              0.00000               0.00000              -0.07650 
              0.00000               0.00000              -0.07650 
              0.00000              -0.00000              -0.07650 
              0.00000               0.00000              -0.07650 
              0.00000               0.00000              -0.07650 
              0.00000               0.00000              -0.07650 
              0.00000               0.00000              -0.07650 
             -0.00000               0.00000              -0.07650 
              0.00000              -0.00000              -0.07650 
              0.00000              -0.00000              -0.07650 
             -0.00000               0.00000              -0.07650 
              0.00000              -0.00000              -0.07650 
              0.00000               0.00000              -0.07650 
              0.00000               0.00000              -0.07650 
              0.00000               0.00000              -0.07650 
              0.00000              -0.00000              -0.07650 
              0.00000               0.00000              -0.07650 
              0.00000               0.00000              -0.07650 
              0.00000               0.00000              -0.07650 
              0.00000               0.00000              -0.07650 
              0.00000               0.00000              -0.07650 
              0.00000               0.00000              -0.07650 
              0.00000               0.00000              -0.07650 
              0.00000               0.00000              -0.07650 
              0.00000               0.00000              -0.07650 
              0.00000              -0.00000              -0.07650 
              0.00000               0.00000              -0.07650 
              0.00000               0.00000              -0.07650 
             -0.00000              -0.00000              -0.07650 
              0.00000               0.00000              -0.07650 
              0.00000               0.00000              -0.07650 
              0.00000               0.00000              -0.07650 
              0.00000               0.00000              -0.07650 
              0.00000               0.00000              -0.07650 
              0.00000               0.00000              -0.07650 
              0.00000               0.00000              -0.07650 
              0.00000               0.00000              -0.07650 
              0.00000               0.00000              -0.07650 
              0.00000               0.00000              -0.07650 
              0.00000               0.00000              -0.07650 
             -0.00000               0.00000              -0.07650 
              0.00000               0.00000              -0.07650 
              0.00000               0.00000              -0.07650 
              0.00000               0.00000              -0.07650 
              0.00000               0.00000              -0.07650 
              0.00000              -0.00007              -0.07665 
              0.00000              -0.01490              -0.09648 
              0.00000               0.15184               0.04262 
             -0.00000              -0.00400              -0.08329 
              0.00000               0.00000              -0.07650 
              0.00000               0.00000              -0.07650 
              0.00000               0.00000              -0.07650 
              0.00000               0.00000              -0.07650 
              0.00000               0.00000              -0.07650 
              0.00000               0.00000              -0.07650 
              0.00000              -0.00000              -0.07650 
              0.00000               0.00000              -0.07650 
              0.00000               0.00000              -0.07650 
              0.00000               0.00000              -0.07650 
             -0.00000              -0.00000              -0.07650 
              0.00000               0.00000              -0.07650 
              0.00000               0.00000              -0.07650 
             -0.00000              -0.00000              -0.07650 
              0.00000               0.00000              -0.07650 
              0.00000              -0.00000              -0.07650 
             -0.00000               0.00000              -0.07650 
             -0.00000               0.00000              -0.07650 
             -0.00000              -0.00000              -0.07650 
              0.00000               0.00000              -0.07650 
              0.00000              -0.00000              -0.07650 
              0.00000              -2.36055               0.91378 
              0.00000               0.00000              -0.07650 
              0.00000               0.00000              -0.07650 
             -0.00000               0.00000              -0.07650 
              0.00000              -0.00000              -0.07650 
              0.00000               0.00000              -0.07650 
             -0.01378              -0.00000              -0.05760 
              0.00000               0.00000              -0.07650 
              0.00000              -0.00000              -0.07650 
             -0.00000               0.00000              -0.07650 
              0.00000               0.00000              -0.07650 
              0.00000              -0.00000              -0.07650 
              0.00000               0.00000              -0.07650 
              0.00000               0.00000              -0.07650 
              0.00000              -0.00000              -0.07650 
              0.00000              -0.00000              -0.07650 
              0.00000               0.00000              -0.07650 
             -0.00000              -0.00000              -0.07650 
              0.00000               0.00000              -0.07650 
              0.00000               0.00000              -0.07650 
             -0.00028               0.00000              -0.07669 
             -0.00079               0.00000              -0.07618 
              0.00000               0.00000              -0.07650 
              0.00000               0.00000              -0.07650 
              0.00000               0.00000              -0.07650 
              0.00000               0.00000              -0.07650 
              0.00000               0.00000              -0.07650 
              0.00000               0.00000              -0.07650 
              0.00000               0.00000              -0.07650 
             -0.00000               0.00000              -0.07650 
              0.00000               0.00000              -0.07650 
             -0.00000               0.00000              -0.07650 
              0.00000              -0.00000              -0.07650 
              0.00000               0.00131              -0.07898 
              0.00000              -0.01936              -0.05836 
              0.00000               0.00000              -0.07650 
              0.00000               0.00000              -0.07650 
              0.00000               0.00000              -0.07650 
              0.00000               0.00000              -0.07650 
              0.00000               0.00000              -0.07650 
              0.00000               0.00000              -0.07650 
              0.00000               0.00000              -0.07650 
              0.00000               0.00000              -0.07650 
              0.00000               0.00000              -0.07650 
              0.00000               0.00000              -0.07650 
              0.00000               0.00000              -0.07650 
             -0.00023               0.00000              -0.07634 
             -0.00081               0.00000              -0.07682 
              0.00086               0.00000              -0.07681 
              0.00000               0.00000              -0.07650 
              0.00000               0.00000              -0.07650 
              0.00000              -0.00000              -0.07650 
              0.00000               0.00000              -0.07650 
              0.00000               0.00000              -0.07650 
              0.00000               0.00000              -0.07650 
              0.00000               0.00000              -0.07650 
              0.00000               0.00000              -0.07650 
              0.00000               0.00000              -0.07650 
              0.00000               0.00000              -0.07650 
              0.00000               0.00000              -0.07650 
              0.00000               0.00000              -0.07650 
              0.00000               0.00000              -0.07650 
              0.00000               0.00000              -0.07650 
              0.00000               0.00000              -0.07650 
              0.00000               0.00000              -0.07650 
              0.00000               0.00000              -0.07650 
             -0.00860               0.00000              -0.08954 
             -0.01805               0.00000              -0.09882 
              0.00000               0.00000              -0.07650 
              0.00000               0.00000              -0.07650 
              0.00000               0.00000              -0.07650 
              0.00000               0.00000              -0.07650 
              0.00000               0.00000              -0.07650 
              0.00000               0.00000              -0.07650 
              0.00000               0.00000              -0.07650 
              0.00000               0.00000              -0.07650 
              0.00000               0.00000              -0.07650 
              0.00000               0.00000              -0.07650 
