             -0.00061              -0.00002              -0.08118 
              0.00018               0.00037               0.00153 
             -0.00062               0.00150               0.33942 
              0.00005               0.00090               0.09375 
              0.00050               0.00047               0.01883 
             -0.00013              -0.00015              -0.17583 
             -0.00023              -0.00052              -0.28756 
             -0.00130               0.00061              -0.07503 
             -0.00077               0.00068              -0.00037 
              0.00049               0.00056               0.27267 
              0.00019               0.00017               0.16616 
              0.00030              -0.00002              -0.00449 
              0.00002               0.00002              -0.14708 
              0.00011               0.00021              -0.25787 
              0.00041               0.00095              -0.15130 
             -0.00028               0.00069               0.03627 
             -0.00027               0.00033               0.20870 
              0.00028              -0.00008               0.20579 
              0.00126              -0.00015               0.01976 
             -0.00124               0.00025              -0.14448 
             -0.00006               0.00063              -0.24137 
             -0.00037               0.00040              -0.15906 
              0.00068               0.00002              -0.03182 
              0.00052              -0.00015               0.24106 
              0.00025              -0.00018               0.17641 
             -0.00040               0.00035               0.07354 
             -0.00062               0.00044              -0.12688 
             -0.00073               0.00032              -0.27514 
              0.00143              -0.00011              -0.13393 
              0.00079               0.00029              -0.10287 
             -0.00002               0.00030               0.21615 
              0.00083               0.00073               0.22374 
              0.00035               0.00074               0.00472 
             -0.00045               0.00068              -0.03509 
              0.00144               0.00009              -0.36729 
              0.00049              -0.00010              -0.15916 
             -0.00132               0.00093              -0.19025 
             -0.00096               0.00083               0.13398 
             -0.00020               0.00038               0.26459 
              0.00033              -0.00002               0.15708 
              0.00058              -0.00050               0.19200 
              0.00069              -0.00033              -0.16513 
              0.00007              -0.00004              -0.02411 
             -0.00104               0.00082               0.04925 
             -0.00080               0.00120               0.17445 
             -0.00050               0.00027               0.26773 
              0.00047              -0.00072               0.00947 
              0.00142               0.00038              -0.12702 
             -0.00176               0.00112              -0.35434 
             -0.00068               0.00071              -0.26005 
             -0.00007               0.00029              -0.18226 
              0.00009              -0.00040               0.03754 
              0.00044              -0.00031               0.24890 
             -0.00001              -0.00004               0.07187 
             -0.00118               0.00102               0.10722 
             -0.00084               0.00073               0.06624 
              0.00030               0.00109              -0.03115 
              0.00073              -0.00003               0.14644 
              0.00001              -0.00131              -0.04199 
              0.00038              -0.00115               0.14790 
              0.00006               0.00063              -0.09111 
              0.00055               0.00165               0.15109 
             -0.00213               0.00091               0.00168 
             -0.00208               0.00152               0.05495 
             -0.00013               0.00001              -0.00437 
              0.00255              -0.00043              -0.10590 
              0.00147               0.00046               0.17142 
             -0.00006               0.00057               0.04737 
             -0.00058               0.00088               0.24712 
             -0.00126              -0.00030               0.11087 
             -0.00065               0.00026              -0.13658 
              0.00024               0.00028               0.02553 
             -0.00030               0.00303              -0.18427 
             -0.00391               0.00282              -0.01382 
             -0.00356               0.00060               0.09340 
             -0.00077              -0.00039               0.20599 
              0.00277              -0.00079               0.28244 
              0.00058               0.00020               0.05616 
              0.00019              -0.00019               0.11522 
             -0.00026               0.00048              -0.18369 
             -0.00227              -0.00351               0.00434 
             -0.00232              -0.00746              -0.11410 
             -0.00024              -0.00088              -0.09309 
              0.00195               0.00076              -0.05561 
             -0.00411               0.00094              -0.08413 
             -0.00884               0.00037               0.21092 
             -0.00032               0.00061              -0.03031 
              0.00204               0.00068               0.24770 
              0.00099               0.00118              -0.01309 
             -0.00154               0.00248              -0.00117 
              0.00033               0.00033               0.05408 
              0.00528               0.00104              -0.17949 
              0.00261               0.00041               0.28297 
             -0.00231               0.00188              -0.19012 
             -0.00294               0.00027               0.17087 
             -0.00201               0.00091              -0.14435 
             -0.00363              -0.00094              -0.18128 
              0.00082              -0.00206              -0.06642 
              0.00321              -0.00060              -0.28188 
             -0.00072              -0.00172               0.13932 
             -0.00671               0.00073              -0.13682 
             -0.00451              -0.00098               0.16144 
              0.00594               0.00057              -0.09157 
              0.00230              -0.00022              -0.08275 
             -0.00518               0.00264              -0.03760 
              0.00155               0.00377              -0.04635 
              0.00817               0.00083               0.38868 
              0.00361               0.00017               0.05684 
             -0.00413               0.00047               0.25901 
              0.00478               0.00164              -0.05549 
              0.00674              -0.00057              -0.22300 
             -0.00131              -0.00109              -0.16516 
             -0.00242               0.00002              -0.21024 
              0.00064               0.00110               0.17459 
              0.00176              -0.00061              -0.07700 
             -0.00082              -0.00155               0.21000 
             -0.00212               0.00068              -0.20537 
             -0.00102              -0.00095              -0.17807 
             -0.00307               0.00035              -0.20375 
             -0.00462              -0.00072              -0.16528 
             -0.00208              -0.00025               0.24864 
              0.00171               0.00202              -0.06605 
              0.00162              -0.00226               0.34500 
             -0.00045              -0.00158              -0.12894 
             -0.00092               0.00134              -0.14640 
              0.00658               0.00032              -0.03643 
              0.00738               0.00136              -0.13856 
              0.00450               0.00298               0.45775 
              0.00677              -0.00131               0.01639 
              0.00777              -0.00531               0.24397 
              0.00334              -0.00206              -0.13707 
             -0.00198              -0.00071              -0.36126 
              0.00081              -0.00082              -0.11706 
             -0.00455               0.00263              -0.28579 
             -0.01100               0.00119               0.18322 
             -0.00631              -0.00355               0.01197 
             -0.00048              -0.00239               0.14569 
             -0.00119               0.00146              -0.08735 
             -0.00174               0.00175              -0.14893 
             -0.00116              -0.00272              -0.09472 
              0.00031              -0.00167              -0.02239 
             -0.00057              -0.00061               0.20551 
              0.00301              -0.00191               0.10715 
              0.00544               0.00149               0.08346 
             -0.00069               0.00030              -0.13284 
             -0.00681               0.00017              -0.05865 
             -0.00004               0.00006              -0.06778 
             -0.00134              -0.00090              -0.04720 
             -0.00238               0.00096               0.19595 
              0.00290               0.00354              -0.13115 
              0.00194               0.00504               0.03897 
             -0.00214               0.00271              -0.31724 
             -0.00473               0.00050              -0.09463 
             -0.00041              -0.00053              -0.08556 
              0.00540               0.00115              -0.05576 
              0.00217              -0.00001               0.21680 
              0.00033              -0.00011              -0.00994 
              0.00447              -0.00143               0.14762 
              0.00058              -0.00676              -0.05424 
             -0.00124              -0.01195              -0.03628 
              0.00176              -0.00680              -0.02612 
              0.00179              -0.00276               0.02521 
              0.00096              -0.00373               0.11791 
             -0.00251              -0.00606               0.07708 
             -0.00188              -0.00211              -0.02323 
              0.00051              -0.00169              -0.22537 
             -0.00166              -0.00325              -0.10405 
              0.00022               0.00009              -0.24090 
              0.00482               0.00602              -0.00337 
              0.00173               0.00469               0.12902 
             -0.00086               0.00277              -0.07981 
              0.00078               0.00550               0.22447 
             -0.00132               0.00302              -0.18175 
              0.00191              -0.00011               0.11581 
             -0.00078              -0.00225               0.09817 
             -0.00265              -0.00049               0.19113 
              0.00031              -0.00509               0.30197 
             -0.00083              -0.00389              -0.01443 
              0.00222              -0.00244              -0.03760 
              0.00090              -0.00170              -0.15186 
              0.00143              -0.00192              -0.21767 
              0.00215              -0.00205               0.08342 
             -0.00441               0.00181              -0.00455 
             -0.00813               0.00748               0.20419 
             -0.00058               0.00167               0.04660 
              0.00768              -0.00049              -0.05849 
              0.00845              -0.00255               0.06514 
              0.00200              -0.00208              -0.05761 
             -0.00485              -0.00176               0.26772 
             -0.00114              -0.00208               0.11735 
              0.00417              -0.00164               0.13404 
              0.00538              -0.00117               0.09756 
              0.00235              -0.00047              -0.07704 
              0.00443              -0.00226               0.14264 
             -0.00628              -0.00153              -0.01979 
             -0.01208              -0.00064               0.26864 
             -0.00261              -0.00009               0.06908 
              0.00519              -0.00133              -0.15555 
              0.00756              -0.00136              -0.11848 
             -0.00435              -0.00278              -0.28236 
             -0.01201              -0.00193              -0.14292 
              0.00666               0.00042               0.11730 
              0.01176              -0.00275               0.11090 
              0.00948              -0.00305               0.26399 
              0.00853              -0.00325               0.10283 
              0.00049               0.00025              -0.11763 
              0.00004               0.00424               0.07888 
             -0.00227               0.00053              -0.17482 
              0.00107              -0.00759               0.23191 
              0.00317              -0.01247               0.08673 
              0.00221              -0.00793               0.02699 
             -0.00018              -0.00220               0.02250 
             -0.00770              -0.00143              -0.33946 
             -0.00794               0.00161              -0.10615 
             -0.00275              -0.00373              -0.21357 
              0.00368              -0.00945              -0.04710 
             -0.00056              -0.00648               0.22685 
             -0.00272               0.00459              -0.09040 
             -0.00561               0.01097               0.13845 
             -0.00329               0.00568              -0.15224 
              0.00010              -0.00356              -0.04483 
             -0.00815              -0.00021               0.18021 
              0.00269              -0.00023               0.03615 
              0.00471              -0.00192               0.30556 
             -0.00124               0.00344              -0.05929 
             -0.00236               0.00044              -0.11536 
             -0.00193              -0.00126              -0.08278 
             -0.00600              -0.00188              -0.12213 
              0.00218              -0.00363              -0.06086 
              0.01488              -0.00027               0.02992 
              0.01474               0.00085              -0.05845 
             -0.00425              -0.00101               0.00888 
             -0.00613              -0.00608              -0.11434 
              0.00862              -0.00231              -0.17272 
              0.00696              -0.00081              -0.04296 
             -0.00120               0.00134              -0.13316 
             -0.00283               0.00122               0.22690 
             -0.00658               0.00238               0.03603 
             -0.01094               0.00348               0.15772 
             -0.01098               0.00104               0.06037 
              0.00121              -0.00088              -0.10155 
             -0.00278               0.00066               0.10776 
             -0.01290              -0.00018              -0.10686 
             -0.00875              -0.00041               0.09316 
              0.00158              -0.00666               0.00550 
              0.00338              -0.01065              -0.12684 
             -0.00292              -0.00711              -0.01588 
             -0.00224               0.00040              -0.26326 
              0.00545               0.00035              -0.06206 
              0.00410              -0.00088              -0.08908 
              0.00288               0.00197               0.06414 
              0.00839               0.00136              -0.03597 
              0.00404              -0.00068               0.09148 
              0.00006               0.00193              -0.09067 
             -0.00153               0.00569               0.02476 
              0.00414               0.00179               0.19016 
              0.00397              -0.00273              -0.00200 
              0.00011               0.00281               0.24377 
             -0.00019               0.00957              -0.04231 
             -0.01060               0.00386              -0.07623 
             -0.00573               0.00263              -0.02154 
              0.00102               0.00021              -0.15142 
              0.00744              -0.00125               0.12658 
              0.00083              -0.00192              -0.02136 
             -0.00298               0.00083               0.12886 
             -0.00263               0.00502              -0.00492 
              0.00064               0.00088              -0.00063 
              0.00563              -0.00340               0.03504 
              0.00553              -0.00735               0.04248 
              0.00969               0.00088               0.23368 
             -0.00617              -0.00030               0.04727 
             -0.00448               0.00106               0.22264 
              0.00031               0.00106               0.02517 
             -0.00111              -0.00183               0.02229 
             -0.00218              -0.00893               0.18239 
             -0.00227              -0.01177              -0.01913 
             -0.00079              -0.00465               0.08443 
             -0.00180               0.00146              -0.11504 
             -0.00505               0.00737              -0.07507 
             -0.00084              -0.00116               0.07746 
             -0.00429              -0.00465               0.05667 
             -0.00148              -0.00287               0.26880 
              0.01043              -0.00053               0.16025 
              0.00856               0.00209               0.04717 
             -0.00026               0.00630              -0.01429 
              0.00087               0.01030              -0.03313 
             -0.00438               0.00372              -0.05151 
              0.00020              -0.00783               0.09744 
              0.00026              -0.00514               0.00781 
              0.00329               0.00729              -0.00151 
             -0.00345               0.00600               0.01526 
             -0.01779               0.00059              -0.13965 
             -0.01166              -0.00065               0.02261 
              0.00247              -0.00509              -0.08403 
              0.00529              -0.00436               0.02613 
              0.00290              -0.00051               0.00669 
              0.00365               0.00663              -0.05807 
              0.00098               0.00292               0.04433 
              0.00009              -0.00679              -0.16780 
             -0.00101              -0.00603               0.09555 
              0.00271               0.00080              -0.05161 
              0.00244               0.00129               0.04351 
             -0.00211               0.00098               0.09229 
             -0.00072               0.00220              -0.07366 
             -0.00096               0.00184               0.07338 
             -0.00521              -0.00184              -0.12797 
              0.00038              -0.00089              -0.03875 
              0.00020               0.01165               0.00096 
             -0.00147               0.00873              -0.00472 
             -0.00280              -0.00550               0.01911 
             -0.00147              -0.00522              -0.00194 
             -0.00085               0.00252              -0.07844 
             -0.00265               0.00234              -0.03288 
              0.00054              -0.00148              -0.06229 
              0.00323              -0.00192               0.01446 
              0.00283               0.00115               0.05883 
             -0.00030              -0.00049              -0.02418 
              0.00039              -0.00199               0.05140 
             -0.00133              -0.00204              -0.01862 
             -0.00059              -0.00205              -0.06047 
             -0.00005              -0.00382              -0.01602 
             -0.00069              -0.00186              -0.00637 
             -0.00301               0.00030               0.00991 
             -0.00812               0.00080               0.04445 
             -0.00447               0.00326              -0.06337 
              0.00815              -0.00134               0.00923 
              0.00466               0.00191              -0.16674 
             -0.00280               0.00333              -0.02102 
             -0.00497               0.00233              -0.03760 
             -0.00130               0.00630               0.08670 
              0.00053               0.00467               0.07559 
             -0.00141              -0.00093              -0.04616 
             -0.00045              -0.00080               0.01918 
             -0.00132               0.00442              -0.11739 
             -0.00459               0.00335               0.02683 
             -0.00376              -0.00067               0.02171 
              0.00325              -0.00374               0.06560 
              0.00150              -0.00070               0.02161 
             -0.00171              -0.00620              -0.08654 
             -0.00120              -0.00606              -0.06397 
             -0.00259               0.00322              -0.15066 
              0.00017               0.00180               0.04484 
              0.00063               0.00068              -0.04463 
              0.00416              -0.00354               0.09504 
              0.00405              -0.00064               0.03154 
             -0.00023               0.00300              -0.10351 
              0.00027              -0.00058               0.04230 
             -0.00346               0.00502              -0.10565 
             -0.00099               0.00745               0.04974 
             -0.00026               0.00358               0.00139 
             -0.00167              -0.00266               0.10691 
              0.00157              -0.00031              -0.01726 
              0.00091               0.00125              -0.06583 
              0.00093               0.00142              -0.05402 
              0.00436               0.00304              -0.09713 
              0.00816               0.00219               0.05622 
              0.00419              -0.00363              -0.04118 
             -0.00053              -0.01460               0.02568 
              0.00011              -0.00456              -0.00825 
              0.00021               0.00382              -0.09009 
             -0.00463               0.00336              -0.07664 
             -0.00615               0.00084               0.05479 
             -0.00310               0.00176              -0.02067 
              0.00074               0.00510               0.16333 
              0.00104               0.00219               0.07326 
              0.00107               0.00039              -0.12416 
              0.00155               0.00364              -0.01876 
             -0.00020               0.00510              -0.13047 
             -0.00003              -0.00162              -0.02516 
              0.00022              -0.00468               0.07882 
              0.00535               0.00113               0.00047 
              0.01096               0.00012               0.07275 
              0.00334               0.00024              -0.12615 
             -0.00536               0.00057              -0.06125 
             -0.00151               0.00215              -0.11327 
              0.00093               0.00182               0.00874 
              0.00309               0.00290               0.13982 
              0.00300               0.00010              -0.05329 
              0.00155              -0.00139               0.08358 
             -0.00267              -0.00123              -0.11201 
             -0.00231              -0.00310              -0.07020 
              0.00153              -0.00217               0.10737 
              0.00750              -0.00362              -0.07246 
              0.00307              -0.00064               0.17195 
              0.00155              -0.00299              -0.01091 
              0.00225               0.00019              -0.11001 
             -0.00287               0.00219               0.00195 
             -0.00169               0.00593              -0.17084 
              0.00353               0.00737               0.08553 
              0.00196               0.00170              -0.05937 
              0.00075               0.00246               0.08575 
             -0.00154               0.00916               0.00533 
             -0.00149               0.00558              -0.11949 
              0.00133               0.00225               0.05708 
              0.00392              -0.00041              -0.15383 
              0.00191               0.00070               0.12232 
              0.00074              -0.00220               0.00883 
             -0.00042              -0.00290               0.02367 
             -0.00032               0.00524               0.05939 
              0.00097               0.00753              -0.12231 
