             -0.00062              -0.00002              -0.20131 
             -0.00002               0.00046              -0.07174 
             -0.00066               0.00120               0.30459 
              0.00017               0.00073               0.04712 
              0.00065               0.00038              -0.06898 
              0.00007               0.00001              -0.29462 
             -0.00022              -0.00055              -0.42682 
             -0.00143               0.00047              -0.17953 
             -0.00123               0.00075              -0.08038 
              0.00058               0.00079               0.23640 
              0.00038              -0.00014               0.12030 
              0.00056               0.00015              -0.12746 
              0.00017               0.00002              -0.26668 
              0.00023              -0.00005              -0.42884 
              0.00010               0.00103              -0.29614 
             -0.00035               0.00130              -0.06899 
             -0.00083               0.00053               0.19469 
              0.00018              -0.00001               0.45760 
              0.00144              -0.00028               0.20324 
             -0.00013              -0.00020               0.10556 
             -0.00103              -0.00011              -0.25218 
              0.00005               0.00080              -0.36130 
             -0.00041               0.00067              -0.28301 
              0.00003               0.00058              -0.12141 
              0.00039               0.00034               0.29307 
             -0.00057              -0.00006               0.38863 
              0.00073              -0.00093               0.16905 
              0.00061              -0.00041               0.12905 
             -0.00018              -0.00076              -0.35058 
             -0.00014              -0.00074              -0.26361 
             -0.00013              -0.00017               0.03394 
              0.00093               0.00023              -0.18600 
             -0.00056               0.00157               0.89064 
              0.00044               0.00140               0.28174 
             -0.00285              -0.00147               0.41225 
              0.00713              -0.00279               0.63230 
              0.00425              -0.00040               0.55811 
             -0.00108              -0.00137               0.39413 
              0.00201               0.00241               0.48837 
             -0.00078              -0.00027               0.17019 
             -0.00287               0.00279              -0.14737 
              0.00463               0.00316               0.00877 
              0.01778               0.00682              -0.45941 
             -0.00227               0.00471              -0.41958 
             -0.00271               0.00059              -0.39890 
             -0.00638               0.00081              -0.43823 
              0.00114               0.00396              -0.07057 
              0.00368               0.01774               0.22507 
             -0.00245               0.01430              -0.21585 
             -0.00251              -0.00964              -0.20567 
              0.00110              -0.00100              -0.05625 
             -0.00190               0.00172              -0.45645 
              0.00032               0.00156               0.03176 
              0.00001               0.00045              -0.22508 
             -0.00304               0.00524              -0.30054 
             -0.01101               0.01088              -0.00312 
              0.00027              -0.00975              -0.08445 
              0.00892              -0.02814               0.09094 
              0.01066              -0.00377               0.18887 
              0.02063               0.01145              -0.28718 
              0.01421               0.01395               0.07239 
              0.02091              -0.00239               0.06175 
              0.02324              -0.02050               0.35301 
              0.01248              -0.00829               0.32044 
              0.00558               0.00203              -0.04991 
             -0.00499              -0.02338               0.54072 
             -0.01319              -0.00205              -0.03225 
             -0.05395              -0.00989               0.56592 
             -0.03674              -0.00746              -0.13458 
             -0.01120              -0.00048              -0.04421 
             -0.00411               0.00041               0.40560 
             -0.05387              -0.01401              -0.15903 
             -0.09494              -0.00196               0.23794 
             -0.00936              -0.01197              -0.27941 
              0.02462               0.00059              -0.10631 
              0.02286              -0.00212              -0.17550 
              0.00312              -0.00572               0.03657 
             -0.01000               0.02736              -0.39152 
              0.00192               0.00764              -0.07372 
             -0.00332              -0.00033              -0.30174 
              0.01565              -0.01519              -0.40712 
             -0.01176              -0.01569              -0.08665 
             -0.02001              -0.00256              -0.15795 
              0.00429              -0.00939              -0.65209 
             -0.01654               0.00982               0.52124 
             -0.00907              -0.00890              -0.31529 
             -0.00059              -0.01100               0.51037 
              0.01823              -0.00729               0.71210 
              0.01290              -0.00852              -0.39358 
             -0.02580               0.00122               0.29739 
             -0.01421               0.00044              -0.43224 
              0.01619              -0.00529               0.38017 
             -0.02323               0.01729               0.36302 
             -0.00554              -0.01102               0.01222 
             -0.01440               0.00315               0.60900 
              0.00136               0.03386               0.09483 
             -0.00070               0.00126              -0.12961 
              0.01603               0.02614              -0.00922 
              0.02131              -0.00822              -0.46376 
             -0.00759               0.00118               0.04471 
              0.00550               0.02183              -0.01752 
             -0.00911               0.06994              -0.08000 
             -0.00087               0.03482               0.16718 
              0.00975              -0.05413              -0.26156 
              0.02633              -0.07055               0.10517 
              0.01023               0.00060               0.12984 
             -0.00371              -0.00997              -0.51504 
              0.00083              -0.07808              -0.33862 
              0.01156              -0.02077              -0.02692 
              0.00596               0.10595              -0.22739 
              0.00981               0.07726               0.41933 
              0.00057              -0.00069              -0.26241 
             -0.02773              -0.04246              -0.00199 
              0.01016              -0.06036               0.18219 
              0.01306              -0.01345              -0.01833 
             -0.00863              -0.03737               0.55778 
             -0.00477               0.05059              -0.10419 
             -0.01333               0.10404               0.07906 
              0.00972              -0.01633               0.00672 
              0.03283              -0.04327               0.08258 
             -0.00941              -0.03565              -0.06246 
              0.00246               0.00721              -0.20601 
              0.00388              -0.01308               0.24972 
              0.00530              -0.06015              -0.25059 
              0.03197              -0.04634               1.44005 
              0.00312              -0.03541              -0.44965 
              0.03024              -0.04640               0.00417 
              0.07533               0.00729              -0.06460 
              0.01271               0.03770              -0.43240 
              0.00660               0.00773              -0.10385 
              0.01924              -0.01910               0.03033 
              0.01054              -0.01130              -0.42572 
              0.02111              -0.00578               0.09440 
              0.00952               0.00973              -0.28612 
             -0.06069               0.01772              -0.01718 
              0.00803               0.00393               0.26986 
             -0.01894               0.00776              -0.67979 
             -0.03523              -0.06759               1.04231 
             -0.00065               0.02386              -0.46917 
              0.01011               0.05068              -0.06050 
              0.10338              -0.01235               0.56039 
             -0.01111              -0.07004              -0.47751 
             -0.01787              -0.08545               1.21780 
             -0.01465               0.00164              -0.28364 
             -0.00267               0.06879               0.07260 
              0.00211               0.06201               0.48299 
              0.00822               0.00028              -0.57674 
             -0.01701              -0.02955               0.78569 
             -0.07069              -0.04038              -0.51177 
             -0.00542               0.02612               0.08149 
              0.11048               0.06141               0.47526 
              0.05659               0.08544              -0.19925 
              0.03073               0.01447              -0.20643 
             -0.03953              -0.03310              -0.19610 
             -0.05469               0.02857               0.03138 
              0.04162              -0.03600              -0.69514 
              0.08692              -0.02261               1.11148 
              0.02311              -0.00966              -0.59851 
             -0.00257              -0.02144               0.30899 
             -0.00727              -0.03413              -0.22350 
             -0.01999              -0.04165               0.06146 
              0.02144              -0.04299              -0.18929 
              0.02951              -0.00567               0.06772 
              0.03641              -0.02900              -0.40608 
             -0.00566              -0.04962               0.05186 
             -0.02944               0.00030              -0.07451 
              0.01547               0.00874               0.45395 
              0.02593              -0.01438               0.35224 
              0.01057              -0.03612              -0.01600 
              0.01883               0.00602              -0.54392 
              0.00380               0.03350               0.41289 
             -0.03483               0.00550              -0.52357 
             -0.04774               0.01332               0.36455 
             -0.01340               0.02613               0.11677 
              0.03129               0.00774              -0.47068 
              0.02206              -0.01688              -0.06688 
              0.00289              -0.00461              -0.04165 
             -0.03219               0.01065              -0.08249 
              0.02851              -0.03655              -0.34029 
              0.01531              -0.10854               0.25141 
              0.05516              -0.00600              -0.76046 
              0.04030              -0.07988               0.63961 
              0.03460              -0.07122              -0.34638 
              0.00340              -0.04529               0.23935 
              0.02320               0.00143               0.08075 
              0.00347               0.03099              -0.25563 
             -0.00253              -0.02385               0.13483 
              0.02611              -0.00966              -0.24051 
              0.01725              -0.07605               0.19909 
             -0.05146              -0.03678               0.01742 
             -0.02890              -0.00110              -0.48395 
              0.01717              -0.01857               0.03239 
              0.01617               0.01160              -0.51455 
              0.06263               0.01178               0.05848 
              0.04257               0.02559               0.27724 
              0.09235              -0.05782               0.20619 
              0.15186               0.01175               0.44267 
              0.01960               0.07841              -0.03698 
             -0.00183              -0.01076              -0.02470 
             -0.00786              -0.01843               0.15657 
              0.03743              -0.00800               0.24677 
              0.01346              -0.00064              -0.31179 
             -0.00671               0.01222               0.29865 
             -0.03086              -0.00621              -0.73745 
             -0.02791              -0.11225               0.30046 
              0.00025              -0.04461              -0.63087 
             -0.11037              -0.00131               0.21749 
              0.01228              -0.03077              -0.45610 
             -0.04527              -0.03529               0.31194 
             -0.05057              -0.03195              -0.01544 
             -0.03132              -0.03172               0.04106 
             -0.09597              -0.00865               0.49659 
              0.02617              -0.04749              -0.56231 
              0.02811              -0.00309               0.40875 
             -0.06309               0.01025              -0.40488 
             -0.08231               0.02284               0.21762 
              0.00511               0.00464              -0.09475 
             -0.03154              -0.01538               0.20260 
              0.02520              -0.06086               0.03331 
             -0.02954              -0.01552              -0.49245 
             -0.04941              -0.02031               0.24569 
             -0.05488              -0.08376               0.04743 
             -0.02611              -0.04388               0.32237 
             -0.02647               0.09188               0.19457 
              0.00072               0.07263              -0.21673 
              0.00516               0.04335               0.03900 
             -0.05115              -0.04085               0.30592 
             -0.06231              -0.11428               0.58680 
             -0.08934              -0.12555               0.62135 
             -0.05672              -0.02852              -0.14158 
             -0.00716               0.07486              -0.08963 
              0.00330               0.01623              -0.69172 
             -0.04418              -0.08869               0.04304 
             -0.05635              -0.07131              -0.41826 
             -0.07360              -0.04425               0.15621 
              0.02215               0.02727               0.16377 
              0.03613               0.03977              -0.18637 
             -0.02408              -0.01269              -0.30833 
             -0.09177              -0.03204              -0.00057 
             -0.10577              -0.03503               0.19895 
              0.01286              -0.02220              -0.39942 
              0.08604               0.00750               0.33066 
              0.04415               0.00630               0.01443 
             -0.01889              -0.03328              -0.02232 
             -0.07777              -0.05552               0.64515 
             -0.03408              -0.03490              -0.02692 
             -0.00942              -0.02984              -0.17310 
              0.02864              -0.02963              -0.12312 
              0.00321              -0.02957               0.25354 
             -0.03017               0.04538              -0.01207 
             -0.07205               0.09758               0.69429 
             -0.04288               0.05251              -0.17882 
              0.01356              -0.02267              -0.61735 
              0.01230              -0.02948               0.97397 
              0.01581               0.00029              -0.50858 
             -0.00820              -0.04590               0.32948 
              0.01086              -0.03572               0.18257 
              0.01296               0.05043              -0.38143 
              0.06590               0.03038               0.06517 
              0.01465              -0.13644              -0.30881 
              0.00518              -0.08850              -0.06255 
              0.01969               0.01774              -0.37003 
              0.04177              -0.02572               0.02420 
              0.04682              -0.01595              -0.27417 
              0.05719               0.02747              -0.03744 
             -0.02664              -0.02888               0.21178 
             -0.02186              -0.09840              -0.12884 
             -0.03817               0.05497              -0.19660 
              0.07265               0.22138               0.00002 
              0.00981               0.07984              -0.14913 
              0.02418              -0.02617               0.16667 
              0.00199              -0.05187               0.05543 
             -0.05939              -0.00047               0.16455 
              0.00936               0.03313              -0.22409 
              0.00976               0.14578              -0.08324 
              0.24299               0.13848               0.36091 
              0.12395               0.07029              -0.06898 
             -0.00630              -0.14289               0.07285 
             -0.10856              -0.14632               0.45597 
              0.01592               0.03999              -0.26672 
              0.02950               0.03585              -0.02116 
             -0.00036              -0.01589              -0.09925 
              0.02989              -0.00378              -0.23784 
              0.01436               0.02910               0.29775 
             -0.07359               0.04564              -0.23928 
             -0.00782               0.01562              -0.11555 
              0.04601              -0.01458               0.22746 
              0.04476              -0.07347              -0.05027 
             -0.04241              -0.09603              -0.11513 
              0.00706              -0.06933               0.02906 
             -0.03343               0.00699              -0.20186 
              0.00303              -0.02605              -0.29665 
             -0.10396              -0.03006               0.23645 
             -0.02884              -0.00415               0.01103 
             -0.00489               0.02451              -0.02220 
              0.01108               0.02209              -0.23034 
              0.01677               0.00394              -0.16546 
             -0.00828               0.01124              -0.09859 
              0.10606               0.02350               0.02044 
             -0.04505               0.02671               0.15047 
             -0.02147              -0.01490               0.50879 
              0.05606               0.00752               0.24788 
              0.03181               0.00296              -0.34132 
              0.00906              -0.00751              -0.45866 
              0.05362               0.01497              -0.39275 
             -0.00841               0.04968              -0.04723 
             -0.01973              -0.01484              -0.26950 
             -0.02239              -0.08014               0.92441 
              0.00202              -0.00845              -0.02227 
              0.04527               0.04263               0.08964 
             -0.03402               0.00353              -0.25365 
             -0.04088              -0.00185              -0.31558 
             -0.05506              -0.02182              -0.27091 
             -0.01603              -0.04570              -0.13379 
             -0.01884               0.02011               0.03197 
              0.04153               0.06314               0.30463 
              0.01384              -0.01047               0.06950 
              0.05850               0.02350               0.04420 
              0.02071              -0.02246              -0.71021 
             -0.06223              -0.06649              -0.32988 
              0.01636              -0.08728               0.02947 
              0.08635              -0.03751              -0.04178 
             -0.04627              -0.06415               0.51451 
             -0.00420              -0.03569              -0.36021 
              0.15578               0.01322               0.99284 
              0.15997               0.00330              -0.42195 
             -0.10671              -0.04583              -0.42692 
             -0.26699              -0.05779               0.36169 
             -0.04862              -0.01843              -0.24408 
              0.08619              -0.04841               0.17612 
              0.02547               0.00902               0.13572 
              0.00412              -0.01527               0.28241 
             -0.00022              -0.11814              -0.10005 
             -0.00989              -0.06243              -0.12963 
             -0.08439               0.01025              -0.26773 
             -0.04705               0.03114              -0.06041 
              0.01175               0.07466               0.46175 
              0.10894               0.05738              -0.35643 
              0.04811               0.04547               0.30423 
             -0.02496               0.00763              -0.26995 
             -0.06121               0.07798               0.32321 
             -0.00263               0.10679              -0.37841 
             -0.03411               0.02477              -0.40342 
             -0.00797               0.00647              -0.15898 
              0.10426               0.01924              -0.07967 
              0.05903               0.01633              -0.33700 
             -0.08577               0.06526               0.70642 
             -0.02562               0.03636              -0.15082 
              0.04228              -0.01168              -0.23278 
             -0.00694               0.02524              -0.41976 
              0.03874               0.10643               0.60445 
             -0.04027              -0.02371              -0.52470 
             -0.07619              -0.05763               0.52796 
             -0.04348               0.02606              -0.54434 
              0.04836               0.02122               0.01264 
             -0.05455               0.07114              -0.33595 
             -0.10468               0.09684               0.32091 
             -0.07957               0.00377              -0.33138 
              0.06219              -0.11298               0.13869 
              0.01554              -0.03633              -0.27989 
             -0.06445               0.07673               0.11226 
             -0.05127               0.00509               0.29240 
              0.05553               0.04891               0.45307 
              0.07268               0.01005              -0.09242 
              0.02245               0.02830              -0.06948 
             -0.01606              -0.00248               0.01743 
             -0.01817              -0.00070              -0.38681 
             -0.13014               0.05681               0.84217 
             -0.04584               0.02037              -0.15750 
             -0.04379              -0.01607              -0.48478 
             -0.02967               0.00644               0.20667 
             -0.03875               0.00724              -0.44164 
             -0.07213               0.00501               0.42171 
             -0.01598               0.03146              -0.78864 
             -0.00172               0.01230               0.86680 
             -0.00839              -0.03505              -0.77240 
             -0.09220              -0.01137               0.54958 
             -0.03396              -0.00317              -0.15091 
             -0.03860              -0.01837               0.34399 
             -0.02053               0.01404              -0.79592 
             -0.01918              -0.04883              -0.26608 
              0.01141              -0.03310              -0.29753 
             -0.00631              -0.00425              -0.38285 
              0.01746              -0.01690               0.30799 
             -0.01867              -0.00664               0.10662 
             -0.05709              -0.03681              -0.14674 
             -0.08494              -0.11892               0.76233 
             -0.01983              -0.05829              -0.00028 
             -0.06730              -0.08930               0.25142 
             -0.04696              -0.07258               0.01328 
             -0.01244               0.00275               0.12324 
             -0.00258              -0.00219               0.12001 
             -0.05815               0.01966              -0.17623 
             -0.02536              -0.06159               0.46324 
              0.05106              -0.04408              -0.35974 
              0.11663              -0.07873               0.92276 
              0.02306              -0.01856              -0.64589 
              0.07392              -0.04359               1.16292 
              0.06752              -0.01179              -0.72185 
             -0.03030              -0.01475              -0.01093 
