             -0.00076               0.00066              -0.20041 
             -0.00113               0.00110               0.04024 
             -0.00070               0.00048               0.16382 
              0.00031               0.00091               0.21184 
              0.00063               0.00103               0.01618 
             -0.00000               0.00002              -0.19973 
              0.00040              -0.00026              -0.25321 
              0.00088              -0.00138              -0.21587 
              0.00046              -0.00050               0.01904 
              0.00020              -0.00007               0.14872 
              0.00117              -0.00009               0.22291 
              0.00164               0.00066               0.04309 
             -0.00085               0.00091              -0.17995 
             -0.00099              -0.00016              -0.24631 
              0.00002               0.00003              -0.24287 
             -0.00149               0.00113              -0.00423 
             -0.00126               0.00116               0.12443 
             -0.00030               0.00074               0.22980 
              0.00008               0.00006               0.05851 
             -0.00011              -0.00004              -0.16766 
             -0.00027              -0.00129              -0.26883 
              0.00143              -0.00129              -0.24884 
              0.00198               0.00028              -0.12273 
              0.00009              -0.00001               0.07589 
              0.00010              -0.00004               0.21421 
              0.00041              -0.00008               0.11347 
              0.00006               0.00010               0.11089 
             -0.00001               0.00009              -0.02192 
             -0.00045              -0.00000              -0.15256 
             -0.00015               0.00030              -0.08246 
             -0.00061               0.00010              -0.11135 
             -0.00132              -0.00032               0.13361 
             -0.00108              -0.00000               0.13516 
             -0.00043               0.00007               0.22220 
             -0.00002               0.00032               0.16913 
             -0.00074               0.00014               0.00542 
              0.00074               0.00000               0.01212 
              0.00150              -0.00020              -0.09147 
              0.00047               0.00010              -0.05865 
             -0.00038               0.00000               0.02474 
              0.00095               0.00017               0.11810 
              0.00256               0.00046              -0.13264 
              0.00174              -0.00011               0.11977 
              0.00002              -0.00033              -0.07873 
             -0.00004              -0.00004              -0.01266 
              0.00026               0.00037               0.32713 
             -0.00033               0.00051               0.01235 
              0.00271              -0.00082               0.47761 
              0.00285              -0.00193              -0.10314 
              0.00082               0.00007               0.10011 
             -0.00022               0.00083              -0.06111 
              0.00114               0.00055              -0.08614 
              0.00288              -0.00073               0.19505 
              0.00047              -0.00332               0.06343 
              0.00002              -0.00186               0.19079 
              0.00061              -0.00108               0.16364 
              0.00114              -0.00021              -0.03070 
             -0.00206               0.00291               0.00184 
             -0.00382               0.00099              -0.07662 
              0.00086              -0.00010              -0.11498 
              0.00165               0.00109               0.25077 
             -0.00056              -0.00001              -0.15520 
             -0.00152              -0.00236               0.16611 
             -0.00030               0.00004              -0.12068 
             -0.00059               0.00078              -0.23196 
             -0.00242               0.00273               0.28425 
             -0.00142               0.00139              -0.17902 
              0.00112               0.00033               0.27663 
              0.00230              -0.00092              -0.01263 
             -0.00288              -0.00216              -0.08929 
             -0.00046              -0.00227               0.10392 
              0.00263              -0.00030              -0.14540 
              0.00394               0.00373               0.22712 
              0.00166               0.00467              -0.11400 
             -0.00320               0.00174              -0.08700 
             -0.00244              -0.00135              -0.12482 
             -0.00153              -0.00156              -0.28232 
             -0.00372               0.00132               0.08606 
              0.00214               0.00200              -0.01918 
              0.00083               0.00531               0.32200 
             -0.00360               0.00545              -0.04812 
             -0.00203               0.00037              -0.00006 
             -0.00034              -0.00370              -0.16173 
              0.00251              -0.00359              -0.25050 
              0.00201               0.00127              -0.02539 
             -0.00192              -0.00054              -0.14845 
             -0.00236              -0.00075               0.21344 
             -0.00067               0.00162              -0.07840 
             -0.00033               0.00195               0.04831 
              0.00106               0.00016              -0.00688 
              0.00318              -0.00294              -0.14223 
              0.00105              -0.00092               0.03975 
             -0.00003              -0.00343              -0.11040 
             -0.00031              -0.00475               0.00904 
             -0.00064              -0.00060              -0.11230 
              0.00107               0.00107              -0.06235 
             -0.00073               0.00053              -0.06946 
             -0.00045              -0.00035               0.04356 
              0.00073               0.00240               0.11106 
             -0.00312               0.00500               0.04864 
             -0.00263               0.00650              -0.00959 
              0.00167               0.00250              -0.10128 
              0.00304              -0.00004              -0.14039 
              0.00057               0.00128              -0.20056 
             -0.00064               0.00034              -0.02595 
              0.00010               0.00124              -0.01670 
             -0.00115               0.00287               0.15184 
             -0.00021              -0.00072               0.07828 
              0.00351              -0.00240              -0.03995 
              0.00210              -0.00603               0.04544 
             -0.00439              -0.00619              -0.11661 
             -0.00297              -0.00174               0.04454 
              0.00028              -0.00245               0.05434 
              0.00050              -0.00090               0.01790 
             -0.00112              -0.00161               0.13396 
              0.00037              -0.00664              -0.16499 
              0.00062              -0.00300               0.02357 
             -0.00132              -0.00104              -0.03748 
             -0.00067               0.00288              -0.04180 
              0.00086               0.00516               0.24195 
              0.00100               0.00114               0.04243 
             -0.00003               0.00064               0.15372 
             -0.00358              -0.00299              -0.07433 
             -0.00309              -0.00080              -0.07435 
             -0.00131              -0.00071               0.01272 
             -0.00088               0.00619               0.07032 
             -0.00054               0.00914               0.36972 
             -0.00142              -0.00065               0.10874 
              0.00074              -0.00068               0.06770 
              0.00125               0.00069              -0.03107 
             -0.00049               0.00054              -0.08449 
             -0.00025              -0.00019               0.05913 
              0.00187               0.00072               0.04000 
              0.00278               0.00089               0.19805 
             -0.00016               0.00213              -0.08916 
             -0.00047              -0.00242              -0.01540 
              0.00179              -0.00049              -0.13361 
             -0.00157              -0.00047              -0.13110 
             -0.00131               0.00116               0.06499 
              0.00166               0.00329               0.07545 
              0.00267              -0.00139               0.08267 
              0.00094              -0.00013               0.05151 
             -0.00333               0.00068              -0.17802 
             -0.00325              -0.00195              -0.05647 
             -0.00114              -0.00228              -0.07769 
              0.00352              -0.00024               0.04040 
              0.00699               0.00200               0.34367 
              0.00323              -0.00375               0.00320 
              0.00281              -0.00783               0.12527 
              0.00076              -0.00598              -0.23242 
              0.00066              -0.00083              -0.20905 
              0.00187               0.00097              -0.11122 
              0.00048              -0.00003              -0.13357 
             -0.00194               0.00231               0.17780 
             -0.00260               0.00052              -0.04374 
              0.00549              -0.00415              -0.01475 
              0.00221              -0.00332              -0.16757 
             -0.00385               0.00852              -0.25556 
             -0.00158               0.00464              -0.03557 
              0.00080              -0.00028              -0.02100 
              0.00077              -0.00132               0.24358 
             -0.00033              -0.00078               0.12227 
              0.00066              -0.00024              -0.00796 
              0.00063               0.00062              -0.01579 
             -0.00012               0.00553              -0.23966 
             -0.00001               0.00754               0.02673 
              0.00000              -0.00240               0.03212 
              0.00152              -0.00471               0.03559 
              0.00049              -0.00226               0.08026 
             -0.00070              -0.00476              -0.19726 
             -0.00111              -0.00180              -0.19643 
              0.00019               0.00348              -0.12535 
             -0.00275               0.00128              -0.22038 
             -0.00466              -0.00852               0.12662 
             -0.00200              -0.00907              -0.01811 
             -0.00202              -0.00102               0.04517 
             -0.00131               0.00417               0.09969 
             -0.00003               0.00187              -0.17381 
             -0.00058              -0.00427               0.21715 
              0.00225               0.00176              -0.08324 
             -0.00021               0.00406               0.13733 
             -0.00055               0.00009               0.05470 
              0.00287               0.00321              -0.11870 
              0.00459               0.00495               0.06249 
              0.00156               0.00553              -0.22514 
             -0.00060              -0.00189              -0.08569 
             -0.00159              -0.00232              -0.04645 
             -0.00332               0.00500              -0.09441 
             -0.00427               0.00451               0.07701 
             -0.00328              -0.00098               0.01382 
              0.00029              -0.00046               0.07096 
             -0.00012              -0.00376               0.09907 
             -0.00499               0.00015               0.01049 
             -0.01175              -0.00075               0.05608 
             -0.00341              -0.00328               0.00625 
              0.00074              -0.00530               0.07236 
              0.00007              -0.00692               0.21911 
              0.00039              -0.00463               0.07830 
              0.00335              -0.00542               0.14739 
              0.00099              -0.00099              -0.05675 
             -0.00106              -0.00118              -0.01067 
              0.00054              -0.00164              -0.02640 
              0.00726               0.00082              -0.01997 
              0.01350              -0.00033               0.14760 
              0.00803              -0.00016              -0.10080 
             -0.00169               0.00250               0.09537 
             -0.00218               0.00843              -0.05625 
             -0.00279               0.01361               0.00880 
             -0.00696               0.00315               0.13243 
             -0.00371              -0.00256               0.01413 
              0.00378              -0.00161              -0.02687 
              0.00254              -0.00061              -0.06403 
              0.00251               0.00112              -0.03694 
             -0.00385               0.00290               0.02427 
             -0.00299               0.00242               0.18348 
              0.00156              -0.00985               0.11853 
             -0.00124              -0.01349               0.06044 
              0.00191              -0.00303              -0.02214 
              0.00277               0.00465              -0.04458 
             -0.00353               0.00150               0.04381 
             -0.00265               0.00087              -0.14668 
              0.00054              -0.00338               0.11513 
             -0.00070              -0.00345              -0.25409 
             -0.00073               0.00027               0.04518 
             -0.00003               0.00252              -0.16054 
             -0.00045               0.00578               0.01216 
              0.00437               0.00075               0.14570 
              0.00236              -0.00359              -0.14879 
              0.00310              -0.00661               0.24088 
              0.00208              -0.00300              -0.17171 
             -0.00214              -0.00070              -0.07289 
             -0.00672               0.00073              -0.00076 
              0.00148              -0.00196              -0.23192 
              0.01379              -0.00068               0.20751 
              0.00762              -0.00095              -0.18120 
             -0.00127               0.00091               0.08616 
             -0.01058               0.01188               0.05656 
             -0.00584               0.00473              -0.16179 
              0.00042               0.00742               0.16399 
              0.00560               0.00201              -0.17979 
              0.00844              -0.00160               0.10199 
