             -9.96827          213974.95312        -1824106.85659 
             -0.00000            -104.85553              34.38331 
              0.00411              38.23694             491.11042 
              0.00000              -0.00190              -0.12998 
              0.00683              -0.00683              -0.07695 
             -0.00124               0.00008              -0.06812 
              0.00000               0.00000              -0.07000 
              0.00000               0.00000              -0.07000 
              0.00000               0.00000              -0.07000 
              0.00000               0.00000              -0.07000 
              0.00000               0.00000              -0.07000 
              0.00000               0.00000              -0.07000 
              0.00722               0.00722              -0.07121 
              0.00000               0.00000              -0.07000 
             -1.71464               1.71565              -1.96612 
              0.00000              -0.00186              -0.06643 
              0.00000               0.00000              -0.07000 
              0.00000               0.00000              -0.07000 
              0.00000               0.00000              -0.07000 
              0.00000               0.00000              -0.07000 
              0.00000               0.00000              -0.07000 
              0.00000               0.00000              -0.07000 
              0.00000               0.00000              -0.07000 
              0.00000               0.00000              -0.07000 
              0.00000               0.00000              -0.07000 
              0.00000               0.00000              -0.07000 
              0.00000               0.00000              -0.07000 
              0.00000               0.00000              -0.07000 
              0.00000               0.00000              -0.07000 
              0.00000               0.00000              -0.07000 
              0.00000               0.00000              -0.07000 
              0.00000               0.00000              -0.07000 
              0.00000               0.00000              -0.07000 
              0.00000               0.00000              -0.07000 
              0.00000               0.00000              -0.07000 
              0.00000               0.00000              -0.07000 
              0.00000               0.00000              -0.07000 
              0.00000               0.00000              -0.07000 
              0.00000               0.00000              -0.07000 
              0.00000               0.00000              -0.07000 
              0.00000               0.00000              -0.07000 
              0.00000               0.00000              -0.07000 
              0.00000               0.00000              -0.07000 
              0.00000               0.00000              -0.07000 
              0.00000               0.00000              -0.07000 
              0.00000               0.00000              -0.07000 
              0.00000               0.00000              -0.07000 
              0.00000               0.00000              -0.07000 
              0.00000               0.00000              -0.07000 
              0.00000               0.00000              -0.07000 
              0.00000               0.00000              -0.07000 
              0.00285               0.00000              -0.07529 
              0.03050               0.00000              -0.10535 
             -0.24285               0.00000               0.12150 
              0.01223               0.00000              -0.08905 
              0.00000               0.00000              -0.07000 
              0.00000               0.00000              -0.07000 
              0.00000               0.00000              -0.07000 
              0.00000               0.00000              -0.07000 
              0.00000               0.00000              -0.07000 
              0.00000               0.00000              -0.07000 
              0.00000               0.00000              -0.07000 
              0.00000               0.00000              -0.07000 
              0.00000               0.00000              -0.07000 
              0.00000               0.00000              -0.07000 
              0.00000               0.00000              -0.07000 
              0.00000               0.00000              -0.07000 
              0.00000               0.00000              -0.07000 
              0.00000               0.00000              -0.07000 
              0.00000               0.00000              -0.07000 
              0.00000               0.00000              -0.07000 
              0.00000               0.00000              -0.07000 
              0.00000               0.00000              -0.07000 
              0.00000               0.00000              -0.07000 
              0.00000               0.00000              -0.07000 
              0.00000               0.00000              -0.07000 
              0.00000               0.00000              -0.07000 
              0.00000               0.00000              -0.07000 
              0.00000               0.00000              -0.07000 
              0.00000               0.00000              -0.07000 
              0.00000               0.00000              -0.07000 
              0.00000               0.00000              -0.07000 
              0.00000               0.00000              -0.07000 
              0.00000               0.00000              -0.07000 
              0.00000               0.00000              -0.07000 
              0.00000               0.00000              -0.07000 
              0.00000               0.00000              -0.07000 
              0.00000               0.00000              -0.07000 
              0.00000               0.00000              -0.07000 
              0.00000               0.00000              -0.07000 
              0.00000               0.00000              -0.07000 
              0.00000               0.00000              -0.07000 
              0.00000               0.00000              -0.07000 
              0.00000               0.00000              -0.07000 
              0.00000               0.00000              -0.07000 
              0.00000               0.00000              -0.07000 
              0.00000               0.00000              -0.07000 
              0.00000               0.00000              -0.07000 
              0.00000               0.00000              -0.07000 
              0.00000               0.00000              -0.07000 
              0.00000               0.00000              -0.07000 
              0.00000               0.00000              -0.07000 
              0.00000               0.00000              -0.07000 
              0.00000               0.00000              -0.07000 
              0.00000               0.00000              -0.07000 
              0.00000               0.00000              -0.07000 
              0.00000               0.00000              -0.07000 
              0.00000               0.00000              -0.07000 
              0.00000               0.00000              -0.07000 
              0.00000               0.00000              -0.07000 
              0.00000               0.00000              -0.07000 
              0.00000               0.00000              -0.07000 
              0.00000               0.00000              -0.07000 
              0.00000               0.00000              -0.07000 
              0.00000               0.00000              -0.07000 
              0.00000               0.00000              -0.07000 
              0.00000               0.00000              -0.07000 
              0.00000               0.00000              -0.07000 
              0.00000               0.00000              -0.07000 
              0.00000               0.00000              -0.07000 
              0.00000               0.00000              -0.07000 
              0.00000               0.00000              -0.07000 
              0.00000               0.00000              -0.07000 
              0.00000               0.00000              -0.07000 
              0.00000               0.00000              -0.07000 
              0.00000               0.00000              -0.07000 
              0.00000               0.00000              -0.07000 
              0.00000               0.00000              -0.07000 
              0.00000               0.00000              -0.07000 
              0.00000               0.00000              -0.07000 
              0.00000               0.00000              -0.07000 
              0.00000               0.00000              -0.07000 
              0.00000               0.00000              -0.07000 
              0.00000               0.00000              -0.07000 
              0.00000               0.00000              -0.07000 
              0.00000               0.00000              -0.07000 
              0.00000               0.00000              -0.07000 
              0.00000               0.00000              -0.07000 
              0.00000               0.00000              -0.07000 
              0.00000               0.00000              -0.07000 
              0.00000               0.00000              -0.07000 
              0.00000               0.00000              -0.07000 
              0.00000               0.00000              -0.07000 
              0.00000               0.00000              -0.07000 
              0.00000               0.00000              -0.07000 
              0.00000               0.00000              -0.07000 
              0.00000               0.00000              -0.07000 
              0.00000               0.00000              -0.07000 
              0.00000               0.00000              -0.07000 
              0.00000               0.00000              -0.07000 
              0.00000               0.00000              -0.07000 
              0.00000               0.00000              -0.07000 
              0.00000               0.00000              -0.07000 
              0.00000               0.00000              -0.07000 
              0.00000               0.00000              -0.07000 
              0.00000               0.00000              -0.07000 
              0.00000               0.00000              -0.07000 
              0.00000               0.00000              -0.07000 
              0.00000               0.00000              -0.07000 
              0.00000               0.00000              -0.07000 
              0.00000               0.00000              -0.07000 
              0.00000               0.00000              -0.07000 
              0.00000               0.00000              -0.07000 
              0.00000               0.00000              -0.07000 
              0.00000               0.00000              -0.07000 
              0.00000               0.00000              -0.07000 
              0.00000               0.00000              -0.07000 
              0.00000               0.00000              -0.07000 
              0.00000               0.00000              -0.07000 
              0.00000               0.00000              -0.07000 
              0.00000               0.00000              -0.07000 
              0.00000               0.00000              -0.07000 
              0.00000               0.00000              -0.07000 
              0.00000               0.00000              -0.07000 
              0.00000               0.00000              -0.07000 
              0.00000               0.00000              -0.07000 
              0.00000               0.00000              -0.07000 
              0.00000               0.00000              -0.07000 
              0.00000               0.00000              -0.07000 
              0.00000               0.00000              -0.07000 
              0.00000               0.00000              -0.07000 
              0.00000               0.00000              -0.07000 
              0.00000               0.00000              -0.07000 
              0.00000               0.00000              -0.07000 
              0.00000               0.00000              -0.07000 
              0.00000               0.00000              -0.07000 
              0.00000               0.00000              -0.07000 
              0.00000               0.00000              -0.07000 
              0.00000               0.00000              -0.07000 
              0.00000               0.00000              -0.07000 
              0.00000               0.00000              -0.07000 
              0.00000               0.00000              -0.07000 
              0.00000               0.00000              -0.07000 
              0.00000               0.00000              -0.07000 
              0.00000               0.00000              -0.07000 
              0.00000               0.00000              -0.07000 
              0.00000               0.00000              -0.07000 
              0.00000               0.00000              -0.07000 
              0.00000               0.00000              -0.07000 
              0.00000               0.00000              -0.07000 
              0.00000               0.00000              -0.07000 
              0.00000               0.00000              -0.07000 
              0.00000               0.00000              -0.07000 
              0.00000               0.00000              -0.07000 
              0.00000               0.00000              -0.07000 
              0.00000               0.00000              -0.07000 
              0.00000               0.00000              -0.07000 
              0.00000               0.00000              -0.07000 
              0.00000               0.00000              -0.07000 
              0.00000               0.00000              -0.07000 
              0.00000               0.00000              -0.07000 
              0.00000               0.00000              -0.07000 
              0.00000               0.00000              -0.07000 
              0.00000               0.00000              -0.07000 
              0.00000               0.00000              -0.07000 
              0.00000               0.00000              -0.07000 
              0.00000               0.00000              -0.07000 
              0.00000               0.00000              -0.07000 
              0.00000               0.00000              -0.07000 
              0.00000               0.00000              -0.07000 
              0.00000               0.00000              -0.07000 
              0.00000               0.00000              -0.07000 
              0.00000               0.00000              -0.07000 
              0.00000               0.00000              -0.07000 
              0.00000               0.00000              -0.07000 
              0.00000               0.00000              -0.07000 
              0.00000               0.00000              -0.07000 
              0.00000               0.00000              -0.07000 
              0.00000               0.00000              -0.07000 
              0.00000               0.00000              -0.07000 
              0.00000               0.00000              -0.07000 
              0.00000               0.00000              -0.07000 
              0.00000               0.00000              -0.07000 
              0.00000               0.00000              -0.07000 
              0.00000               0.00000              -0.07000 
              0.00000               0.00000              -0.07000 
              0.00000               0.00000              -0.07000 
              0.00000               0.00000              -0.07000 
              0.00000               0.00000              -0.07000 
              0.00000               0.00000              -0.07000 
              0.00000               0.00000              -0.07000 
              0.00000               0.00000              -0.07000 
              0.00000               0.00000              -0.07000 
              0.00000               0.00000              -0.07000 
              0.00000               0.00000              -0.07000 
              0.00000               0.00000              -0.07000 
              0.00000               0.00000              -0.07000 
              0.00000               0.00000              -0.07000 
              0.00000               0.00000              -0.07000 
              0.00000               0.00000              -0.07000 
              0.00000               0.00000              -0.07000 
              0.00000               0.00000              -0.07000 
              0.00000               0.00000              -0.07000 
              0.00000               0.00000              -0.07000 
              0.00000               0.00000              -0.07000 
              0.00000               0.00000              -0.07000 
              0.00000               0.00000              -0.07000 
              0.00000               0.00000              -0.07000 
              0.00000               0.00000              -0.07000 
              0.00000               0.00000              -0.07000 
              0.00000               0.00000              -0.07000 
              0.00000               0.00000              -0.07000 
              0.00000               0.00000              -0.07000 
              0.00000               0.00000              -0.07000 
              0.00000               0.00000              -0.07000 
              0.00000               0.00000              -0.07000 
              0.00000               0.00000              -0.07000 
              0.00000               0.00000              -0.07000 
              0.00000               0.00000              -0.07000 
              0.00000               0.00000              -0.07000 
              0.00000               0.00000              -0.07000 
              0.00000               0.00000              -0.07000 
              0.00000               0.00000              -0.07000 
              0.00000               0.00000              -0.07000 
              0.00000               0.00000              -0.07000 
              0.00000               0.00000              -0.07000 
              0.00000               0.00000              -0.07000 
              0.00000               0.00000              -0.07000 
              0.00000               0.00000              -0.07000 
              0.00000               0.00000              -0.07000 
              0.00000               0.00000              -0.07000 
              0.00000               0.00000              -0.07000 
              0.00000               0.00000              -0.07000 
              0.00000               0.00000              -0.07000 
              0.00000               0.00000              -0.07000 
              0.00000               0.00000              -0.07000 
              0.00000               0.00000              -0.07000 
              0.00000               0.00000              -0.07000 
              0.00000               0.00000              -0.07000 
              0.00000               0.00000              -0.07000 
              0.00000               0.00000              -0.07000 
              0.00000               0.00000              -0.07000 
              0.00000               0.00000              -0.07000 
              0.00000               0.00000              -0.07000 
              0.00000               0.00000              -0.07000 
              0.00000               0.00000              -0.07000 
              0.00000               0.00000              -0.07000 
              0.00000               0.00000              -0.07000 
              0.00000               0.00000              -0.07000 
              0.00000               0.00000              -0.07000 
              0.00000               0.00000              -0.07000 
              0.00000               0.00000              -0.07000 
              0.00000               0.00000              -0.07000 
              0.00000               0.00000              -0.07000 
              0.00000               0.00000              -0.07000 
              0.00000               0.00000              -0.07000 
              0.00000               0.00000              -0.07000 
              0.00000               0.00000              -0.07000 
              0.00000               0.00000              -0.07000 
              0.00000               0.00000              -0.07000 
              0.00000               0.00000              -0.07000 
              0.00000               0.00000              -0.07000 
              0.00000               0.00000              -0.07000 
              0.00000               0.00000              -0.07000 
              0.00000               0.00000              -0.07000 
              0.00000               0.00000              -0.07000 
              0.00000               0.00000              -0.07000 
              0.00000               0.00000              -0.07000 
              0.00000               0.00000              -0.07000 
              0.00000               0.00000              -0.07000 
              0.00000               0.00000              -0.07000 
              0.00000               0.00000              -0.07000 
              0.00000               0.00000              -0.07000 
              0.00000               0.00000              -0.07000 
              0.00000               0.00000              -0.07000 
             -0.00195              -0.00276              -0.07401 
             -2.10864              -3.70030               3.37280 
              0.00000               0.00000              -0.07000 
              0.00000               0.00000              -0.07000 
              0.00000               0.00000              -0.07000 
              0.00000               0.00000              -0.07000 
              0.00000               0.00000              -0.07000 
              0.00000               0.00000              -0.07000 
              0.00000               0.00000              -0.07000 
              0.00000               0.00000              -0.07000 
              0.00000               0.00000              -0.07000 
              0.00000               0.00000              -0.07000 
              0.00157               0.00000              -0.07306 
              0.02890               0.00000              -0.10660 
             -0.52688               0.00000               0.30173 
              0.01732               0.00000              -0.09534 
              0.00024               0.00000              -0.07399 
              0.00000               0.00000              -0.06952 
              0.00000               0.00000              -0.06697 
              0.00000               0.00000              -0.07000 
              0.00000               0.00000              -0.07000 
              0.00000               0.00000              -0.07000 
              0.00000               0.00000              -0.07000 
              0.00000               0.00000              -0.07000 
              0.00000               0.00000              -0.07000 
              0.00000               0.00000              -0.07000 
              0.00000               0.00000              -0.07000 
              0.00000               0.00000              -0.07000 
              0.00000               0.00000              -0.07000 
              0.00000               0.00000              -0.07000 
              0.00000               0.00000              -0.07000 
              0.00000               0.00000              -0.07000 
              0.00000               0.00000              -0.07000 
              0.00000               0.00000              -0.07000 
              0.00000               0.00000              -0.07000 
              0.00000               0.00000              -0.07000 
              0.00000               0.00000              -0.07000 
              0.00000               0.00000              -0.07000 
              0.00000               0.00000              -0.07000 
              0.00000               0.00000              -0.07000 
              0.00000               0.00000              -0.07000 
              0.00000               0.00000              -0.07000 
              0.00000               0.00000              -0.07000 
              0.00000               0.00000              -0.07000 
              0.00000               0.00000              -0.07000 
              0.00000               0.00000              -0.07000 
              0.00000               0.00000              -0.07000 
              0.00000               0.00000              -0.07000 
              0.00000               0.00000              -0.07000 
              0.00000               0.00000              -0.07000 
              0.00000               0.00000              -0.07000 
              0.00000               0.00000              -0.07000 
              0.00000               0.00000              -0.07000 
              0.00000               0.00000              -0.07000 
              0.00000               0.00000              -0.07000 
              0.00000               0.00000              -0.07000 
              0.00000               0.00000              -0.07000 
              0.00000               0.00000              -0.07000 
              0.00000               0.00000              -0.07000 
              0.00000               0.00000              -0.07000 
              0.00000               0.00000              -0.07000 
              0.00000               0.00000              -0.07000 
              0.00000               0.00000              -0.07000 
              0.00000               0.00000              -0.07000 
              0.00000               0.00000              -0.07000 
              0.00000               0.00000              -0.07000 
              0.00000               0.00000              -0.07000 
              0.00000               0.00000              -0.07000 
              0.00000               0.00000              -0.07000 
              0.00000               0.00000              -0.07000 
              0.00000               0.00000              -0.07000 
              0.00000               0.00000              -0.07000 
              0.00000               0.00000              -0.07000 
              0.00000               0.00000              -0.07000 
              0.00000               0.00000              -0.07000 
