              0.00254              -0.00072              -0.32606 
              0.00283              -0.00197              -0.06956 
              0.00270              -0.00269               0.18291 
              0.00177              -0.00128               0.10393 
              0.00158               0.00035              -0.07392 
              0.00024              -0.00000              -0.34756 
             -0.00197               0.00059              -0.39236 
             -0.00054              -0.00174              -0.34702 
              0.00182              -0.00185              -0.08377 
              0.00229              -0.00163               0.17688 
              0.00186              -0.00042               0.06983 
              0.00060              -0.00004              -0.02620 
             -0.00002               0.00042              -0.40929 
              0.00043              -0.00226              -0.40056 
              0.00217              -0.00233              -0.36517 
              0.00185              -0.00111               0.02410 
              0.00256               0.00116               0.45490 
              0.00346              -0.00130               0.48603 
              0.00054              -0.00261               0.13592 
             -0.00011              -0.00155              -0.36888 
              0.00059              -0.00042              -0.49194 
              0.00176              -0.00133              -0.36474 
              0.00257              -0.00215               0.14100 
              0.00220              -0.00100               0.62710 
              0.00231              -0.00034               0.37538 
              0.00182              -0.00139               0.16006 
             -0.00142               0.00030              -0.40992 
             -0.00015              -0.01251               0.17178 
              0.00148              -0.00519               0.43922 
              0.00334               0.00315               0.11482 
             -0.01626               0.00014               0.67685 
             -0.01498              -0.00109               0.49177 
              0.00121              -0.00255               0.50614 
              0.00139               0.01055               1.24995 
             -0.01536               0.00873              -0.12819 
             -0.02198               0.00496               0.00042 
             -0.01952              -0.00334              -0.22683 
              0.00679               0.00276              -0.35192 
             -0.00233              -0.00269              -0.17483 
             -0.00185               0.00240              -0.03335 
             -0.00671               0.00025              -0.35315 
             -0.01681               0.00085              -0.52590 
              0.00508               0.00304              -0.12028 
              0.00000              -0.01007               0.05191 
             -0.01746              -0.00613              -0.07187 
              0.00668               0.00218              -0.02522 
             -0.00148               0.00153              -0.33282 
             -0.00505               0.00277               0.13611 
              0.00277               0.00330              -0.00455 
              0.01347               0.00000              -0.09501 
             -0.00495              -0.03037              -0.39350 
              0.00160               0.00101              -0.99135 
             -0.04329              -0.01892               0.25435 
             -0.01181              -0.01819              -0.21325 
             -0.01395              -0.01544               0.51195 
             -0.00763              -0.00146               0.79664 
              0.01267              -0.00002              -0.15137 
             -0.01485              -0.01578               0.18517 
             -0.03160              -0.00798               0.43634 
             -0.00746               0.00076              -0.48691 
             -0.00824              -0.00647              -0.48768 
             -0.00780               0.00066               0.54773 
             -0.01745              -0.00033               0.22474 
             -0.03886               0.00562               0.59550 
             -0.01483               0.01203              -0.27552 
              0.00624               0.00237              -0.62300 
              0.08054              -0.00491               0.21799 
              0.03526              -0.01054               0.02986 
             -0.00053              -0.00144              -0.36556 
              0.01250               0.06340               0.29387 
              0.01527               0.00718              -0.33037 
             -0.07206              -0.00842               0.15223 
             -0.03566               0.00070              -0.21625 
              0.00953               0.00408              -0.46257 
              0.00390              -0.04712              -0.08830 
             -0.02084               0.00518              -0.37893 
             -0.01077               0.05525               0.58789 
              0.00936               0.01642              -0.69158 
              0.07740               0.01524              -0.08123 
              0.00081               0.04489              -0.08396 
              0.01175              -0.01256               0.26074 
              0.04813              -0.05759               0.92634 
              0.04332              -0.06007               0.11569 
             -0.01999              -0.02377              -0.09388 
             -0.06357              -0.01094               0.01604 
             -0.08558              -0.01415               0.15402 
             -0.04122               0.03031              -0.13379 
             -0.00703               0.05055               0.60679 
              0.04258               0.10994               0.62063 
             -0.00126               0.00905              -0.42863 
              0.00363              -0.04783               0.60399 
             -0.02162              -0.00759              -0.64997 
             -0.00264              -0.03685              -0.19680 
              0.01156              -0.03458               0.08172 
              0.01952               0.00669              -0.21413 
              0.03056               0.01757              -0.46342 
              0.09193              -0.01242               0.35498 
              0.06012               0.00288              -0.05692 
             -0.01618               0.00775              -0.34666 
             -0.02685              -0.00239               0.93253 
              0.00094               0.06604              -0.26932 
             -0.00542              -0.01846               0.06573 
              0.01833               0.00923              -0.20873 
              0.00924              -0.00568              -0.26865 
             -0.05002               0.00746              -0.32519 
             -0.11924               0.02587               0.14554 
             -0.00588               0.02965               0.16852 
              0.01308              -0.02219               0.37808 
              0.00898               0.01068               0.16478 
              0.08647              -0.02050               0.77711 
              0.06147               0.01289              -0.36605 
              0.03586               0.03127               0.15004 
             -0.01468               0.06013              -0.02955 
             -0.04966              -0.00958              -0.09273 
             -0.04312              -0.06359               0.99964 
              0.00170               0.01656              -0.43200 
             -0.07278              -0.02200              -0.04284 
             -0.01356               0.00608              -0.67637 
             -0.00870               0.04153              -0.25611 
             -0.02334               0.04596               0.27923 
              0.00991               0.02195               0.51514 
             -0.00541              -0.01707              -0.31704 
             -0.04297              -0.00301               0.53131 
              0.05890               0.00676              -0.11017 
              0.03580               0.00547              -0.24439 
              0.00449               0.00749               0.01004 
             -0.00742              -0.02354              -0.45158 
              0.00342              -0.08804               0.22092 
             -0.00296              -0.01688               0.03334 
              0.03862               0.05514               0.35258 
             -0.00179               0.02993              -0.55360 
             -0.00895              -0.01520              -0.49525 
             -0.08526               0.00253               0.00715 
             -0.03695               0.04949              -0.02958 
             -0.01308               0.05292              -0.15996 
              0.04148               0.16810               1.40141 
              0.01879               0.01642              -0.04114 
              0.06553              -0.00628               0.19193 
              0.03342               0.03369               0.22735 
             -0.02114               0.03422              -0.22295 
             -0.06453               0.00391              -0.36145 
             -0.15608              -0.10150               0.01210 
             -0.00336              -0.03842              -0.38984 
              0.08222              -0.02220               0.15760 
              0.01141               0.00589              -0.32979 
             -0.05362               0.00624               0.08697 
             -0.04758               0.01483              -0.53630 
              0.01494               0.01895               0.23647 
              0.07059               0.04021               1.01502 
              0.11973              -0.00622              -0.35817 
              0.14356               0.00045               0.57909 
             -0.00312               0.06807              -0.64533 
             -0.01111               0.00495               0.60271 
             -0.05101               0.00584              -0.03499 
             -0.00829               0.00306              -0.07333 
              0.07959              -0.03617               0.44437 
              0.05296              -0.03152              -0.42464 
             -0.00204              -0.04066               0.81373 
             -0.03790              -0.03925              -0.00580 
             -0.08039               0.00757               0.08701 
             -0.08396              -0.02564               0.67849 
              0.02236              -0.01201              -0.62427 
              0.09248              -0.06168               0.36315 
              0.00340              -0.01366              -0.29152 
             -0.05824              -0.07803               0.74889 
             -0.00217              -0.03414              -0.56303 
              0.19124              -0.01459               0.15634 
              0.05503               0.01206              -0.81454 
             -0.01408              -0.01529               0.11818 
             -0.00127              -0.05477               0.14425 
              0.01577              -0.04126               0.27522 
             -0.04140              -0.00933              -0.00170 
              0.00544               0.00724               0.35255 
             -0.01704               0.01487              -0.58343 
              0.05475              -0.02166              -0.33056 
              0.03988              -0.01512              -0.28444 
              0.02929              -0.01398               0.41287 
              0.01397               0.00437              -0.08611 
             -0.00032              -0.01016              -0.08939 
              0.00094              -0.00896               0.39925 
              0.00250              -0.03588              -0.39878 
              0.04056              -0.06940               0.32369 
              0.05441              -0.05758              -0.11849 
              0.01696              -0.03902              -0.22566 
             -0.01202              -0.02932              -0.08263 
              0.00288               0.02945               0.35705 
              0.00668               0.02989              -0.13849 
              0.06106              -0.04359              -0.10687 
             -0.01394              -0.06038              -0.04646 
              0.00292              -0.00538              -0.03903 
              0.11485               0.03997              -0.18843 
              0.07493              -0.02215               0.22127 
              0.01945              -0.07099              -0.07279 
              0.00882              -0.05086              -0.36312 
              0.01227               0.04448               0.00746 
              0.01162               0.03664              -0.28576 
              0.05814               0.03113               0.23461 
              0.06439               0.03971               0.27166 
              0.04275              -0.01299               0.10766 
             -0.02836              -0.02363               0.20036 
              0.00111              -0.05744              -0.21855 
              0.01844              -0.02690              -0.14964 
             -0.01930              -0.02517              -0.28591 
              0.02152               0.00488              -0.24734 
             -0.00138              -0.00032               0.09972 
              0.05273              -0.02828              -0.19891 
              0.06011              -0.03939               0.57499 
              0.06256              -0.04516               0.21027 
              0.02364              -0.04173               0.00773 
              0.05878               0.03930               0.24744 
              0.04564               0.02725               0.14422 
             -0.00949               0.06851              -0.51278 
              0.05658              -0.04911               0.40505 
              0.00546              -0.05492              -0.12025 
              0.04104              -0.02354              -0.24996 
              0.04213               0.00077               0.14898 
              0.02238               0.00547              -0.23661 
              0.05761              -0.00514              -0.03274 
             -0.01444              -0.03049              -0.03833 
              0.03681              -0.12367               0.06929 
              0.05679              -0.07369              -0.17082 
              0.03327              -0.01673              -0.09056 
              0.04475               0.02947               0.31517 
              0.03044               0.04375              -0.22057 
              0.01802               0.00875               0.14071 
             -0.02691              -0.11221              -0.43948 
              0.04115              -0.02752              -0.29598 
              0.01118               0.01139              -0.58489 
              0.00867               0.03205               0.51130 
              0.02654              -0.02751              -0.15113 
              0.01538              -0.09363              -0.20201 
              0.01870              -0.06404              -0.37440 
              0.03248               0.00993              -0.42867 
             -0.06342               0.02601               0.06827 
             -0.07318              -0.05222               0.25874 
              0.07759              -0.02512               0.72787 
              0.09130               0.03667              -0.21963 
              0.00399               0.07152               0.30589 
             -0.01702               0.05943               0.21709 
             -0.02406               0.02999              -0.42092 
              0.05425               0.00428              -0.00124 
             -0.00987              -0.02486              -0.15997 
              0.00573              -0.07386               0.05417 
              0.06405              -0.13116               0.10588 
             -0.06460              -0.01269               0.44895 
             -0.04983              -0.01443              -0.11033 
              0.01575               0.04110              -0.08759 
             -0.00364               0.08995              -0.13269 
             -0.00005              -0.01196               0.02093 
             -0.02072              -0.05815               0.07550 
              0.00722              -0.05722              -0.56746 
              0.04669              -0.01939               0.00531 
              0.11134              -0.01542              -0.02535 
             -0.01254               0.00407              -0.09420 
             -0.11993              -0.00408              -0.01436 
             -0.01250              -0.02528              -0.50130 
             -0.00901               0.02392              -0.55267 
             -0.01500              -0.00940              -0.16964 
              0.03826              -0.03734               0.18117 
              0.07435              -0.00868               0.59242 
              0.03213              -0.03516               0.11116 
              0.01225               0.06106              -0.43320 
              0.02027               0.00042               0.10992 
              0.03592              -0.02008              -0.47719 
             -0.00459              -0.02404               0.05668 
             -0.01043              -0.00661              -0.22320 
             -0.02963              -0.00849               0.54651 
              0.05858               0.08046              -0.01590 
             -0.05376               0.04550               0.38569 
              0.01664               0.01124              -0.23323 
             -0.00179              -0.09243               0.30333 
             -0.10774              -0.13043               0.52139 
             -0.05079               0.01457              -0.07004 
              0.02974               0.04555               0.16728 
              0.02976               0.01577              -0.10958 
             -0.00610               0.03740              -0.44218 
             -0.02301              -0.09735              -0.50293 
              0.00850              -0.06928               0.50003 
              0.01295               0.05610               0.22781 
              0.05908               0.07514              -0.05740 
             -0.02813               0.02931               0.26959 
              0.00075              -0.03278              -0.41417 
             -0.01842               0.04194              -0.07829 
             -0.02956              -0.00255              -0.26943 
              0.03688              -0.01855              -0.12406 
              0.12006              -0.02364              -0.07702 
              0.00603              -0.06149              -0.05966 
             -0.06014              -0.20253               0.51796 
             -0.01715              -0.09128               0.04866 
              0.00537              -0.02298              -0.03675 
             -0.02239              -0.04834               0.37792 
              0.01295              -0.05119              -0.36836 
              0.07749               0.09660               0.30154 
             -0.01145              -0.00581              -0.25431 
             -0.00097              -0.17316               0.10098 
             -0.00302              -0.09080               0.19670 
              0.10963              -0.03103               0.11918 
              0.10698              -0.12514               0.03893 
              0.09508              -0.04227               0.15290 
             -0.00718              -0.00524              -0.61095 
              0.00318              -0.03920               0.47052 
              0.10121              -0.03755              -0.30771 
              0.03212              -0.06877              -0.21659 
              0.03622              -0.05290              -0.15534 
             -0.04085              -0.00267              -0.00427 
             -0.01086              -0.02220              -0.51944 
             -0.04547               0.07011               0.93409 
              0.02599              -0.00749              -0.20534 
              0.07959              -0.08561              -0.22797 
              0.03902              -0.03745               0.38107 
              0.01372              -0.05628              -0.52003 
              0.03618              -0.02350               0.65512 
              0.00182              -0.01244              -0.59426 
              0.02411               0.00920               0.04973 
             -0.03710              -0.05385              -0.50743 
              0.02118              -0.06310               0.14006 
              0.08265              -0.02308               0.21466 
             -0.01024              -0.01027              -0.43424 
             -0.08233              -0.04887               0.62462 
              0.07735              -0.00886              -0.49281 
              0.02078               0.00769               0.33056 
              0.02232              -0.06318              -0.23219 
             -0.00885              -0.04026               0.22956 
              0.00457              -0.00755              -0.57815 
              0.01699              -0.00628              -0.03157 
              0.00077              -0.05489               0.04797 
             -0.02536              -0.03072               0.14492 
             -0.00350              -0.04371              -0.13992 
             -0.00510              -0.02751              -0.48427 
              0.00676              -0.07870              -0.10339 
             -0.02691               0.03718              -0.36127 
             -0.08961              -0.02516               0.21886 
              0.02691               0.01294               1.04232 
              0.04778              -0.02681              -0.29412 
              0.07172              -0.01811               0.16258 
              0.00415              -0.01390              -0.00919 
             -0.00772               0.02864              -0.19239 
              0.01892              -0.07790               0.00058 
              0.03619              -0.00422              -0.11115 
              0.02615              -0.08542              -0.07103 
             -0.07080              -0.00512              -0.08114 
             -0.13045               0.08429               0.24143 
             -0.04865               0.11590              -0.06508 
             -0.02070               0.04717              -0.27786 
              0.05051              -0.07250              -0.24487 
             -0.00748              -0.04882              -0.27839 
             -0.03731              -0.02767               0.48167 
             -0.01001               0.08264              -0.37440 
             -0.03411               0.09790               0.21429 
              0.04582               0.03786               0.07867 
             -0.03056              -0.21014              -0.50215 
              0.05357              -0.27938               0.29379 
             -0.03538               0.09115              -0.15344 
             -0.13508               0.39993               0.69778 
             -0.09610               0.11041               0.16040 
              0.06296               0.01610              -0.40205 
             -0.10999              -0.07442               0.00827 
             -0.04870              -0.00317              -0.07991 
             -0.01806               0.05666              -0.09819 
              0.05198               0.15048              -0.18243 
              0.06416               0.11238               0.48554 
              0.20440               0.15226               0.25488 
              0.11878               0.11394              -0.25597 
             -0.03824              -0.00320               0.69258 
             -0.01042              -0.00232              -0.57586 
             -0.01618               0.06479              -0.11908 
              0.04757               0.08359              -0.02622 
              0.04000               0.10850              -0.03658 
              0.00656               0.05817               0.15152 
              0.04888               0.07321               0.11148 
             -0.01702              -0.00304               0.56942 
             -0.01912              -0.03308              -0.19734 
             -0.00819               0.02988              -0.10959 
             -0.01451               0.02025               0.05380 
              0.02268               0.03157              -0.53162 
             -0.05793              -0.03018              -0.12866 
             -0.10112              -0.03259              -0.35121 
              0.02728              -0.01665              -0.56634 
              0.02580               0.09957               0.25158 
              0.09513               0.14962               0.09890 
              0.06543               0.10832               0.00757 
              0.02252               0.02110               0.68233 
             -0.03066              -0.03122              -0.36597 
             -0.06496              -0.10237              -0.29290 
              0.14645               0.05228              -0.30233 
             -0.10734               0.01774              -0.10327 
             -0.19061               0.06132               0.09191 
             -0.10831               0.06057               0.41173 
             -0.16184              -0.11273               0.74784 
             -0.07198              -0.06617              -0.19191 
              0.05851               0.00582               0.00978 
              0.05580               0.07005              -0.34479 
              0.02708              -0.04497              -0.25827 
             -0.13850              -0.02021               0.72212 
             -0.09762               0.01472              -0.07284 
             -0.09178               0.03702               0.33918 
             -0.00197               0.11892               0.10748 
              0.00101               0.01154              -0.35239 
             -0.01724              -0.04107              -0.52729 
             -0.11063              -0.05630               0.11165 
