           -526.25542               1.08678            -525.16864              84.07640 
           -526.83862               1.70793            -525.13069             132.13058 
           -526.36033               1.23973            -525.12060              95.90923 
           -526.70744               1.53836            -525.16908             119.01173 
           -527.06351               1.86575            -525.19775             144.34029 
           -526.98271               1.81190            -525.17081             140.17420 
           -526.54543               1.42586            -525.11957             110.30881 
           -526.62011               1.49486            -525.12525             115.64665 
           -526.83671               1.65236            -525.18435             127.83136 
           -526.56550               1.36682            -525.19868             105.74131 
           -526.72057               1.57138            -525.14919             121.56644 
           -527.61595               2.49371            -525.12225             192.92057 
           -527.35593               2.21615            -525.13977             171.44825 
           -526.77100               1.59212            -525.17888             123.17095 
           -526.77951               1.58225            -525.19726             122.40772 
           -526.94515               1.77994            -525.16521             137.70125 
           -526.42588               1.32279            -525.10309             102.33464 
           -527.03778               1.90281            -525.13497             147.20736 
           -527.67106               2.47671            -525.19435             191.60545 
           -527.53705               2.33962            -525.19743             181.00036 
           -526.96433               1.81482            -525.14952             140.39976 
           -527.12329               2.00497            -525.11832             155.11032 
           -527.31322               2.17796            -525.13526             168.49381 
           -527.00965               1.83000            -525.17965             141.57464 
           -527.24916               2.04921            -525.19995             158.53288 
           -527.88524               2.72650            -525.15874             210.93024 
           -527.61419               2.50641            -525.10778             193.90344 
           -527.70915               2.57857            -525.13058             199.48587 
           -527.54106               2.37989            -525.16117             184.11522 
           -527.92337               2.74654            -525.17684             212.48017 
           -527.33205               2.20555            -525.12649             170.62821 
           -527.71649               2.62608            -525.09041             203.16108 
           -528.14633               3.05106            -525.09527             236.03942 
           -529.04478               3.90244            -525.14235             301.90429 
           -529.18336               4.04205            -525.14131             312.70480 
           -529.97268               4.87932            -525.09336             377.47872 
           -530.64331               5.57978            -525.06352             431.66871 
           -530.93317               5.74828            -525.18489             444.70414 
           -530.27790               4.83164            -525.44626             373.78981 
           -530.48916               4.70194            -525.78722             363.75638 
           -531.45228               5.44434            -526.00794             421.19028 
           -531.79419               5.65391            -526.14028             437.40340 
           -531.06886               5.09736            -525.97151             394.34672 
           -530.77291               5.32609            -525.44682             412.04205 
           -531.05521               6.20101            -524.85420             479.72836 
           -531.64388               7.11524            -524.52864             550.45644 
           -530.71649               6.03652            -524.67997             467.00349 
           -530.89165               5.90534            -524.98631             456.85479 
           -530.27512               5.31323            -524.96189             411.04744 
           -530.38716               5.73270            -524.65446             443.49842 
           -531.63184               7.18439            -524.44745             555.80555 
           -531.73072               7.12091            -524.60981             550.89460 
           -531.15958               6.18639            -524.97319             478.59792 
           -530.37582               5.21685            -525.15897             403.59108 
           -529.47526               4.26035            -525.21491             329.59303 
           -531.03222               5.47871            -525.55352             423.84907 
           -531.98895               5.93888            -526.05007             459.44915 
           -532.98738               6.74716            -526.24022             521.98068 
           -531.27752               5.49765            -525.77987             425.31422 
           -529.88826               4.62704            -525.26122             357.96196 
           -528.79293               3.64432            -525.14861             281.93515 
           -529.56389               4.31856            -525.24533             334.09656 
           -530.18869               5.07216            -525.11654             392.39729 
           -530.99637               6.35821            -524.63817             491.88978 
           -531.57023               7.23625            -524.33398             559.81792 
           -530.81331               6.33380            -524.47951             490.00195 
           -528.83321               4.23023            -524.60298             327.26303 
           -527.59056               3.05380            -524.53675             236.25132 
           -527.55720               2.89108            -524.66612             223.66250 
           -529.60049               4.56262            -525.03787             352.97776 
           -531.36684               6.16025            -525.20659             476.57532 
           -530.77141               5.74807            -525.02334             444.68808 
           -530.26755               5.51786            -524.74970             426.87800 
           -528.88855               4.18520            -524.70336             323.77932 
           -528.97804               4.30246            -524.67558             332.85139 
           -528.58889               4.23720            -524.35169             327.80246 
           -527.98738               4.14185            -523.84554             320.42557 
           -529.21327               5.85169            -523.36158             452.70428 
           -530.45982               7.49870            -522.96113             580.12173 
           -531.57102               8.73289            -522.83813             675.60279 
           -530.77714               8.01669            -522.76044             620.19538 
           -529.92184               7.25000            -522.67185             560.88155 
           -530.03298               7.35850            -522.67448             569.27531 
           -530.05004               7.22190            -522.82814             558.70810 
           -529.52154               6.45872            -523.06282             499.66582 
           -529.11416               5.76444            -523.34972             445.95455 
           -530.21015               6.58518            -523.62497             509.44936 
           -531.00550               7.19701            -523.80849             556.78225 
           -531.10083               7.18862            -523.91221             556.13297 
           -531.03737               7.16437            -523.87301             554.25681 
           -530.43013               6.82181            -523.60832             527.75539 
           -529.60898               6.43390            -523.17508             497.74550 
           -528.60922               5.70630            -522.90292             441.45627 
           -528.67142               5.78259            -522.88884             447.35823 
           -528.16283               5.26133            -522.90150             407.03197 
           -528.05450               5.21194            -522.84256             403.21120 
           -528.39873               5.68284            -522.71589             439.64115 
           -527.79208               5.16241            -522.62967             399.37980 
           -528.21077               5.52890            -522.68187             427.73208 
           -528.19410               5.47072            -522.72338             423.23097 
           -527.93371               5.28435            -522.64936             408.81324 
           -528.65534               6.14520            -522.51015             475.41062 
           -528.87343               6.45748            -522.41595             499.56970 
           -529.32675               6.90990            -522.41685             534.57082 
           -528.46902               5.98496            -522.48406             463.01429 
           -527.69820               5.01006            -522.68814             387.59321 
           -527.06672               4.13875            -522.92797             320.18630 
           -527.18498               4.05350            -523.13148             313.59093 
           -528.97878               5.68719            -523.29160             439.97785 
           -528.64213               5.39441            -523.24773             417.32750 
           -527.95906               4.82667            -523.13239             373.40547 
           -527.21980               4.14436            -523.07544             320.61985 
           -527.09513               4.04683            -523.04831             313.07447 
           -526.10947               3.12329            -522.98618             241.62690 
           -526.15314               3.19928            -522.95386             247.50611 
           -525.89834               2.95006            -522.94828             228.22518 
           -525.99544               3.00404            -522.99140             232.40164 
           -526.70461               3.68963            -523.01498             285.44053 
           -526.18482               3.28370            -522.90112             254.03692 
           -526.61666               3.90200            -522.71467             301.87012 
           -526.85578               4.22941            -522.62636             327.19993 
           -527.05748               4.46826            -522.58923             345.67772 
           -527.82085               5.31805            -522.50280             411.41995 
           -528.10059               5.79269            -522.30790             448.13948 
           -527.66905               5.55581            -522.11325             429.81375 
           -527.01209               4.84589            -522.16621             374.89217 
           -526.49614               3.98837            -522.50777             308.55205 
           -526.24306               3.41587            -522.82720             264.26174 
           -526.65543               3.65931            -522.99612             283.09502 
           -526.93776               3.87477            -523.06298             299.76413 
           -527.68745               4.54474            -523.14271             351.59480 
           -526.63218               3.39790            -523.23428             262.87194 
           -526.01316               2.77224            -523.24092             214.46870 
           -526.30931               3.07908            -523.23023             238.20692 
           -526.48773               3.36255            -523.12518             260.13689 
           -526.13713               3.10980            -523.02733             240.58317 
           -526.94679               3.87611            -523.07069             299.86715 
           -526.46995               3.40041            -523.06955             263.06566 
           -525.65829               2.81998            -522.83831             218.16193 
           -526.18816               3.70238            -522.48577             286.42754 
           -527.44538               5.30626            -522.13912             410.50832 
           -527.47169               5.34338            -522.12831             413.37970 
           -527.92795               5.56780            -522.36014             430.74198 
           -527.84909               5.37998            -522.46911             416.21131 
           -526.88832               4.37901            -522.50931             338.77304 
           -526.59955               3.83394            -522.76561             296.60484 
           -526.91767               3.79847            -523.11920             293.86110 
           -526.60393               3.29245            -523.31148             254.71368 
           -526.45693               3.30038            -523.15655             255.32719 
           -526.90477               3.91178            -522.99299             302.62681 
           -527.15230               4.08470            -523.06760             316.00429 
           -527.15601               3.89861            -523.25740             301.60798 
           -527.22358               3.95297            -523.27060             305.81378 
           -526.74987               3.73314            -523.01673             288.80665 
           -528.36256               5.55880            -522.80376             430.04544 
           -528.00832               5.27908            -522.72924             408.40548 
           -527.61032               4.83757            -522.77275             374.24922 
           -527.94820               5.29886            -522.64934             409.93534 
           -527.16618               4.82598            -522.34020             373.35214 
           -528.38974               6.10712            -522.28261             472.46527 
           -528.76080               6.19388            -522.56692             479.17707 
           -528.92423               6.11427            -522.80996             473.01813 
           -528.87855               6.02588            -522.85267             466.17982 
           -528.06784               5.23020            -522.83764             404.62411 
           -528.56833               5.62839            -522.93994             435.42911 
           -528.35713               5.25950            -523.09763             406.89067 
           -528.34946               5.19455            -523.15492             401.86560 
           -527.83133               4.76178            -523.06956             368.38519 
           -528.15293               5.15593            -522.99700             398.87836 
           -528.65678               5.60070            -523.05607             433.28709 
           -529.22709               6.09607            -523.13102             471.60992 
           -529.57750               6.48689            -523.09061             501.84525 
           -529.18517               6.24865            -522.93652             483.41449 
           -528.96598               6.17772            -522.78826             477.92714 
           -528.44371               5.67529            -522.76842             439.05716 
           -528.54584               5.73347            -522.81238             443.55812 
           -527.92684               5.10556            -522.82128             394.98136 
           -529.12455               6.12613            -522.99842             473.93554 
           -529.00887               5.84466            -523.16421             452.16058 
           -528.76515               5.54530            -523.21986             429.00060 
           -528.01043               4.75677            -523.25366             367.99828 
           -527.40092               4.19916            -523.20176             324.85917 
           -526.91594               3.70612            -523.20982             286.71613 
           -527.46703               4.13185            -523.33518             319.65244 
           -528.24971               4.76324            -523.48646             368.49871 
           -527.86762               4.27921            -523.58841             331.05232 
           -528.03031               4.22636            -523.80395             326.96412 
           -527.87382               3.95452            -523.91929             305.93375 
           -527.33500               3.30854            -524.02646             255.95817 
           -527.24942               3.26019            -523.98923             252.21799 
           -527.87144               3.99161            -523.87983             308.80291 
           -528.60213               4.72211            -523.88002             365.31650 
           -528.35388               4.29937            -524.05451             332.61234 
           -528.52985               4.42193            -524.10792             342.09386 
           -529.23651               5.10830            -524.12821             395.19345 
           -529.05704               4.80228            -524.25476             371.51865 
           -529.52594               5.09771            -524.42823             394.37382 
           -528.79820               4.36564            -524.43256             337.73912 
           -528.01067               3.65145            -524.35922             282.48699 
           -528.69571               4.31879            -524.37692             334.11470 
           -529.07458               4.52088            -524.55370             349.74871 
           -530.48607               5.78804            -524.69803             447.77989 
           -530.25769               5.50475            -524.75294             425.86352 
           -529.75422               4.94650            -524.80772             382.67630 
           -530.03619               5.01625            -525.01994             388.07208 
           -529.23348               3.96879            -525.26469             307.03754 
           -529.70564               4.27120            -525.43444             330.43277 
           -529.66226               4.39027            -525.27199             339.64464 
           -529.48642               4.37877            -525.10766             338.75464 
           -529.71889               4.64847            -525.07042             359.61943 
           -529.14632               4.16656            -524.97975             322.33790 
           -529.68075               4.75521            -524.92553             367.87748 
           -528.90140               4.08336            -524.81803             315.90106 
           -528.29239               3.56831            -524.72408             276.05500 
           -529.35302               4.62349            -524.72953             357.68719 
           -528.94936               4.19866            -524.75070             324.82056 
           -529.31752               4.53913            -524.77839             351.16043 
           -529.43430               4.62764            -524.80666             358.00819 
           -529.72965               4.89024            -524.83941             378.32342 
           -528.58890               3.62718            -524.96173             280.60920 
           -528.42282               3.23552            -525.18730             250.30918 
           -528.15930               2.78029            -525.37901             215.09187 
           -528.83654               3.38906            -525.44748             262.18777 
           -529.44140               4.01636            -525.42504             310.71742 
           -529.15290               3.79779            -525.35511             293.80801 
           -529.63480               4.29064            -525.34417             331.93641 
           -528.48579               3.24276            -525.24303             250.86932 
           -528.01175               2.99269            -525.01906             231.52305 
           -528.46118               3.64235            -524.81883             281.78305 
           -527.88940               3.06071            -524.82869             236.78548 
           -528.74770               3.75251            -524.99518             290.30570 
           -528.52971               3.52712            -525.00259             272.86855 
           -529.32048               4.39666            -524.92383             340.13841 
           -528.91094               4.06546            -524.84549             314.51577 
           -529.75698               4.85983            -524.89715             375.97078 
           -529.27897               4.24930            -525.02967             328.73837 
           -529.45741               4.34589            -525.11152             336.21137 
           -529.12778               4.09671            -525.03108             316.93340 
           -529.69814               4.68268            -525.01546             362.26630 
           -528.91163               3.69910            -525.21254             286.17305 
           -529.66770               4.29209            -525.37562             332.04866 
           -529.92555               4.64632            -525.27924             359.45301 
           -530.71491               5.53133            -525.18357             427.92045 
           -530.06401               4.88000            -525.18401             377.53117 
           -530.03847               4.83414            -525.20434             373.98334 
           -529.58913               4.44434            -525.14479             343.82716 
           -529.62329               4.57118            -525.05211             353.64004 
           -530.18548               5.19528            -524.99019             401.92255 
           -530.13473               5.11199            -525.02274             395.47895 
           -531.04844               5.95362            -525.09482             460.59008 
           -531.54958               6.40289            -525.14670             495.34647 
           -532.19249               7.06930            -525.12319             546.90207 
           -532.06429               6.96088            -525.10342             538.51418 
           -530.86096               5.74820            -525.11275             444.69826 
           -531.01026               5.81545            -525.19480             449.90081 
           -530.45508               5.24642            -525.20866             405.87878 
           -531.78728               6.52491            -525.26238             504.78624 
           -530.96983               5.74503            -525.22479             444.45292 
           -531.57788               6.37620            -525.20168             493.28169 
           -530.82920               5.70592            -525.12329             441.42668 
           -530.94978               5.94671            -525.00307             460.05541 
           -530.76245               5.92043            -524.84202             458.02235 
           -529.52005               4.83930            -524.68075             374.38259 
           -530.16320               5.53783            -524.62537             428.42274 
           -530.10295               5.54843            -524.55453             429.24275 
           -530.27608               5.76837            -524.50770             446.25859 
           -529.65650               5.17069            -524.48582             400.01968 
           -529.23598               4.68387            -524.55211             362.35826 
           -528.35276               3.71773            -524.63503             287.61493 
           -528.82726               4.24634            -524.58092             328.50977 
           -528.08669               3.75209            -524.33461             290.27254 
           -527.83972               3.85359            -523.98613             298.12542 
           -528.27432               4.75415            -523.52018             367.79487 
           -528.92170               5.66430            -523.25740             438.20731 
           -528.81763               5.85474            -522.96289             452.93996 
           -527.74073               4.96619            -522.77454             384.19892 
           -527.53143               4.77665            -522.75478             369.53608 
           -527.84164               5.04227            -522.79937             390.08524 
           -528.32338               5.58280            -522.74058             431.90205 
           -529.63373               7.06836            -522.56538             546.82904 
           -530.18049               7.87427            -522.30622             609.17666 
           -529.96523               7.95771            -522.00752             615.63187 
           -529.28944               7.48080            -521.80864             578.73665 
           -529.15574               7.52182            -521.63393             581.91022 
           -529.62077               8.11756            -521.50321             627.99862 
           -529.53864               8.12054            -521.41810             628.22953 
           -530.74845               9.42589            -521.32257             729.21463 
           -530.23919               8.95862            -521.28056             693.06578 
           -530.82646               9.52559            -521.30087             736.92781 
           -530.38950               9.12141            -521.26809             705.65969 
           -530.08551               8.86006            -521.22545             685.44079 
           -529.85947               8.61143            -521.24804             666.20578 
           -530.11479               8.79407            -521.32072             680.33551 
           -529.61337               8.36744            -521.24592             647.33027 
           -529.17109               8.06048            -521.11061             623.58292 
           -529.03929               7.99500            -521.04429             618.51673 
           -528.19196               7.09547            -521.09649             548.92657 
           -528.39087               7.20658            -521.18428             557.52284 
           -528.13011               6.99408            -521.13602             541.08326 
           -528.42474               7.38419            -521.04055             571.26323 
           -527.57326               6.45284            -521.12042             499.21108 
           -528.37583               7.10707            -521.26876             549.82376 
           -527.82905               6.66339            -521.16565             515.49988 
           -528.47620               7.44530            -521.03089             575.99076 
           -527.39649               6.36066            -521.03584             492.07951 
           -527.48265               6.25967            -521.22298             484.26661 
           -527.93976               6.68607            -521.25368             517.25440 
           -527.19653               6.11695            -521.07957             473.22576 
           -527.16638               6.17526            -520.99112             477.73662 
           -526.47232               5.42594            -521.04638             419.76657 
           -526.62271               5.43340            -521.18931             420.34397 
           -526.38451               5.24300            -521.14151             405.61411 
           -526.79302               5.78123            -521.01179             447.25327 
           -526.66200               5.63642            -521.02558             436.05026 
           -526.59611               5.32667            -521.26944             412.08701 
           -526.72679               5.38507            -521.34173             416.60484 
           -525.93509               4.79848            -521.13661             371.22469 
           -526.09217               5.06443            -521.02773             391.79974 
           -525.90128               4.72728            -521.17401             365.71638 
           -526.01454               4.69860            -521.31594             363.49803 
           -525.56293               4.40656            -521.15638             340.90434 
           -526.44773               5.40081            -521.04691             417.82316 
           -525.95355               4.82183            -521.13173             373.03086 
           -526.50109               5.20453            -521.29656             402.63814 
           -525.47775               4.25067            -521.22708             328.84476 
           -525.34554               4.34341            -521.00212             336.01921 
           -525.46071               4.53073            -520.92997             350.51103 
           -526.06817               4.96926            -521.09891             384.43713 
           -525.94249               4.67673            -521.26576             361.80609 
           -526.06220               4.87710            -521.18509             377.30736 
           -525.54466               4.48665            -521.05802             347.10040 
           -525.08454               4.02301            -521.06153             311.23241 
           -526.00428               4.80513            -521.19915             371.73935 
           -525.68223               4.53491            -521.14732             350.83424 
           -525.05419               4.03560            -521.01859             312.20594 
           -524.89585               3.86913            -521.02672             299.32723 
           -525.09816               3.86064            -521.23753             298.67040 
           -524.95065               3.62791            -521.32274             280.66557 
           -525.42456               4.24941            -521.17514             328.74719 
           -525.12194               4.06670            -521.05524             314.61227 
           -525.24940               4.12317            -521.12623             318.98098 
           -525.02112               3.82319            -521.19793             295.77306 
           -524.81548               3.72454            -521.09093             288.14184 
           -525.02779               4.04671            -520.98108             313.06528 
           -524.49322               3.45137            -521.04185             267.00802 
           -525.26627               4.07147            -521.19480             314.98100 
           -525.07448               3.88976            -521.18472             300.92317 
           -525.75554               4.66873            -521.08681             361.18665 
           -525.14951               4.11554            -521.03397             318.39063 
           -525.72651               4.51533            -521.21118             349.31954 
           -525.96184               4.59482            -521.36702             355.46889 
           -525.16463               3.90923            -521.25540             302.42963 
           -525.71920               4.61255            -521.10665             356.84027 
           -524.79074               3.65865            -521.13209             283.04399 
           -524.81539               3.60207            -521.21332             278.66685 
           -524.00032               2.86011            -521.14021             221.26674 
           -525.18214               4.12696            -521.05518             319.27424 
           -524.72589               3.72636            -520.99953             288.28220 
           -525.19177               4.10631            -521.08546             317.67629 
           -525.45843               4.26094            -521.19749             329.63904 
           -525.03966               3.84720            -521.19246             297.63082 
           -525.23333               4.13329            -521.10004             319.76397 
           -524.92398               3.78665            -521.13733             292.94631 
           -524.74810               3.54570            -521.20240             274.30587 
           -525.22587               3.95584            -521.27003             306.03522 
           -525.82939               4.62446            -521.20494             357.76194 
           -524.99604               3.84884            -521.14721             297.75738 
           -525.31241               4.07323            -521.23918             315.11711 
           -524.97831               3.74071            -521.23760             289.39284 
           -524.65423               3.52343            -521.13080             272.58279 
           -524.94115               3.90345            -521.03770             301.98260 
           -524.79134               3.74290            -521.04843             289.56195 
           -524.70487               3.57464            -521.13022             276.54519 
           -524.34257               3.19549            -521.14708             247.21290 
           -525.09776               3.96818            -521.12958             306.99014 
           -524.75009               3.69929            -521.05080             286.18823 
           -524.54720               3.48627            -521.06093             269.70810 
           -525.26542               4.08200            -521.18343             315.79535 
           -525.33278               4.18596            -521.14681             323.83867 
           -525.61425               4.53423            -521.08003             350.78133 
           -525.81864               4.70824            -521.11040             364.24379 
           -525.42843               4.25174            -521.17669             328.92730 
           -525.37484               4.12834            -521.24650             319.38035 
           -525.28913               4.12476            -521.16437             319.10382 
           -525.43038               4.37267            -521.05771             338.28248 
           -526.05941               4.95581            -521.10360             383.39647 
           -525.71489               4.51219            -521.20270             349.07639 
           -525.79465               4.59344            -521.20121             355.36217 
           -525.65742               4.55687            -521.10056             352.53280 
           -525.75069               4.70761            -521.04308             364.19485 
           -525.76199               4.66552            -521.09646             360.93857 
           -525.84554               4.65323            -521.19231             359.98788 
           -525.52458               4.38203            -521.14255             339.00667 
           -525.48723               4.48252            -521.00471             346.78079 
           -525.86688               4.83960            -521.02729             374.40574 
           -525.87778               4.71004            -521.16775             364.38242 
           -525.88799               4.64720            -521.24079             359.52136 
           -526.25568               5.08779            -521.16789             393.60628 
           -526.25792               5.24603            -521.01189             405.84836 
           -526.11426               5.02271            -521.09155             388.57193 
