                  nan  770763765251688900333807894307709292363382784.00000                   nan  29814292206365797088649318906385814914575892480.00000 
                  nan  770763765251688900333807894307709292363382784.00000                   nan  29814292206365797088649318906385814914575892480.00000 
                  nan  770763765251688900333807894307709292363382784.00000                   nan  29814292206365797088649318906385814914575892480.00000 
                  nan  770763765251688900333807894307709292363382784.00000                   nan  29814292206365797088649318906385814914575892480.00000 
                  nan  770763765251688900333807894307709292363382784.00000                   nan  29814292206365797088649318906385814914575892480.00000 
                  nan  770763765251688900333807894307709292363382784.00000                   nan  29814292206365797088649318906385814914575892480.00000 
                  nan  770763765251688900333807894307709292363382784.00000                   nan  29814292206365797088649318906385814914575892480.00000 
                  nan  770763765251688900333807894307709292363382784.00000                   nan  29814292206365797088649318906385814914575892480.00000 
                  nan  770763765251688900333807894307709292363382784.00000                   nan  29814292206365797088649318906385814914575892480.00000 
                  nan  770763765251688900333807894307709292363382784.00000                   nan  29814292206365797088649318906385814914575892480.00000 
                  nan  770763765251688900333807894307709292363382784.00000                   nan  29814292206365797088649318906385814914575892480.00000 
                  nan  770763765251688900333807894307709292363382784.00000                   nan  29814292206365797088649318906385814914575892480.00000 
                  nan  770763765251688900333807894307709292363382784.00000                   nan  29814292206365797088649318906385814914575892480.00000 
                  nan  770763765251688900333807894307709292363382784.00000                   nan  29814292206365797088649318906385814914575892480.00000 
                  nan  770763765251688900333807894307709292363382784.00000                   nan  29814292206365797088649318906385814914575892480.00000 
                  nan  770763765251688900333807894307709292363382784.00000                   nan  29814292206365797088649318906385814914575892480.00000 
                  nan  770763765251688900333807894307709292363382784.00000                   nan  29814292206365797088649318906385814914575892480.00000 
                  nan  770763765251688900333807894307709292363382784.00000                   nan  29814292206365797088649318906385814914575892480.00000 
                  nan  770763765251688900333807894307709292363382784.00000                   nan  29814292206365797088649318906385814914575892480.00000 
                  nan  770763765251688900333807894307709292363382784.00000                   nan  29814292206365797088649318906385814914575892480.00000 
                  nan  770763765251688900333807894307709292363382784.00000                   nan  29814292206365797088649318906385814914575892480.00000 
                  nan  770763765251688900333807894307709292363382784.00000                   nan  29814292206365797088649318906385814914575892480.00000 
                  nan  770763765251688900333807894307709292363382784.00000                   nan  29814292206365797088649318906385814914575892480.00000 
                  nan  770763765251688900333807894307709292363382784.00000                   nan  29814292206365797088649318906385814914575892480.00000 
                  nan  770763765251688900333807894307709292363382784.00000                   nan  29814292206365797088649318906385814914575892480.00000 
                  nan  770763765251688900333807894307709292363382784.00000                   nan  29814292206365797088649318906385814914575892480.00000 
                  nan  770763765251688900333807894307709292363382784.00000                   nan  29814292206365797088649318906385814914575892480.00000 
                  nan  770763765251688900333807894307709292363382784.00000                   nan  29814292206365797088649318906385814914575892480.00000 
                  nan  770763765251688900333807894307709292363382784.00000                   nan  29814292206365797088649318906385814914575892480.00000 
                  nan  770763765251688900333807894307709292363382784.00000                   nan  29814292206365797088649318906385814914575892480.00000 
                  nan  770763765251688900333807894307709292363382784.00000                   nan  29814292206365797088649318906385814914575892480.00000 
                  nan  770763765251688900333807894307709292363382784.00000                   nan  29814292206365797088649318906385814914575892480.00000 
                  nan  770763765251688900333807894307709292363382784.00000                   nan  29814292206365797088649318906385814914575892480.00000 
                  nan  770763765251688900333807894307709292363382784.00000                   nan  29814292206365797088649318906385814914575892480.00000 
                  nan  770763765251688900333807894307709292363382784.00000                   nan  29814292206365797088649318906385814914575892480.00000 
                  nan  770763765251688900333807894307709292363382784.00000                   nan  29814292206365797088649318906385814914575892480.00000 
                  nan  770763765251688900333807894307709292363382784.00000                   nan  29814292206365797088649318906385814914575892480.00000 
                  nan  770763765251688900333807894307709292363382784.00000                   nan  29814292206365797088649318906385814914575892480.00000 
                  nan  770763765251688900333807894307709292363382784.00000                   nan  29814292206365797088649318906385814914575892480.00000 
                  nan  770763765251688900333807894307709292363382784.00000                   nan  29814292206365797088649318906385814914575892480.00000 
                  nan  770763765251688900333807894307709292363382784.00000                   nan  29814292206365797088649318906385814914575892480.00000 
                  nan  770763765251688900333807894307709292363382784.00000                   nan  29814292206365797088649318906385814914575892480.00000 
                  nan  770763765251688900333807894307709292363382784.00000                   nan  29814292206365797088649318906385814914575892480.00000 
                  nan  770763765251688900333807894307709292363382784.00000                   nan  29814292206365797088649318906385814914575892480.00000 
                  nan  770763765251688900333807894307709292363382784.00000                   nan  29814292206365797088649318906385814914575892480.00000 
                  nan  770763765251688900333807894307709292363382784.00000                   nan  29814292206365797088649318906385814914575892480.00000 
                  nan  770763765251688900333807894307709292363382784.00000                   nan  29814292206365797088649318906385814914575892480.00000 
                  nan  770763765251688900333807894307709292363382784.00000                   nan  29814292206365797088649318906385814914575892480.00000 
                  nan  770763765251688900333807894307709292363382784.00000                   nan  29814292206365797088649318906385814914575892480.00000 
                  nan  770763765251688900333807894307709292363382784.00000                   nan  29814292206365797088649318906385814914575892480.00000 
                  nan  770763765251688900333807894307709292363382784.00000                   nan  29814292206365797088649318906385814914575892480.00000 
                  nan  770763765251688900333807894307709292363382784.00000                   nan  29814292206365797088649318906385814914575892480.00000 
                  nan  770763765251688900333807894307709292363382784.00000                   nan  29814292206365797088649318906385814914575892480.00000 
                  nan  770763765251688900333807894307709292363382784.00000                   nan  29814292206365797088649318906385814914575892480.00000 
                  nan  770763765251688900333807894307709292363382784.00000                   nan  29814292206365797088649318906385814914575892480.00000 
                  nan  770763765251688900333807894307709292363382784.00000                   nan  29814292206365797088649318906385814914575892480.00000 
                  nan  770763765251688900333807894307709292363382784.00000                   nan  29814292206365797088649318906385814914575892480.00000 
                  nan  770763765251688900333807894307709292363382784.00000                   nan  29814292206365797088649318906385814914575892480.00000 
                  nan  770763765251688900333807894307709292363382784.00000                   nan  29814292206365797088649318906385814914575892480.00000 
                  nan  770763765251688900333807894307709292363382784.00000                   nan  29814292206365797088649318906385814914575892480.00000 
                  nan  770763765251688900333807894307709292363382784.00000                   nan  29814292206365797088649318906385814914575892480.00000 
                  nan  770763765251688900333807894307709292363382784.00000                   nan  29814292206365797088649318906385814914575892480.00000 
                  nan  770763765251688900333807894307709292363382784.00000                   nan  29814292206365797088649318906385814914575892480.00000 
                  nan  770763765251688900333807894307709292363382784.00000                   nan  29814292206365797088649318906385814914575892480.00000 
                  nan  770763765251688900333807894307709292363382784.00000                   nan  29814292206365797088649318906385814914575892480.00000 
