           -440.15361               1.30377            -438.84984             100.86352 
           -440.96004               2.14827            -438.81177             166.19648 
           -440.60553               1.80404            -438.80149             139.56617 
           -441.38646               2.53420            -438.85226             196.05298 
           -442.35419               3.47571            -438.87848             268.89107 
           -442.77119               3.92402            -438.84718             303.57357 
           -443.00098               4.20241            -438.79857             325.11109 
           -444.03210               5.22444            -438.80765             404.17854 
           -445.17890               6.31442            -438.86448             488.50233 
           -445.85078               6.98013            -438.87065             540.00366 
           -447.25766               8.44222            -438.81544             653.11529 
           -449.69157              10.89973            -438.79184             843.23561 
           -451.01989              12.20660            -438.81329             944.33925 
           -452.27328              13.42910            -438.84417            1038.91551 
           -454.41491              15.56743            -438.84747            1204.34305 
           -456.39945              17.57335            -438.82610            1359.52709 
           -456.39412              17.51402            -438.88010            1354.93693 
           -456.51688              17.31765            -439.19923            1339.74514 
           -458.76625              19.12675            -439.63950            1479.70267 
           -462.62205              22.57751            -440.04454            1746.66356 
           -463.89470              23.62763            -440.26707            1827.90379 
           -463.87317              23.43109            -440.44207            1812.69925 
           -463.67104              23.16146            -440.50958            1791.83990 
           -463.04888              22.70216            -440.34673            1756.30649 
           -461.06150              21.15667            -439.90484            1636.74275 
           -460.69342              21.06329            -439.63013            1629.51889 
           -460.88825              21.46732            -439.42093            1660.77584 
           -462.53588              23.03030            -439.50558            1781.69252 
           -464.76138              24.56660            -440.19478            1900.54582 
           -465.32385              24.60120            -440.72265            1903.22201 
           -464.42388              23.51746            -440.90642            1819.38088 
           -465.22826              23.74527            -441.48298            1837.00499 
           -463.60568              21.87538            -441.73030            1692.34444 
           -455.45399              13.69266            -441.76133            1059.30537 
           -451.85622              10.64698            -441.20925             823.68207 
           -452.96043              11.95469            -441.00574             924.85046 
           -453.80475              13.53039            -440.27436            1046.75130 
           -459.15302              19.17944            -439.97358            1483.77891 
           -466.27746              27.03422            -439.24323            2091.44809 
           -471.10242              32.37416            -438.72827            2504.56123 
           -469.24226              30.84862            -438.39364            2386.54163 
           -465.30067              26.76983            -438.53084            2070.99385 
           -465.17701              26.70724            -438.46977            2066.15155 
           -462.33246              23.86542            -438.46704            1846.29985 
           -460.57839              21.95889            -438.61950            1698.80547 
           -456.22227              17.75019            -438.47208            1373.20760 
           -456.79335              18.32514            -438.46821            1417.68770 
           -454.80092              16.35034            -438.45058            1264.91084 
           -454.20667              15.65919            -438.54747            1211.44182 
           -454.76119              16.17757            -438.58362            1251.54503 
           -452.99762              14.50996            -438.48765            1122.53400 
           -454.34435              15.88283            -438.46152            1228.74300 
           -455.61591              17.26191            -438.35400            1335.43289 
           -458.53821              20.17470            -438.36351            1560.77497 
           -459.80825              21.63192            -438.17633            1673.50973 
           -461.20606              22.96014            -438.24591            1776.26512 
           -463.67136              25.55084            -438.12052            1976.68945 
           -464.77964              27.30678            -437.47286            2112.53427 
           -464.45585              27.77981            -436.67604            2149.12922 
           -463.04454              27.50561            -435.53893            2127.91593 
           -467.37988              31.33021            -436.04968            2423.79831 
           -465.31621              29.13604            -436.18017            2254.05097 
           -464.99073              29.01168            -435.97905            2244.43022 
           -463.00745              26.97338            -436.03408            2086.74094 
           -460.17788              25.04505            -435.13283            1937.55953 
           -469.03818              33.05726            -435.98093            2557.40789 
           -461.47749              26.22589            -435.25160            2028.91324 
           -459.52981              25.13167            -434.39814            1944.26098 
           -463.02088              27.91356            -435.10732            2159.47625 
           -463.63364              29.12327            -434.51038            2253.06293 
           -464.98283              30.95550            -434.02732            2394.81017 
           -464.19989              30.23739            -433.96250            2339.25454 
           -463.50706              29.54138            -433.96568            2285.40903 
           -464.02996              29.88470            -434.14526            2311.96993 
           -460.70042              26.46215            -434.23828            2047.19062 
           -457.61782              23.44817            -434.16965            1814.02027 
           -456.98404              23.32978            -433.65426            1804.86168 
           -455.91691              22.63368            -433.28324            1751.00872 
           -453.82263              20.92114            -432.90149            1618.52168 
           -455.51349              22.30242            -433.21106            1725.38212 
           -455.77644              22.92912            -432.84732            1773.86509 
           -450.34845              18.19807            -432.15037            1407.85717 
           -457.27935              24.53347            -432.74588            1897.98261 
           -461.42047              28.59570            -432.82477            2212.24857 
           -465.09128              31.18798            -433.90330            2412.79504 
           -463.97572              30.36377            -433.61195            2349.03215 
           -460.60660              27.52212            -433.08448            2129.19328 
           -458.30713              25.57019            -432.73694            1978.18622 
           -467.45182              33.55424            -433.89758            2595.85628 
           -466.91866              34.39555            -432.52311            2660.94249 
           -452.83407              21.00011            -431.83397            1624.63102 
           -461.62463              28.91154            -432.71309            2236.68292 
           -467.43544              34.23978            -433.19566            2648.89147 
           -467.16485              34.74078            -432.42407            2687.65007 
           -463.78047              31.50202            -432.27845            2437.09008 
           -466.08029              34.31095            -431.76934            2654.39725 
           -462.76488              32.00534            -430.75955            2476.02834 
           -461.29533              30.84781            -430.44752            2386.47889 
           -457.15750              26.99704            -430.16046            2088.57170 
           -466.05914              34.94588            -431.11326            2703.51775 
           -464.50746              33.89697            -430.61049            2622.37072 
           -459.35342              28.80310            -430.55032            2228.29385 
           -458.53517              28.73573            -429.79943            2223.08198 
           -456.45439              26.24497            -430.20942            2030.38930 
           -452.30446              22.06543            -430.23903            1707.04737 
           -452.14132              21.91568            -430.22563            1695.46257 
           -454.96378              24.98128            -429.98250            1932.62621 
           -451.24674              21.32694            -429.91980            1649.91549 
           -455.36792              25.46438            -429.90355            1970.00011 
           -455.98083              25.97031            -430.01053            2009.14057 
           -462.51033              32.51056            -429.99977            2515.11426 
           -459.53214              29.30243            -430.22971            2266.92314 
           -458.99152              28.77516            -430.21636            2226.13217 
           -457.66514              27.78090            -429.88424            2149.21337 
           -461.87523              31.86539            -430.00985            2465.20151 
           -458.68479              28.64808            -430.03671            2216.30105 
           -461.55360              31.87111            -429.68249            2465.64395 
           -461.20033              32.17651            -429.02382            2489.27066 
           -458.54794              29.48895            -429.05899            2281.35338 
           -456.43106              27.73323            -428.69783            2145.52527 
           -454.97127              26.27405            -428.69723            2032.63856 
           -467.27351              38.16377            -429.10974            2952.46274 
           -452.98770              26.24124            -426.74646            2030.10030 
           -454.95010              26.25768            -428.69242            2031.37236 
           -457.23813              29.17646            -428.06167            2257.17772 
           -458.16592              29.84168            -428.32424            2308.64136 
           -456.87446              28.81675            -428.05771            2229.34987 
           -453.98395              25.61796            -428.36599            1981.88195 
           -461.82315              32.98601            -428.83714            2551.89649 
           -455.10398              26.88787            -428.21611            2080.12606 
           -459.28343              30.97843            -428.30499            2396.58402 
           -455.25169              27.03161            -428.22008            2091.24606 
           -457.28554              28.99699            -428.28856            2243.29347 
           -458.60403              30.88184            -427.72219            2389.11103 
           -448.73468              21.72336            -427.01133            1680.58378 
           -453.90973              26.85464            -427.05510            2077.55476 
           -451.08447              24.10672            -426.97775            1864.96780 
           -454.74329              28.17027            -426.57302            2179.33629 
           -452.68924              25.71463            -426.97461            1989.36031 
           -455.83909              29.45477            -426.38432            2278.70865 
           -457.99774              31.57844            -426.41930            2443.00237 
           -456.71730              30.64313            -426.07417            2370.64425 
           -455.50012              29.64813            -425.85199            2293.66798 
           -456.75026              30.94587            -425.80439            2394.06463 
           -462.32601              35.92559            -426.40042            2779.31115 
           -458.35339              31.56793            -426.78546            2442.18952 
           -457.44609              30.74405            -426.70204            2378.45177 
           -454.27027              27.77073            -426.49954            2148.42671 
           -454.78828              28.84695            -425.94132            2231.68633 
           -458.39484              33.00433            -425.39051            2553.31312 
           -453.80704              28.66464            -425.14240            2217.58240 
           -452.95210              27.75101            -425.20109            2146.90082 
           -455.61011              31.08095            -424.52916            2404.51504 
           -447.74484              24.28845            -423.45639            1879.02666 
           -454.83407              31.39674            -423.43733            2428.94572 
           -454.04106              30.49486            -423.54621            2359.17299 
           -447.70636              24.48101            -423.22535            1893.92387 
           -452.35944              28.51281            -423.84663            2205.83576 
           -454.10895              29.38183            -424.72711            2273.06633 
           -451.48496              27.24501            -424.23994            2107.75556 
           -451.27644              26.42518            -424.85126            2044.33068 
           -452.97817              28.56847            -424.40970            2210.14188 
           -455.57732              30.61885            -424.95847            2368.76596 
           -451.63701              27.05259            -424.58443            2092.86874 
           -452.82193              27.84796            -424.97397            2154.40143 
           -457.30149              32.92590            -424.37559            2547.24581 
           -456.02158              32.02279            -423.99880            2477.37838 
           -458.12916              34.43718            -423.69198            2664.16300 
           -455.46496              32.27440            -423.19057            2496.84360 
           -454.40466              31.81001            -422.59465            2460.91765 
           -452.31648              29.10844            -423.20804            2251.91543 
           -458.13019              33.94001            -424.19018            2625.70050 
           -452.85526              29.34188            -423.51338            2269.97543 
           -457.55670              34.18240            -423.37430            2644.45258 
           -454.44652              31.64831            -422.79821            2448.40775 
           -458.03020              35.42536            -422.60484            2740.61123 
           -453.63489              31.60444            -422.03045            2445.01368 
           -453.19439              30.89523            -422.29916            2390.14735 
           -450.13619              27.83805            -422.29814            2153.63442 
           -450.15652              27.81005            -422.34647            2151.46838 
           -452.92032              30.36313            -422.55719            2348.98243 
           -455.41446              32.45754            -422.95692            2511.01249 
           -448.29308              25.42265            -422.87044            1966.77192 
           -453.93946              30.81275            -423.12670            2383.76658 
           -453.83964              31.11941            -422.72022            2407.49070 
           -458.55780              35.58680            -422.97100            2753.10105 
           -450.77259              28.24677            -422.52582            2185.25441 
           -460.53520              38.07103            -422.46417            2945.28881 
           -452.52323              30.53183            -421.99139            2362.03374 
           -459.51106              37.03229            -422.47877            2864.92839 
           -453.74851              31.68048            -422.06803            2450.89620 
           -453.89765              30.67723            -423.22042            2373.28188 
           -453.56113              30.75931            -422.80182            2379.63190 
           -457.44485              34.53807            -422.90678            2671.96803 
           -458.49200              35.35452            -423.13748            2735.13110 
           -460.68745              37.28421            -423.40325            2884.41741 
           -455.64138              32.81722            -422.82416            2538.83823 
           -459.68793              36.64363            -423.04430            2834.86052 
           -464.50249              43.43395            -421.06854            3360.17958 
           -463.80157              42.98833            -420.81324            3325.70539 
           -454.88009              34.06700            -420.81310            2635.52443 
           -447.74597              28.15204            -419.59392            2177.92601 
           -451.73897              31.80075            -419.93822            2460.20089 
           -452.88315              32.39605            -420.48710            2506.25489 
           -452.98959              32.46684            -420.52276            2511.73134 
           -452.56255              32.11854            -420.44401            2484.78591 
           -455.17238              33.83092            -421.34146            2617.26113 
           -456.89569              35.74948            -421.14621            2765.68658 
           -453.76634              32.79862            -420.96772            2537.39888 
           -450.88137              30.60189            -420.27948            2367.45346 
           -448.73848              28.36364            -420.37484            2194.29579 
           -452.25285              32.08719            -420.16566            2482.36080 
           -448.08850              28.39985            -419.68866            2197.09679 
           -456.16233              35.95357            -420.20877            2781.47519 
           -453.63042              33.02540            -420.60503            2554.94330 
           -453.82974              32.76708            -421.06266            2534.95919 
           -451.90353              30.74723            -421.15630            2378.69770 
           -454.18799              32.78270            -421.40529            2536.16745 
           -453.07067              31.62558            -421.44509            2446.64920 
           -452.76884              31.45267            -421.31617            2433.27249 
           -457.51570              36.36259            -421.15311            2813.11859 
           -458.10030              36.62473            -421.47556            2833.39860 
           -456.99139              34.21814            -422.77325            2647.21723 
           -453.95320              31.16857            -422.78463            2411.29319 
           -451.35154              29.40834            -421.94319            2275.11714 
           -453.94173              32.12355            -421.81818            2485.17351 
           -456.61342              34.52702            -422.08640            2671.11290 
           -451.84579              29.94089            -421.90490            2316.31675 
           -457.75423              34.77502            -422.97922            2690.29922 
           -455.38579              32.63547            -422.75032            2524.77725 
           -449.79305              27.01471            -422.77834            2089.93840 
           -450.70794              28.13826            -422.56968            2176.85942 
           -450.40165              27.82619            -422.57546            2152.71697 
           -445.31826              23.20727            -422.11099            1795.38378 
           -449.76503              27.36353            -422.40150            2116.92438 
           -445.06238              22.83572            -422.22666            1766.63922 
           -450.07514              27.94795            -422.12719            2162.13710 
           -451.40281              29.17901            -422.22380            2257.37500 
           -449.31569              27.28185            -422.03384            2110.60496 
           -445.70583              23.80096            -421.90486            1841.31360 
           -454.34643              31.60619            -422.74025            2445.14894 
           -453.66976              30.77656            -422.89320            2380.96655 
           -458.16373              34.89948            -423.26426            2699.92753 
           -452.01759              29.15884            -422.85875            2255.81470 
           -453.22987              31.01504            -422.21483            2399.41609 
           -459.55659              36.54583            -423.01076            2827.29427 
           -457.99648              35.46710            -422.52938            2743.84094 
           -459.43168              36.22529            -423.20639            2802.49633 
           -457.21323              34.54853            -422.66470            2672.77706 
           -453.84406              30.83650            -423.00756            2385.60380 
           -458.33604              34.90107            -423.43496            2700.05117 
           -459.11133              35.92258            -423.18875            2779.07823 
           -453.18479              30.85069            -422.33410            2386.70155 
           -448.65263              26.48095            -422.17167            2048.64561 
           -453.13655              30.75223            -422.38432            2379.08424 
           -455.43011              33.17984            -422.25027            2566.89129 
           -459.00610              35.88317            -423.12293            2776.02926 
           -453.01600              31.43445            -421.58155            2431.86271 
           -459.27662              37.62056            -421.65606            2910.43863 
           -450.57692              29.87610            -420.70081            2311.30458 
           -453.18519              32.02114            -421.16405            2477.25118 
           -454.92466              33.75530            -421.16936            2611.41058 
           -452.50403              31.60733            -420.89670            2445.23761 
           -449.55224              29.14069            -420.41154            2254.41109 
           -452.30922              31.18303            -421.12619            2412.41214 
           -449.46204              28.43590            -421.02614            2199.88624 
           -459.49509              38.61701            -420.87808            2987.52705 
           -451.84989              31.49219            -420.35770            2436.32959 
           -452.01024              31.22678            -420.78347            2415.79649 
           -456.92537              35.93260            -420.99277            2779.85308 
           -453.80362              33.35784            -420.44578            2580.66238 
           -453.27706              33.51357            -419.76350            2592.70942 
           -454.34278              34.81050            -419.53228            2693.04393 
           -448.64815              28.96603            -419.68212            2240.89879 
           -448.76966              29.48130            -419.28836            2280.76131 
           -451.99292              32.77255            -419.22037            2535.38212 
           -455.19114              35.49024            -419.70090            2745.63096 
           -447.90138              29.04916            -418.85222            2247.32944 
           -452.30083              33.23617            -419.06466            2571.24949 
           -442.86458              24.29013            -418.57445            1879.15725 
           -446.64286              28.04849            -418.59437            2169.91466 
           -454.44676              35.51988            -418.92688            2747.92390 
           -454.23308              35.07313            -419.15994            2713.36229 
           -451.69634              33.43215            -418.26420            2586.41056 
           -448.29567              30.45368            -417.84200            2355.98729 
           -449.28704              30.58008            -418.70696            2365.76588 
           -448.23890              30.49143            -417.74747            2358.90778 
           -452.40859              34.23807            -418.17052            2648.75899 
           -449.22315              31.01742            -418.20573            2399.60008 
           -445.79617              27.25636            -418.53981            2108.63327 
           -444.09947              25.74971            -418.34975            1992.07464 
           -451.66178              33.63809            -418.02369            2602.34291 
           -447.83258              29.51924            -418.31334            2283.69652 
           -446.15495              28.49776            -417.65719            2204.67189 
           -451.78969              33.81491            -417.97478            2616.02231 
           -449.11736              31.77234            -417.34503            2458.00267 
           -450.28519              32.49863            -417.78657            2514.19090 
           -450.99241              33.49499            -417.49742            2591.27256 
           -448.18987              31.08491            -417.10497            2404.82103 
           -448.47220              31.15217            -417.32002            2410.02509 
           -449.92509              32.67660            -417.24848            2527.95945 
           -453.80958              36.80656            -417.00302            2847.46554 
           -451.54764              34.90178            -416.64586            2700.10619 
           -444.86350              29.15520            -415.70830            2255.53338 
           -442.92813              26.83212            -416.09600            2075.81313 
           -451.69541              34.70369            -416.99171            2684.78125 
           -451.11973              34.76530            -416.35443            2689.54714 
           -443.65175              27.89327            -415.75848            2157.90656 
           -449.48387              33.31355            -416.17032            2577.23595 
           -449.09614              33.82563            -415.27051            2616.85165 
           -447.03856              31.78992            -415.24864            2459.36292 
           -444.72798              29.55825            -415.16973            2286.71441 
           -449.90351              34.75468            -415.14882            2688.72597 
           -446.43763              31.55275            -414.88488            2441.01454 
           -447.91605              32.65377            -415.26227            2526.19327 
           -440.38040              25.90087            -414.47953            2003.76867 
           -447.30824              32.37598            -414.93226            2504.70206 
           -444.22820              29.47927            -414.74893            2280.60435 
           -449.13589              33.58478            -415.55111            2598.21872 
           -447.84782              32.46102            -415.38680            2511.28136 
           -446.86139              31.75497            -415.10642            2456.65909 
           -442.51458              27.88815            -414.62643            2157.51010 
           -452.60021              37.17240            -415.42781            2875.76784 
           -449.22473              33.61050            -415.61423            2600.20839 
           -448.38695              33.15979            -415.22716            2565.34009 
           -446.33913              31.69618            -414.64295            2452.11117 
           -452.11895              37.13681            -414.98214            2873.01473 
           -441.39298              27.63343            -413.75955            2137.80453 
           -452.12928              37.89575            -414.23353            2931.72836 
           -453.69467              39.97309            -413.72157            3092.43780 
           -455.11509              40.60223            -414.51286            3141.10990 
           -452.89404              39.41964            -413.47440            3049.62134 
           -454.37118              40.78599            -413.58519            3155.32589 
           -453.36339              39.95703            -413.40637            3091.19484 
           -449.52953              35.01890            -414.51063            2709.16695 
           -451.39769              37.05633            -414.34136            2866.78847 
           -453.01413              38.67794            -414.33619            2992.24089 
           -454.04960              39.27474            -414.77486            3038.41078 
           -450.38633              36.02790            -414.35843            2787.22601 
           -452.77985              38.06660            -414.71326            2944.94545 
           -451.97137              38.23279            -413.73857            2957.80295 
           -449.70985              36.13660            -413.57325            2795.63505 
           -446.81236              33.62664            -413.18572            2601.45702 
           -441.71359              28.59313            -413.12046            2212.04980 
           -450.63138              37.18838            -413.44299            2877.00432 
           -447.87010              34.43166            -413.43844            2663.73558 
           -445.77638              32.66786            -413.10852            2527.28342 
           -442.07853              29.04171            -413.03682            2246.75333 
           -439.58478              26.38977            -413.19501            2041.59167 
           -449.04925              35.64071            -413.40854            2757.27186 
           -438.31576              25.01364            -413.30212            1935.13008 
           -450.03704              36.69486            -413.34218            2838.82420 
           -447.72201              34.79622            -412.92578            2691.93972 
           -446.71931              34.00818            -412.71113            2630.97395 
           -449.02451              36.40272            -412.62178            2816.22311 
           -448.96560              36.89544            -412.07016            2854.34166 
           -449.68400              38.63664            -411.04736            2989.04547 
           -447.88588              37.05654            -410.82934            2866.80463 
           -445.19677              34.27471            -410.92206            2651.59407 
           -449.76055              39.22364            -410.53691            3034.45799 
           -446.14704              35.11518            -411.03186            2716.61474 
           -447.13855              36.41602            -410.72253            2817.25199 
           -456.12086              45.05189            -411.06897            3485.34880 
           -443.21711              33.01123            -410.20588            2553.84759 
           -451.41251              40.92428            -410.48824            3166.02408 
           -449.45927              40.02930            -409.42998            3096.78599 
           -452.24596              43.33063            -408.91533            3352.18667 
           -447.29157              38.91178            -408.37979            3010.33171 
           -450.33097              41.94143            -408.38953            3244.71451 
           -449.87520              41.05182            -408.82339            3175.89106 
           -446.39722              38.41720            -407.98002            2972.06955 
           -447.04434              38.49795            -408.54639            2978.31595 
           -447.74863              38.61764            -409.13099            2987.57567 
           -446.82651              37.34870            -409.47781            2889.40690 
           -443.72725              34.59881            -409.12844            2676.66743 
           -443.18474              33.67895            -409.50580            2605.50373 
           -442.15466              33.38360            -408.77106            2582.65521 
           -434.23582              26.00289            -408.23293            2011.66139 
           -441.95767              32.99525            -408.96241            2552.61120 
           -441.59179              32.86179            -408.73000            2542.28643 
           -444.19585              35.69968            -408.49618            2761.83347 
           -446.80976              38.87587            -407.93389            3007.55319 
           -447.80098              39.31964            -408.48135            3041.88433 
           -452.03815              43.13457            -408.90358            3337.01893 
           -450.36637              41.91107            -408.45530            3242.36507 
           -446.01911              37.87018            -408.14893            2929.75004 
           -445.54638              36.99258            -408.55380            2861.85645 
           -452.33651              43.88526            -408.45125            3395.09443 
           -455.50255              46.91428            -408.58827            3629.42857 
           -452.08049              43.99574            -408.08475            3403.64137 
           -457.84467              49.86406            -407.98062            3857.63208 
           -451.02144              43.68049            -407.34095            3379.25274 
           -447.89936              39.91557            -407.98379            3087.98755 
           -445.28894              37.47126            -407.81768            2898.88847 
           -437.23990              30.57813            -406.66177            2365.61557 
           -455.51580              48.07412            -407.44168            3719.15712 
           -445.59748              38.59729            -407.00019            2986.00159 
           -449.56284              42.49708            -407.06576            3287.70074 
           -446.65399              39.54028            -407.11372            3058.95367 
           -442.78053              36.42915            -406.35138            2818.26798 
