           -513.30029               1.33379            -511.96650             103.18570 
           -513.72008               1.85243            -511.86765             143.30959 
           -513.54120               1.67920            -511.86200             129.90812 
           -513.61221               1.64926            -511.96294             127.59177 
           -514.09670               2.07674            -512.01997             160.66261 
           -513.74788               1.80437            -511.94351             139.59144 
           -513.28982               1.43937            -511.85045             111.35398 
           -513.47235               1.60446            -511.86789             124.12602 
           -514.09088               2.10703            -511.98386             163.00578 
           -514.09344               2.06463            -512.02881             159.72583 
           -514.39168               2.45976            -511.93192             190.29459 
           -514.92103               3.07758            -511.84345             238.09065 
           -514.62568               2.73892            -511.88676             211.89067 
           -514.17853               2.19097            -511.98756             169.50004 
           -514.31726               2.29869            -512.01857             177.83331 
           -514.84492               2.91500            -511.92993             225.51300 
           -514.71394               2.88381            -511.83013             223.10047 
           -515.09334               3.20509            -511.88824             247.95557 
           -515.73860               3.73765            -512.00095             289.15576 
           -515.87526               3.88136            -511.99389             300.27382 
           -515.66453               3.77294            -511.89160             291.88558 
           -515.91745               4.09588            -511.82157             316.86958 
           -516.52947               4.65820            -511.87127             360.37217 
           -516.98749               5.02222            -511.96527             388.53397 
           -517.77028               5.80778            -511.96250             449.30718 
           -518.54384               6.68705            -511.85679             517.33027 
           -518.77390               6.94335            -511.83055             537.15793 
           -518.85132               6.81027            -512.04105             526.86283 
           -519.58076               7.17859            -512.40217             555.35730 
           -520.33469               7.64597            -512.68872             591.51506 
           -520.82403               8.00632            -512.81770             619.39317 
           -521.33102               8.47718            -512.85384             655.81955 
           -520.88467               8.02957            -512.85510             621.19135 
           -519.53740               6.91288            -512.62452             534.80079 
           -519.23765               7.13107            -512.10658             551.68105 
           -520.36576               8.79128            -511.57448             680.11971 
           -521.73054              10.68994            -511.04060             827.00554 
           -521.54035              10.43975            -511.10060             807.65043 
           -521.51562              10.05786            -511.45777             778.10598 
           -520.30488               8.65984            -511.64504             669.95097 
           -519.49751               7.73853            -511.75898             598.67540 
           -518.44468               6.46810            -511.97659             500.39130 
           -516.93989               4.74451            -512.19538             367.04950 
           -516.89818               4.52046            -512.37772             349.71606 
           -517.44308               4.99564            -512.44745             386.47737 
           -519.81143               7.14754            -512.66389             552.95492 
           -520.22107               7.19017            -513.03091             556.25270 
           -520.81461               7.54863            -513.26598             583.98468 
           -517.74573               4.95899            -512.78674             383.64211 
           -515.87354               3.80205            -512.07149             294.13772 
           -516.00060               4.36576            -511.63484             337.74802 
           -516.94695               5.60595            -511.34100             433.69282 
           -518.07000               6.87046            -511.19955             531.51890 
           -518.12650               6.85023            -511.27627             529.95404 
           -519.27086               7.75462            -511.51625             599.92034 
           -518.10183               6.39112            -511.71072             494.43585 
           -516.86946               5.08504            -511.78442             393.39350 
           -517.44133               5.59595            -511.84538             432.91940 
           -518.39548               6.58808            -511.80740             509.67371 
           -519.99571               8.17711            -511.81860             632.60575 
           -519.25743               7.49448            -511.76295             579.79551 
           -518.68995               6.97211            -511.71784             539.38319 
           -517.59317               6.14292            -511.45025             475.23467 
           -518.96803               7.63991            -511.32813             591.04604 
           -519.28066               8.08857            -511.19208             625.75612 
           -520.89658               9.99230            -510.90428             773.03377 
           -520.19544               9.72915            -510.46629             752.67592 
           -520.66463              10.47640            -510.18824             810.48546 
           -520.08298               9.88744            -510.19554             764.92163 
           -518.95584               8.64288            -510.31296             668.63915 
           -518.98691               8.52908            -510.45782             659.83543 
           -518.99140               8.51658            -510.47482             658.86800 
           -518.23922               7.67733            -510.56188             593.94129 
           -517.29651               6.50746            -510.78905             503.43657 
           -517.54378               6.46972            -511.07406             500.51653 
           -517.73763               6.60267            -511.13496             510.80223 
           -517.89972               6.81690            -511.08281             527.37604 
           -517.48250               6.47824            -511.00426             501.17564 
           -516.62414               5.73652            -510.88762             443.79424 
           -516.67290               6.02904            -510.64385             466.42475 
           -516.60153               6.28207            -510.31946             485.99994 
           -516.81801               6.70473            -510.11329             518.69764 
           -516.71782               6.60627            -510.11155             511.08057 
           -516.30434               6.22333            -510.08101             481.45520 
           -516.00778               5.98935            -510.01843             463.35396 
           -516.11351               6.12871            -509.98480             474.13508 
           -516.09103               6.05205            -510.03898             468.20442 
           -515.97430               5.74473            -510.22957             444.42967 
           -515.38807               5.03261            -510.35546             389.33785 
           -515.66185               5.25011            -510.41174             406.16409 
           -515.00753               4.53740            -510.47014             351.02670 
           -515.07315               4.40685            -510.66630             340.92706 
           -515.77967               4.78736            -510.99231             370.36410 
           -516.13034               5.05781            -511.07252             391.28760 
           -515.81331               4.94725            -510.86606             382.73439 
           -515.26347               4.56670            -510.69677             353.29355 
           -514.96111               4.39968            -510.56143             340.37260 
           -515.26257               4.90391            -510.35866             379.38093 
           -514.68473               4.52574            -510.15899             350.12462 
           -515.08389               4.97948            -510.10441             385.22724 
           -514.32555               4.23261            -510.09293             327.44750 
           -514.21731               4.13217            -510.08514             319.67685 
           -514.40796               4.32963            -510.07833             334.95295 
           -514.08705               4.09443            -509.99262             316.75753 
           -514.31044               4.18966            -510.12078             324.12498 
           -514.62982               4.28483            -510.34499             331.48728 
           -514.82969               4.36800            -510.46169             337.92127 
           -515.28453               4.76573            -510.51880             368.69101 
           -514.37229               3.75640            -510.61590             290.60596 
           -516.21955               5.37892            -510.84062             416.12941 
           -515.73473               4.93366            -510.80108             381.68237 
           -516.26505               5.58402            -510.68103             431.99664 
           -516.62817               6.18182            -510.44635             478.24406 
           -515.67812               5.42016            -510.25796             419.31945 
           -516.36926               6.12517            -510.24409             473.86127 
           -515.96985               5.70353            -510.26632             441.24211 
           -516.06501               5.97619            -510.08882             462.33589 
           -516.25482               6.33488            -509.91993             490.08543 
           -516.43915               6.57065            -509.86851             508.32479 
           -516.04045               6.13256            -509.90789             474.43284 
           -516.98632               6.89372            -510.09260             533.31864 
           -516.78663               6.61811            -510.16852             511.99675 
           -517.40345               7.12912            -510.27433             551.52983 
           -517.28027               6.82985            -510.45042             528.37759 
           -516.73242               6.14010            -510.59233             475.01632 
           -516.18337               5.61288            -510.57049             434.22896 
           -515.65159               5.37656            -510.27503             415.94661 
           -515.96496               5.93901            -510.02595             459.45952 
           -515.42205               5.42441            -509.99764             419.64873 
           -515.61092               5.68777            -509.92315             440.02277 
           -516.46162               6.79681            -509.66481             525.82111 
           -516.17259               6.60945            -509.56314             511.32668 
           -515.74708               6.24613            -509.50095             483.21939 
           -515.18131               5.76117            -509.42014             445.70137 
           -514.60973               5.32502            -509.28471             411.95973 
           -515.65408               6.26417            -509.38992             484.61452 
           -515.73016               6.20436            -509.52580             479.98811 
           -515.25679               5.52507            -509.73172             427.43595 
           -515.34112               5.47066            -509.87046             423.22659 
           -514.92111               5.08256            -509.83855             393.20233 
           -514.33516               4.61042            -509.72474             356.67610 
           -513.34438               3.74008            -509.60430             289.34378 
           -514.68240               5.24353            -509.43887             405.65518 
           -516.01326               6.76952            -509.24374             523.71031 
           -516.27940               7.06068            -509.21872             546.23558 
           -516.55309               7.28872            -509.26436             563.87741 
           -516.11183               6.84723            -509.26460             529.72246 
           -515.80243               6.46291            -509.33952             499.99010 
           -515.71914               6.30490            -509.41424             487.76619 
           -515.72332               6.26281            -509.46050             484.50980 
           -516.12931               6.51377            -509.61554             503.92447 
           -516.96443               7.26959            -509.69485             562.39683 
           -516.31187               6.60382            -509.70805             510.89146 
           -516.06723               6.42768            -509.63954             497.26479 
           -516.35627               6.76059            -509.59567             523.01969 
           -516.61522               7.16877            -509.44646             554.59733 
           -516.05061               6.75442            -509.29619             522.54179 
           -515.82895               6.70022            -509.12873             518.34894 
           -515.31351               6.24571            -509.06780             483.18702 
           -514.68281               5.62638            -509.05643             435.27320 
           -514.90510               5.69515            -509.20995             440.59373 
           -515.19435               5.91260            -509.28175             457.41616 
           -514.90579               5.62922            -509.27656             435.49362 
           -515.03929               5.73030            -509.30899             443.31292 
           -514.52005               5.11967            -509.40038             396.07308 
           -514.83220               5.28688            -509.54531             409.00909 
           -514.30304               4.68872            -509.61432             362.73359 
           -514.00922               4.32615            -509.68307             334.68410 
           -514.44887               4.69931            -509.74957             363.55251 
           -513.41942               3.75361            -509.66581             290.39074 
           -514.41813               4.87699            -509.54114             377.29862 
           -513.96235               4.55206            -509.41029             352.16085 
           -514.66746               5.39310            -509.27436             417.22666 
           -514.26897               5.10797            -509.16100             395.16817 
           -514.97814               5.83408            -509.14406             451.34195 
           -514.29803               5.16878            -509.12925             399.87213 
           -513.77118               4.57909            -509.19209             354.25183 
           -513.74802               4.46009            -509.28792             345.04593 
           -514.01276               4.76183            -509.25093             368.38940 
           -513.94118               4.68589            -509.25528             362.51477 
           -514.10568               4.75663            -509.34905             367.98717 
           -513.78513               4.29621            -509.48892             332.36753 
           -514.67376               5.01223            -509.66152             387.76138 
           -514.35335               4.60472            -509.74863             356.23517 
           -514.62861               4.90492            -509.72369             379.45898 
           -514.71147               5.05700            -509.65447             391.22456 
           -514.58090               4.99068            -509.59021             386.09415 
           -514.91152               5.33248            -509.57904             412.53643 
           -515.53683               5.96965            -509.56717             461.83025 
           -515.71996               6.29934            -509.42062             487.33582 
           -515.31652               6.08159            -509.23493             470.48995 
           -515.84310               6.61348            -509.22963             511.63820 
           -515.67466               6.46228            -509.21238             499.94125 
           -516.86285               7.59201            -509.27083             587.34071 
           -515.99208               6.75367            -509.23842             522.48382 
           -517.69553               8.34680            -509.34874             645.73301 
           -516.08738               6.66756            -509.41983             515.82196 
           -517.53766               8.01414            -509.52352             619.99756 
           -515.96208               6.39425            -509.56783             494.67864 
           -516.78389               7.11487            -509.66903             550.42736 
           -516.12468               6.37959            -509.74509             493.54411 
           -515.93066               6.15620            -509.77446             476.26226 
           -516.80862               7.06507            -509.74355             546.57463 
           -516.94274               7.17936            -509.76338             555.41658 
           -517.74819               7.75479            -509.99340             599.93352 
           -518.02579               7.84249            -510.18330             606.71833 
           -517.94946               7.79451            -510.15495             603.00673 
           -517.85175               7.77550            -510.07625             601.53599 
           -517.79985               7.67389            -510.12596             593.67510 
           -517.60635               7.31392            -510.29243             565.82651 
           -517.52203               7.30973            -510.21230             565.50289 
           -516.45959               6.47041            -509.98919             500.56988 
           -517.10246               7.02248            -510.07998             543.28019 
           -517.97535               7.40094            -510.57441             572.55854 
           -517.71509               6.79312            -510.92196             525.53631 
           -516.74093               5.70284            -511.03809             441.18878 
           -518.32747               7.08311            -511.24436             547.97051 
           -517.53186               5.86471            -511.66715             453.71164 
           -517.22503               5.12660            -512.09843             396.60901 
           -516.97528               4.84320            -512.13209             374.68407 
           -517.85307               5.76866            -512.08441             446.28068 
           -518.58322               6.37630            -512.20692             493.28942 
           -518.50303               6.06289            -512.44014             469.04344 
           -517.66820               5.23465            -512.43355             404.96795 
           -517.56770               5.19063            -512.37707             401.56236 
           -517.71497               5.24933            -512.46564             406.10370 
           -517.76373               5.09582            -512.66791             394.22780 
           -519.15080               6.27090            -512.87990             485.13553 
           -519.82187               6.83314            -512.98872             528.63245 
           -519.78528               6.67553            -513.10976             516.43857 
           -519.82923               6.50366            -513.32558             503.14233 
           -519.02278               5.47212            -513.55066             423.33978 
           -519.63599               5.95628            -513.67971             460.79596 
           -519.26745               5.53547            -513.73199             428.24021 
           -519.64806               5.82252            -513.82554             450.44767 
           -519.52442               5.62160            -513.90282             434.90362 
           -518.76436               4.97894            -513.78542             385.18589 
           -519.27798               5.62520            -513.65278             435.18228 
           -519.77174               6.11839            -513.65335             473.33657 
           -519.70819               5.98059            -513.72760             462.67647 
           -519.88074               6.12955            -513.75119             474.20020 
           -519.03772               5.42495            -513.61277             419.69021 
           -518.87714               5.30979            -513.56736             410.78098 
           -519.77338               6.09908            -513.67429             471.84336 
           -519.62552               5.76892            -513.85659             446.30113 
           -520.11385               6.11669            -513.99716             473.20534 
           -519.64464               5.79130            -513.85333             448.03259 
           -519.51224               5.66499            -513.84725             438.26075 
           -518.91716               4.87414            -514.04302             377.07828 
           -518.84525               4.65185            -514.19340             359.88101 
           -519.09493               4.97710            -514.11783             385.04307 
           -518.25975               4.35248            -513.90727             336.72076 
           -518.58741               4.73588            -513.85153             366.38173 
           -519.82191               5.80775            -514.01416             449.30493 
           -519.51216               5.48599            -514.02617             424.41252 
           -520.37107               6.51008            -513.86099             503.63937 
           -519.10982               5.48731            -513.62251             424.51432 
           -519.55983               5.92097            -513.63886             458.06409 
           -518.51328               4.86348            -513.64981             376.25309 
           -518.93451               5.33349            -513.60102             412.61445 
           -518.63122               5.06329            -513.56793             391.71100 
           -518.55071               4.84647            -513.70424             374.93717 
           -519.56312               5.65911            -513.90401             437.80596 
           -519.54479               5.56770            -513.97709             430.73379 
           -518.96418               5.09771            -513.86647             394.37385 
           -519.13663               5.33655            -513.80008             412.85141 
           -519.22985               5.49069            -513.73916             424.77614 
           -518.90043               5.14438            -513.75605             397.98423 
           -519.07129               5.37397            -513.69732             415.74607 
           -518.42157               4.86056            -513.56102             376.02709 
           -518.39055               4.98506            -513.40548             385.65928 
           -519.66950               6.17070            -513.49880             477.38393 
           -519.70678               6.26217            -513.44461             484.45978 
           -518.69025               5.45972            -513.23052             422.38053 
           -519.29735               6.22469            -513.07267             481.56024 
           -518.73309               5.80460            -512.92849             449.06141 
           -518.40207               5.49002            -512.91204             424.72464 
           -518.98342               5.99785            -512.98558             464.01131 
           -519.69998               6.75598            -512.94399             522.66301 
           -518.35568               5.63590            -512.71978             436.01006 
           -518.17972               5.41969            -512.76003             419.28346 
           -517.43932               4.76634            -512.67297             368.73867 
           -517.79520               5.41663            -512.37857             419.04637 
           -518.79663               6.50273            -512.29391             503.07050 
           -517.40433               5.15784            -512.24649             399.02576 
           -516.45180               4.39010            -512.06170             339.63113 
           -517.16467               5.26739            -511.89728             407.50128 
           -516.53881               4.93398            -511.60483             381.70709 
           -516.05228               4.75524            -511.29704             367.87949 
           -517.59064               6.51484            -511.07580             504.00773 
           -517.14547               6.40265            -510.74282             495.32810 
           -516.47651               5.87712            -510.59938             454.67180 
           -516.52161               5.84091            -510.68070             451.87028 
           -517.12756               6.43656            -510.69100             497.95115 
           -516.63255               5.99413            -510.63842             463.72365 
           -516.19814               5.69604            -510.50210             440.66237 
           -516.00991               5.62742            -510.38249             435.35404 
           -516.54755               6.20563            -510.34192             480.08580 
           -516.98948               6.77045            -510.21903             523.78198 
           -517.71901               7.65788            -510.06113             592.43629 
           -517.56859               7.65056            -509.91804             591.86985 
           -516.37475               6.60551            -509.76924             511.02182 
           -517.27315               7.62791            -509.64525             590.11756 
           -516.69956               7.25575            -509.44380             561.32684 
           -516.80514               7.40598            -509.39916             572.94888 
           -516.66276               7.33869            -509.32407             567.74310 
           -516.44566               7.12023            -509.32543             550.84231 
           -517.32305               7.92063            -509.40242             612.76372 
           -516.96277               7.61446            -509.34831             589.07742 
           -516.43936               7.12580            -509.31357             551.27302 
           -517.33191               7.96277            -509.36914             616.02348 
           -516.45631               7.08739            -509.36893             548.30145 
           -516.77793               7.40096            -509.37697             572.56015 
           -515.62648               6.25621            -509.37027             483.99899 
           -516.43988               6.97681            -509.46306             539.74719 
           -515.36597               5.88027            -509.48569             454.91556 
           -515.54141               6.00221            -509.53919             464.34901 
           -515.20495               5.63994            -509.56501             436.32272 
           -514.63776               5.18977            -509.44799             401.49623 
           -514.91369               5.52990            -509.38380             427.80942 
           -515.20856               5.81759            -509.39097             450.06629 
           -514.65202               5.32481            -509.32721             411.94335 
           -515.16895               5.90662            -509.26233             456.95366 
           -514.87347               5.68583            -509.18764             439.87265 
           -513.89904               4.79308            -509.10596             370.80705 
           -513.40822               4.27162            -509.13660             330.46560 
           -514.06706               4.86993            -509.19713             376.75203 
           -514.14031               4.96707            -509.17324             384.26758 
           -514.31027               5.17160            -509.13867             400.09010 
           -515.81492               6.61052            -509.20440             511.40973 
           -514.04009               4.67024            -509.36985             361.30359 
           -514.21956               4.70826            -509.51130             364.24523 
           -514.43477               4.87695            -509.55782             377.29546 
           -514.90428               5.38641            -509.51787             416.70855 
           -513.92956               4.39582            -509.53374             340.07410 
           -514.98068               5.39962            -509.58106             417.73042 
           -513.70442               4.22557            -509.47885             326.90260 
           -514.50398               5.21155            -509.29243             403.18111 
           -515.46537               6.24246            -509.22291             482.93546 
           -514.93756               5.62716            -509.31040             435.33410 
           -514.62465               5.25895            -509.36570             406.84806 
           -515.40019               6.11509            -509.28510             473.08194 
           -514.98665               5.82440            -509.16226             450.59259 
           -515.75073               6.62137            -509.12936             512.24892 
           -515.07439               5.88017            -509.19422             454.90784 
           -515.00932               5.71487            -509.29445             442.11913 
           -515.14808               5.83438            -509.31370             451.36509 
           -515.35271               5.99352            -509.35919             463.67657 
           -516.36565               6.94081            -509.42484             536.96173 
           -515.65231               6.21838            -509.43393             481.07261 
           -516.17139               6.74890            -509.42249             522.11531 
           -515.92266               6.55606            -509.36660             507.19631 
           -515.70567               6.27702            -509.42865             485.60889 
           -515.70193               6.19130            -509.51062             478.97763 
           -515.72546               6.40767            -509.31779             495.71681 
           -515.79743               6.64281            -509.15462             513.90781 
           -516.54066               7.39114            -509.14952             571.80045 
           -516.43827               7.18894            -509.24933             556.15797 
           -516.07844               6.83428            -509.24416             528.72063 
           -516.36890               7.13374            -509.23517             551.88719 
           -515.57299               6.26292            -509.31007             484.51823 
           -515.07686               5.61270            -509.46417             434.21493 
           -514.76554               5.17176            -509.59377             400.10314 
           -515.20083               5.57751            -509.62332             431.49263 
           -515.95198               6.25221            -509.69977             483.68965 
           -515.60609               5.70491            -509.90118             441.34913 
           -515.38741               5.38244            -510.00496             416.40182 
           -515.11082               5.32756            -509.78325             412.15618 
           -515.07849               5.50876            -509.56973             426.17426 
           -516.07333               6.43570            -509.63763             497.88483 
           -515.38309               5.69196            -509.69114             440.34665 
           -514.78597               5.20087            -509.58510             402.35459 
           -515.40065               5.73680            -509.66385             443.81593 
           -514.56902               4.82703            -509.74198             373.43367 
           -514.92479               4.91002            -510.01476             379.85418 
           -515.46369               5.29400            -510.16969             409.55925 
           -515.61977               5.49204            -510.12773             424.88079 
           -515.31661               5.05223            -510.26438             390.85544 
           -515.26687               4.65244            -510.61442             359.92698 
           -515.71547               4.89848            -510.81699             378.96128 
           -516.93530               6.21613            -510.71916             480.89862 
           -516.57941               6.07383            -510.50558             469.88977 
           -516.10526               5.61308            -510.49218             434.24476 
           -516.52708               5.95272            -510.57436             460.52002 
           -515.68966               5.24389            -510.44577             405.68261 
           -515.79503               5.58408            -510.21095             432.00119 
           -516.80814               6.66540            -510.14274             515.65509 
           -516.53586               6.21431            -510.32155             480.75729 
           -515.90070               5.43580            -510.46490             420.52970 
           -516.64793               6.07928            -510.56865             470.31137 
           -516.63989               6.14644            -510.49345             475.50683 
           -516.00547               5.32957            -510.67590             412.31110 
           -516.20018               5.21157            -510.98861             403.18255 
           -516.00959               4.89815            -511.11144             378.93546 
           -515.38268               4.47354            -510.90915             346.08629 
           -516.25840               5.52151            -510.73689             427.16036 
           -516.08282               5.22931            -510.85351             404.55479 
           -515.18797               4.09309            -511.09489             316.65334 
           -516.22031               5.15917            -511.06114             399.12905 
           -516.12858               5.39890            -510.72967             417.67509 
