           -519.43619               1.11356            -518.32263              86.14826 
           -520.03740               1.94800            -518.08940             150.70338 
           -519.77584               1.68625            -518.08959             130.45364 
           -519.84763               1.51275            -518.33488             117.03093 
           -520.41840               1.95657            -518.46183             151.36620 
           -520.35044               2.04819            -518.30225             158.45433 
           -519.72786               1.64277            -518.08509             127.08949 
           -519.71781               1.60734            -518.11047             124.34852 
           -519.96777               1.61903            -518.34874             125.25290 
           -520.02832               1.58017            -518.44815             122.24642 
           -519.80264               1.55140            -518.25124             120.02115 
           -520.80780               2.72889            -518.07890             211.11521 
           -520.52348               2.37205            -518.15142             183.50916 
           -519.78953               1.44131            -518.34822             111.50437 
           -519.99695               1.57778            -518.41918             122.06170 
           -520.22904               1.97003            -518.25901             152.40726 
           -519.80653               1.71695            -518.08958             132.82826 
           -520.26498               2.08456            -518.18042             161.26774 
           -520.91809               2.54047            -518.37762             196.53801 
           -520.98099               2.59357            -518.38742             200.64652 
           -520.45930               2.23672            -518.22259             173.03897 
           -520.69502               2.57010            -518.12492             198.83049 
           -520.57387               2.37681            -518.19707             183.87681 
           -520.58188               2.20696            -518.37491             170.73729 
           -520.89985               2.51296            -518.38689             194.41014 
           -521.48118               3.28839            -518.19279             254.39964 
           -521.40657               3.30154            -518.10503             255.41702 
           -521.26690               3.03821            -518.22869             235.04471 
           -521.24823               2.89108            -518.35715             223.66236 
           -521.57311               3.24515            -518.32796             251.05462 
           -521.51976               3.36470            -518.15506             260.30324 
           -521.77635               3.68437            -518.09197             285.03418 
           -522.40260               4.18178            -518.22083             323.51460 
           -523.48364               5.14661            -518.33703             398.15696 
           -523.84629               5.57330            -518.27299             431.16720 
           -524.16371               6.01412            -518.14959             465.27059 
           -525.06637               6.79102            -518.27535             525.37344 
           -525.05718               6.36875            -518.68843             492.70543 
           -524.99667               5.95812            -519.03855             460.93763 
           -526.06990               6.85139            -519.21851             530.04405 
           -526.39272               7.14426            -519.24845             552.70164 
           -524.66879               5.62994            -519.03885             435.54868 
           -524.60829               5.97718            -518.63111             462.41284 
           -525.17455               7.26786            -517.90668             562.26353 
           -526.48031               9.02026            -517.46005             697.83406 
           -526.04232               8.55992            -517.48241             662.22058 
           -525.61068               7.78296            -517.82773             602.11278 
           -525.45293               7.49072            -517.96220             579.50464 
           -524.67759               6.95387            -517.72372             537.97214 
           -526.17172               8.67523            -517.49649             671.14136 
           -526.20197               8.52327            -517.67870             659.38552 
           -525.06603               6.86138            -518.20465             530.81690 
           -524.27822               5.65349            -518.62473             437.37079 
           -524.76569               5.96904            -518.79665             461.78295 
           -525.21476               6.38899            -518.82577             494.27156 
           -525.05248               6.21042            -518.84206             480.45652 
           -525.31546               6.84494            -518.47052             529.54510 
           -525.17282               7.32749            -517.84533             566.87619 
           -523.25987               5.75383            -517.50604             445.13352 
           -521.83661               4.23099            -517.60562             327.32174 
           -524.17264               6.39496            -517.77769             494.73285 
           -524.81580               7.36020            -517.45560             569.40715 
           -524.26809               7.23881            -517.02928             560.01558 
           -522.37637               5.51043            -516.86594             426.30343 
           -521.21895               4.31016            -516.90879             333.44717 
           -521.23034               4.45415            -516.77619             344.58607 
           -522.50477               5.69772            -516.80706             440.79254 
           -523.56549               6.45897            -517.10652             499.68500 
           -522.61023               5.27460            -517.33563             408.05901 
           -522.80592               5.49276            -517.31316             424.93651 
           -524.02384               6.99197            -517.03188             540.91929 
           -523.53431               6.94761            -516.58670             537.48792 
           -522.89617               6.62097            -516.27520             512.21773 
           -521.16846               5.21658            -515.95188             403.56995 
           -522.91603               7.25552            -515.66051             561.30887 
           -524.01071               8.76076            -515.24996             677.75822 
           -524.99203              10.03305            -514.95898             776.18683 
           -524.16536               9.42435            -514.74100             729.09622 
           -524.95407              10.19395            -514.76012             788.63443 
           -525.89827              11.03446            -514.86381             853.65866 
           -525.02259              10.15689            -514.86570             785.76731 
           -524.27950               9.40209            -514.87741             727.37361 
           -523.54914               8.53975            -515.00939             660.66055 
           -523.00638               7.62466            -515.38171             589.86682 
           -523.64247               8.09111            -515.55137             625.95218 
           -523.60442               8.17276            -515.43166             632.26921 
           -524.57915               9.27713            -515.30201             717.70656 
           -524.28891               9.01126            -515.27766             697.13781 
           -524.53704               9.23987            -515.29717             714.82355 
           -523.05242               7.91780            -515.13462             612.54435 
           -521.88048               6.98627            -514.89421             540.47837 
           -520.86074               6.06425            -514.79650             469.14810 
           -521.48942               6.56040            -514.92902             507.53206 
           -520.47705               5.50383            -514.97322             425.79275 
           -521.45688               6.56533            -514.89155             507.91340 
           -519.85941               5.26083            -514.59858             406.99384 
           -521.56096               7.16228            -514.39867             554.09562 
           -520.36406               6.07277            -514.29129             469.80752 
           -521.08268               6.80510            -514.27758             526.46287 
           -521.20816               7.03581            -514.17235             544.31145 
           -520.21804               6.11696            -514.10107             473.22640 
           -519.82676               5.48837            -514.33838             424.59681 
           -520.16214               5.38617            -514.77598             416.69004 
           -520.27696               5.10803            -515.16893             395.17217 
           -520.80619               5.62512            -515.18107             435.17609 
           -520.80452               5.76986            -515.03466             446.37385 
           -520.33498               5.19794            -515.13704             402.12810 
           -520.35419               4.92394            -515.43025             380.93041 
           -519.58493               4.17181            -515.41312             322.74349 
           -518.22923               3.06686            -515.16237             237.26159 
           -519.29140               4.41055            -514.88084             341.21347 
           -519.05343               4.21129            -514.84213             325.79829 
           -519.86550               4.91348            -514.95202             380.12160 
           -519.53363               4.74068            -514.79295             366.75338 
           -519.05199               4.68037            -514.37162             362.08749 
           -519.59743               5.57362            -514.02381             431.19163 
           -519.62514               5.64031            -513.98483             436.35140 
           -520.29357               6.23692            -514.05665             482.50704 
           -520.16506               6.04043            -514.12463             467.30548 
           -518.91141               4.66958            -514.24183             361.25273 
           -517.97389               3.39214            -514.58175             262.42607 
           -518.42890               3.53289            -514.89601             273.31517 
           -518.85691               3.77837            -515.07854             292.30609 
           -518.37731               3.27053            -515.10678             253.01815 
           -519.03150               3.86068            -515.17082             298.67401 
           -518.94115               3.66758            -515.27357             283.73507 
           -519.21572               3.85169            -515.36403             297.97825 
           -519.45985               4.11422            -515.34563             318.28827 
           -520.27577               5.04634            -515.22943             390.39999 
           -519.61673               4.43453            -515.18220             343.06850 
           -519.96229               4.89218            -515.07011             378.47386 
           -519.57037               4.70736            -514.86301             364.17522 
           -519.17196               4.70404            -514.46792             363.91854 
           -519.87820               5.71267            -514.16553             441.94916 
           -519.76469               5.73331            -514.03138             443.54605 
           -520.44920               6.20517            -514.24403             480.05045 
           -520.11100               5.70978            -514.40121             441.72590 
           -520.43145               5.80623            -514.62522             449.18703 
           -519.90839               5.02717            -514.88122             388.91706 
           -520.14099               5.12033            -515.02066             396.12418 
           -519.33477               4.27222            -515.06256             330.51134 
           -519.31636               4.27519            -515.04117             330.74162 
           -519.67844               4.65267            -515.02576             359.94482 
           -519.76542               4.69943            -515.06599             363.56173 
           -519.34915               4.23090            -515.11825             327.31479 
           -520.29930               5.14461            -515.15469             398.00205 
           -520.74857               5.64173            -515.10684             436.46105 
           -520.88240               5.87239            -515.01001             454.30538 
           -520.66760               5.84019            -514.82740             451.81479 
           -520.52017               5.91842            -514.60175             457.86658 
           -520.79137               6.36414            -514.42723             492.34873 
           -521.97401               7.66904            -514.30497             593.29944 
           -521.88644               7.59638            -514.29006             587.67894 
           -522.81903               8.40339            -514.41564             650.11099 
           -522.06823               7.43808            -514.63015             575.43213 
           -522.63129               7.82428            -514.80701             605.30950 
           -521.96453               7.15412            -514.81041             553.46412 
           -521.68379               6.92804            -514.75575             535.97366 
           -520.67284               5.80072            -514.87212             448.76104 
           -521.14798               6.07249            -515.07549             469.78613 
           -522.28844               7.14192            -515.14652             552.52020 
           -523.01593               7.99481            -515.02112             618.50203 
           -523.38630               8.43981            -514.94649             652.92910 
           -522.21403               7.00403            -515.21000             541.85263 
           -521.84139               6.45583            -515.38557             499.44199 
           -521.76463               6.57625            -515.18838             508.75837 
           -521.91291               6.90442            -515.00848             534.14682 
           -521.86613               6.93063            -514.93550             536.17400 
           -521.75866               6.91705            -514.84161             535.12389 
           -520.31217               5.50851            -514.80365             426.15489 
           -520.29562               5.56279            -514.73283             430.35402 
           -521.87904               6.91423            -514.96481             534.90532 
           -521.93528               6.46736            -515.46791             500.33456 
           -521.29985               5.48095            -515.81890             424.02264 
           -520.03032               4.08385            -515.94647             315.93918 
           -520.58017               4.54042            -516.03975             351.26071 
           -519.79841               3.75850            -516.03991             290.76912 
           -520.78029               4.70541            -516.07488             364.02428 
           -520.97218               4.95329            -516.01888             383.20163 
           -521.23652               5.39741            -515.83911             417.55980 
           -522.18687               6.49309            -515.69379             502.32453 
           -522.31671               6.70769            -515.60902             518.92685 
           -522.32899               6.63425            -515.69474             513.24542 
           -522.22368               6.41646            -515.80722             496.39637 
           -523.12269               7.12880            -515.99389             551.50521 
           -523.11942               6.80193            -516.31749             526.21759 
           -523.02644               6.52852            -516.49791             505.06591 
           -521.82281               5.34594            -516.47686             413.57814 
           -521.63112               5.17832            -516.45280             400.61047 
           -522.88784               6.38454            -516.50330             493.92709 
           -523.52971               6.95582            -516.57389             538.12299 
           -523.82038               7.18408            -516.63630             555.78195 
           -523.57339               6.88603            -516.68735             532.72414 
           -523.36024               6.63344            -516.72680             513.18262 
           -522.39730               5.60042            -516.79688             433.26519 
           -522.12349               5.24831            -516.87518             406.02507 
           -521.93449               5.07755            -516.85694             392.81404 
           -522.85903               6.11572            -516.74331             473.13030 
           -522.86171               6.17399            -516.68772             477.63861 
           -523.20873               6.46226            -516.74647             499.93979 
           -522.74519               5.94529            -516.79990             459.94524 
           -521.11476               4.31546            -516.79931             333.85650 
           -521.61880               4.80461            -516.81419             371.69901 
           -520.84141               4.14084            -516.70056             320.34804 
           -521.32837               4.65374            -516.67462             360.02747 
           -520.88651               4.24803            -516.63848             328.63994 
           -520.74231               4.14878            -516.59353             320.96204 
           -521.15386               4.48583            -516.66803             347.03694 
           -520.26259               3.47244            -516.79015             268.63822 
           -520.90869               4.00098            -516.90771             309.52761 
           -522.17441               5.21262            -516.96178             403.26422 
           -521.45489               4.55518            -516.89971             352.40237 
           -522.10969               5.23249            -516.87720             404.80113 
           -521.31023               4.47863            -516.83160             346.48014 
           -521.15775               4.34597            -516.81178             336.21697 
           -520.86297               4.15499            -516.70798             321.44246 
           -520.50417               3.78891            -516.71526             293.12145 
           -520.66371               3.84016            -516.82355             297.08621 
           -521.08506               4.18340            -516.90166             323.64059 
           -521.72559               4.86610            -516.85949             376.45596 
           -521.97903               5.28939            -516.68965             409.20266 
           -522.24004               5.67254            -516.56749             438.84490 
           -521.22660               4.67640            -516.55020             361.77999 
           -520.61544               3.97151            -516.64393             307.24807 
           -520.69034               4.01146            -516.67887             310.33873 
           -520.37615               3.72355            -516.65260             288.06486 
           -521.72371               4.98053            -516.74318             385.30895 
           -521.25860               4.40792            -516.85068             341.00988 
           -521.99769               5.10071            -516.89698             394.60633 
           -521.28525               4.48577            -516.79948             347.03270 
           -522.20607               5.48609            -516.71999             424.42008 
           -521.78515               5.07954            -516.70561             392.96839 
           -522.17892               5.34830            -516.83063             413.76017 
           -522.75818               5.84231            -516.91587             451.97869 
           -523.10957               6.20980            -516.89977             480.40853 
           -522.89219               6.08264            -516.80955             470.57139 
           -522.87961               6.06530            -516.81431             469.22960 
           -523.49199               6.67607            -516.81592             516.48054 
           -522.98908               6.32285            -516.66623             489.15471 
           -523.48642               6.91764            -516.56878             535.16915 
           -524.06481               7.38395            -516.68086             571.24446 
           -524.97972               8.14840            -516.83132             630.38419 
           -524.60814               7.76417            -516.84398             600.65906 
           -525.23597               8.45131            -516.78466             653.81869 
           -524.40930               7.69223            -516.71707             595.09396 
           -523.83014               7.09671            -516.73343             549.02243 
           -524.46514               7.64254            -516.82259             591.25004 
           -525.06193               8.24256            -516.81937             637.66920 
           -525.23680               8.37781            -516.85899             648.13233 
           -525.70759               8.65267            -517.05493             669.39617 
           -525.92348               8.67978            -517.24370             671.49350 
           -525.56389               8.40577            -517.15813             650.29516 
           -525.22525               8.32718            -516.89806             644.21584 
           -526.26894               9.50142            -516.76751             735.05857 
           -525.51216               8.66565            -516.84652             670.40032 
           -524.68543               7.69076            -516.99468             594.97989 
           -523.81945               6.96359            -516.85587             538.72373 
           -523.10327               6.50031            -516.60296             502.88369 
           -524.07862               7.58350            -516.49511             586.68253 
           -523.95153               7.38422            -516.56731             571.26519 
           -523.68397               7.23243            -516.45154             559.52262 
           -522.11649               5.92482            -516.19167             458.36181 
           -521.42492               5.35435            -516.07057             414.22824 
           -520.89306               4.92598            -515.96708             381.08866 
           -521.31357               5.43918            -515.87439             420.79152 
           -520.53164               4.64792            -515.88372             359.57723 
           -521.37717               5.43104            -515.94613             420.16127 
           -521.30011               5.52584            -515.77427             427.49561 
           -520.92795               5.34867            -515.57928             413.78900 
           -521.00593               5.69395            -515.31198             440.50086 
           -521.32072               6.40862            -514.91210             495.78986 
           -521.72369               7.16035            -514.56334             553.94567 
           -521.20262               6.73015            -514.47247             520.66450 
           -521.55322               7.17786            -514.37536             555.30071 
           -522.20900               7.98022            -514.22878             617.37336 
           -522.55821               8.50158            -514.05663             657.70791 
           -521.81412               7.98370            -513.83042             617.64266 
           -523.09893               9.34144            -513.75749             722.68183 
           -523.90823              10.29197            -513.61626             796.21730 
           -523.86053              10.50528            -513.35525             812.71968 
           -525.08620              11.87283            -513.21337             918.51743 
           -524.82673              11.59894            -513.22779             897.32892 
           -524.53181              11.39544            -513.13638             881.58517 
           -523.39758              10.49884            -512.89874             812.22146 
           -524.28594              11.58453            -512.70141             896.21385 
           -522.87243              10.14231            -512.73012             784.63924 
           -524.14037              11.19320            -512.94716             865.93945 
           -523.73636              10.80399            -512.93237             835.82918 
           -523.43609              10.72723            -512.70887             829.89037 
           -523.00931              10.35157            -512.65773             800.82864 
           -522.19778               9.37205            -512.82572             725.04989 
           -522.41010               9.37447            -513.03564             725.23670 
           -521.38699               8.48162            -512.90537             656.16324 
           -520.79449               8.17199            -512.62250             632.20958 
           -520.87768               8.25133            -512.62635             638.34774 
           -520.62633               7.75006            -512.87627             599.56743 
           -520.14962               7.19667            -512.95296             556.75552 
           -520.53419               7.75726            -512.77693             600.12504 
           -520.84514               8.27958            -512.56556             640.53308 
           -520.63743               7.99654            -512.64089             618.63650 
           -520.98399               8.20019            -512.78380             634.39139 
           -520.05275               7.36879            -512.68396             570.07140 
           -520.32139               7.81111            -512.51028             604.29080 
           -519.27397               6.82834            -512.44563             528.26094 
           -518.65302               6.07929            -512.57373             470.31237 
           -519.07413               6.36167            -512.71246             492.15807 
           -518.54672               5.86731            -512.67941             453.91269 
           -519.22228               6.61779            -512.60450             511.97169 
           -519.36925               6.69650            -512.67275             518.06143 
           -518.62186               5.75320            -512.86866             445.08506 
           -518.23420               5.28857            -512.94563             409.13918 
           -518.44000               5.57947            -512.86053             431.64466 
           -517.66701               4.85274            -512.81427             375.42255 
           -518.30241               5.38755            -512.91486             416.79691 
           -517.72985               4.74219            -512.98766             366.87002 
           -518.05723               5.11972            -512.93750             396.07707 
           -518.00949               5.27759            -512.73189             408.29048 
           -517.45950               4.94694            -512.51256             382.70986 
           -518.38993               5.86508            -512.52485             453.74003 
           -518.87413               6.27505            -512.59908             485.45667 
           -518.15637               5.58453            -512.57185             432.03566 
           -518.46942               6.03818            -512.43124             467.13125 
           -518.36040               5.96094            -512.39946             461.15574 
           -517.04210               4.51430            -512.52780             349.23968 
           -516.47626               3.81759            -512.65867             295.33989 
           -517.65854               4.78371            -512.87482             370.08236 
           -518.01293               5.03510            -512.97783             389.53022 
           -517.72338               4.70148            -513.02191             363.72026 
           -518.50597               5.49264            -513.01333             424.92709 
           -518.40841               5.42825            -512.98016             419.94574 
           -517.27095               4.33367            -512.93727             335.26593 
           -517.44936               4.53175            -512.91761             350.58963 
           -516.92972               4.06615            -512.86356             314.56961 
           -516.89981               4.12113            -512.77867             318.82327 
           -516.74923               4.10956            -512.63967             317.92777 
           -516.90981               4.35402            -512.55578             336.84036 
           -517.54375               4.94585            -512.59790             382.62548 
           -516.96195               4.36444            -512.59752             337.64572 
           -517.45987               4.90318            -512.55669             379.32443 
           -518.41273               5.84882            -512.56391             452.48224 
           -518.42702               5.88022            -512.54681             454.91101 
           -517.67629               5.11336            -512.56293             395.58496 
           -517.31286               4.61994            -512.69291             357.41266 
           -517.36638               4.62705            -512.73934             357.96203 
           -516.56678               3.68530            -512.88148             285.10613 
           -518.23336               5.18111            -513.05225             400.82624 
           -518.06292               4.99384            -513.06908             386.33814 
           -517.86402               4.87238            -512.99164             376.94159 
           -517.97786               5.07012            -512.90774             392.23987 
           -518.28294               5.36565            -512.91730             415.10232 
           -518.86305               5.97389            -512.88916             462.15773 
           -517.93160               5.17410            -512.75751             400.28347 
           -518.25303               5.57682            -512.67621             431.43953 
           -517.20892               4.55571            -512.65321             352.44368 
           -517.33803               4.63350            -512.70453             358.46109 
           -518.48125               5.79064            -512.69061             447.98135 
           -518.33848               5.81403            -512.52445             449.79067 
           -519.16587               6.65482            -512.51105             514.83641 
           -518.96396               6.36976            -512.59420             492.78367 
           -519.15186               6.45172            -512.70014             499.12415 
           -519.08128               6.40144            -512.67984             495.23480 
           -518.89121               6.15439            -512.73682             476.12210 
           -518.40347               5.49694            -512.90653             425.25985 
           -519.32564               6.28160            -513.04404             485.96323 
           -519.04560               6.06446            -512.98114             469.16478 
           -518.73637               5.88534            -512.85103             455.30769 
           -519.85574               6.94576            -512.90998             537.34469 
           -520.39548               7.46168            -512.93380             577.25805 
           -520.32876               7.53997            -512.78879             583.31422 
           -520.27538               7.66483            -512.61055             592.97388 
           -519.50535               6.89850            -512.60685             533.68845 
           -519.45648               6.70166            -512.75482             518.46013 
           -520.29050               7.48526            -512.80524             579.08232 
           -520.39727               7.74907            -512.64820             599.49125 
           -521.11741               8.62542            -512.49200             667.28784 
           -520.61478               8.08689            -512.52789             625.62588 
           -521.31797               8.59714            -512.72083             665.10017 
           -521.31412               8.52262            -512.79150             659.33557 
           -521.96473               9.20350            -512.76124             712.00985 
           -522.19036               9.41463            -512.77573             728.34414 
           -522.06841               9.13834            -512.93007             706.96934 
           -521.34006               8.36586            -512.97421             647.20761 
           -521.39003               8.51460            -512.87542             658.71500 
           -522.33681               9.57656            -512.76025             740.87152 
           -522.13562               9.36703            -512.76859             724.66168 
           -522.70998               9.81941            -512.89057             759.65901 
           -522.38236               9.45317            -512.92918             731.32581 
           -522.56203               9.67556            -512.88648             748.52987 
           -522.06287               9.22067            -512.84221             713.33836 
           -521.03652               8.03217            -513.00435             621.39238 
           -521.79839               8.56549            -513.23290             662.65213 
           -522.06280               8.69330            -513.36950             672.53963 
           -521.65260               8.24710            -513.40550             638.01990 
           -519.93578               6.34746            -513.58833             491.05813 
           -519.96594               6.16918            -513.79676             477.26600 
           -518.99389               4.99806            -513.99583             386.66512 
           -520.98519               6.61659            -514.36860             511.87881 
           -520.60090               5.91448            -514.68642             457.56209 
           -520.23866               5.30962            -514.92903             410.76825 
           -519.97271               4.93336            -515.03935             381.65931 
