           -473.56798               1.44108            -472.12690             111.48634 
           -474.11606               2.08831            -472.02775             161.55762 
           -473.99381               1.97088            -472.02293             152.47317 
           -474.24746               2.12186            -472.12560             164.15358 
           -475.00660               2.82599            -472.18061             218.62674 
           -474.87354               2.77314            -472.10040             214.53836 
           -474.67470               2.66528            -472.00943             206.19370 
           -475.24629               3.21611            -472.03018             248.80788 
           -476.27005               4.12312            -472.14693             318.97683 
           -476.64447               4.45870            -472.18577             344.93867 
           -477.44493               5.36067            -472.08426             414.71738 
           -478.59223               6.59260            -471.99963             510.02343 
           -478.88507               6.83677            -472.04830             528.91311 
           -479.13737               6.99409            -472.14328             541.08377 
           -480.18258               8.01723            -472.16535             620.23684 
           -481.79472               9.72169            -472.07303             752.09876 
           -482.78809              10.82065            -471.96744             837.11760 
           -483.98165              11.94443            -472.03722             924.05709 
           -484.16885              11.95469            -472.21416             924.85025 
           -483.53351              11.13851            -472.39500             861.70805 
           -485.55159              12.85001            -472.70158             994.11532 
           -487.46168              14.50624            -472.95543            1122.24625 
           -488.40838              15.21000            -473.19838            1176.69092 
           -488.33285              15.02274            -473.31011            1162.20371 
           -487.43144              14.22468            -473.20676            1100.46342 
           -487.88416              14.76933            -473.11482            1142.59967 
           -488.36429              15.31912            -473.04517            1185.13268 
           -488.17022              15.19771            -472.97251            1175.74023 
           -487.36719              14.68772            -472.67947            1136.28566 
           -487.57203              15.09314            -472.47889            1167.65043 
           -487.87636              15.23640            -472.63997            1178.73313 
           -486.50154              13.44868            -473.05287            1040.42989 
           -483.51949              10.05921            -473.46028             778.21031 
           -483.76575              10.00204            -473.76370             773.78789 
           -487.39670              13.24194            -474.15476            1024.43615 
           -488.37390              14.07003            -474.30387            1088.49928 
           -486.64052              12.37561            -474.26491             957.41406 
           -485.47430              11.39093            -474.08337             881.23631 
           -489.53377              15.79386            -473.73991            1221.86045 
           -491.32316              17.63447            -473.68869            1364.25499 
           -491.91239              18.48986            -473.42253            1430.43052 
           -490.74107              17.54294            -473.19813            1357.17452 
           -494.00726              20.90498            -473.10228            1617.27186 
           -496.40474              23.35362            -473.05112            1806.70580 
           -495.70361              22.85746            -472.84614            1768.32155 
           -494.57410              21.33469            -473.23942            1650.51508 
           -497.78737              24.13284            -473.65454            1866.98817 
           -500.38586              26.54119            -473.84466            2053.30599 
           -498.96245              25.13635            -473.82610            1944.62291 
           -491.08807              17.40944            -473.67864            1346.84612 
           -489.24374              15.56413            -473.67962            1204.08716 
           -490.72092              17.04850            -473.67242            1318.92251 
           -489.43191              15.84775            -473.58416            1226.02946 
           -491.95030              17.81859            -474.13172            1378.49901 
           -490.93395              16.78251            -474.15144            1298.34502 
           -487.14432              12.95899            -474.18532            1002.54641 
           -489.60196              15.35944            -474.24252            1188.25175 
           -489.45530              15.27223            -474.18307            1181.50518 
           -490.38331              16.03179            -474.35152            1240.26703 
           -494.07438              19.58585            -474.48853            1515.21947 
           -493.26564              18.89383            -474.37180            1461.68320 
           -492.88267              18.67653            -474.20615            1444.87182 
           -492.70519              18.51059            -474.19460            1432.03472 
           -497.75333              23.77363            -473.97970            1839.19897 
           -497.86629              23.71267            -474.15362            1834.48273 
           -494.63310              20.94403            -473.68907            1620.29276 
           -497.37115              23.82437            -473.54677            1843.12448 
           -494.84662              21.17369            -473.67294            1638.05969 
           -493.78061              19.91516            -473.86545            1540.69593 
           -492.23154              18.69868            -473.53286            1446.58542 
           -497.31616              22.99589            -474.32027            1779.03103 
           -492.45623              18.40789            -474.04835            1424.08912 
           -491.72278              17.54563            -474.17714            1357.38242 
           -491.83221              17.67973            -474.15248            1367.75685 
           -491.97069              18.25751            -473.71317            1412.45578 
           -493.47534              20.34528            -473.13006            1573.97145 
           -495.26933              22.59402            -472.67531            1747.94068 
           -494.59957              21.54887            -473.05071            1667.08457 
           -495.33433              21.93420            -473.40013            1696.89493 
           -492.55317              19.05797            -473.49520            1474.38136 
           -490.62601              17.66591            -472.96010            1366.68715 
           -491.21515              18.25708            -472.95807            1412.42188 
           -489.27177              16.99873            -472.27304            1315.07246 
           -486.71528              14.97593            -471.73935            1158.58289 
           -490.65944              18.96494            -471.69450            1467.18436 
           -488.89460              17.30845            -471.58615            1339.03329 
           -489.56453              17.77000            -471.79453            1374.74034 
           -491.02716              18.72729            -472.29987            1448.79903 
           -492.22637              19.70383            -472.52254            1524.34728 
           -487.16422              15.47784            -471.68638            1197.41150 
           -488.17688              16.75373            -471.42315            1296.11861 
           -493.60202              21.98292            -471.61911            1700.66394 
           -491.09962              19.84047            -471.25916            1534.91770 
           -485.91819              15.33466            -470.58353            1186.33505 
           -489.78796              19.01849            -470.76947            1471.32719 
           -488.43519              18.14940            -470.28579            1404.09167 
           -492.93210              22.45651            -470.47558            1737.30287 
           -489.67527              19.61081            -470.06446            1517.15075 
           -491.72912              22.27759            -469.45152            1723.46120 
           -493.26613              23.06376            -470.20237            1784.28127 
           -491.61448              22.09906            -469.51542            1709.64956 
           -490.93247              21.65650            -469.27597            1675.41150 
           -494.01045              24.15799            -469.85246            1868.93413 
           -487.43171              17.90596            -469.52575            1385.25852 
           -488.03898              18.61966            -469.41932            1440.47242 
           -494.10955              24.56495            -469.54460            1900.41759 
           -489.71722              20.20332            -469.51390            1562.98920 
           -491.59876              22.20625            -469.39251            1717.94172 
           -489.91334              20.55730            -469.35604            1590.37391 
           -487.30024              17.91114            -469.38910            1385.65911 
           -489.29627              19.78299            -469.51328            1530.47117 
           -488.91810              19.79011            -469.12799            1531.02211 
           -485.57051              17.04089            -468.52963            1318.33397 
           -491.35699              23.14913            -468.20786            1790.88578 
           -489.12133              20.63970            -468.48163            1596.74872 
           -489.28146              20.29990            -468.98155            1570.46088 
           -491.53734              22.64223            -468.89512            1751.67011 
           -490.01275              20.99957            -469.01318            1624.58915 
           -489.90425              21.36585            -468.53840            1652.92582 
           -487.00278              18.74557            -468.25721            1450.21327 
           -489.31927              20.54749            -468.77177            1589.61550 
           -490.34060              22.07615            -468.26446            1707.87648 
           -492.86942              23.75798            -469.11144            1837.98798 
           -489.70178              20.94849            -468.75329            1620.63790 
           -485.94066              16.84652            -469.09414            1303.29697 
           -489.59996              20.80669            -468.79327            1609.66740 
           -489.64220              20.87782            -468.76438            1615.17036 
           -491.43922              23.12182            -468.31740            1788.77284 
           -487.25483              18.84621            -468.40862            1457.99940 
           -490.48271              21.75970            -468.72301            1683.39567 
           -484.82109              16.48613            -468.33496            1275.41605 
           -489.07802              20.55525            -468.52277            1590.21567 
           -488.89017              20.65622            -468.23395            1598.02655 
           -489.12380              21.26011            -467.86369            1644.74559 
           -483.44873              15.65626            -467.79247            1211.21474 
           -484.45071              16.76599            -467.68472            1297.06696 
           -489.57866              21.75658            -467.82208            1683.15409 
           -489.21650              21.38528            -467.83122            1654.42892 
           -485.84860              18.70629            -467.14231            1447.17438 
           -483.30517              16.40200            -466.90316            1268.90794 
           -486.49987              19.46447            -467.03541            1505.82921 
           -489.03343              21.59705            -467.43639            1670.81191 
           -487.36696              19.93412            -467.43284            1542.16304 
           -487.21699              20.19248            -467.02451            1562.15045 
           -484.23446              17.67788            -466.55658            1367.61345 
           -484.69812              17.55543            -467.14270            1358.14021 
           -488.76525              21.57882            -467.18643            1669.40200 
           -490.77737              23.60814            -467.16923            1826.39646 
           -486.03275              18.91840            -467.11435            1463.58385 
           -489.86812              22.49047            -467.37765            1739.93010 
           -487.17485              20.15550            -467.01935            1559.28941 
           -486.62856              19.65513            -466.97343            1520.57914 
           -487.96646              21.30631            -466.66014            1648.32000 
           -488.39648              22.01932            -466.37716            1703.48013 
           -488.88333              22.21989            -466.66344            1718.99683 
           -490.83304              24.08603            -466.74701            1863.36734 
           -484.02810              17.66216            -466.36594            1366.39717 
           -487.15271              20.43979            -466.71292            1581.28334 
           -486.18969              19.26313            -466.92657            1490.25297 
           -485.77811              19.27070            -466.50741            1490.83864 
           -490.42586              23.90821            -466.51765            1849.61031 
           -490.00510              23.10978            -466.89532            1787.84157 
           -489.62768              22.63643            -466.99125            1751.22143 
           -488.32730              21.65377            -466.67354            1675.19988 
           -488.59342              21.51731            -467.07611            1664.64333 
           -488.38442              21.21529            -467.16913            1641.27817 
           -490.46808              22.89381            -467.57427            1771.13345 
           -490.89444              23.63037            -467.26407            1828.11595 
           -487.21359              20.33219            -466.88140            1572.95891 
           -491.68018              24.64148            -467.03870            1906.33862 
           -490.73642              23.15934            -467.57708            1791.67530 
           -489.46190              21.73163            -467.73027            1681.22376 
           -488.71510              20.99000            -467.72510            1623.84895 
           -487.17372              19.46491            -467.70881            1505.86344 
           -490.01376              22.64279            -467.37097            1751.71362 
           -489.43798              21.98511            -467.45287            1700.83389 
           -488.85913              22.03514            -466.82399            1704.70450 
           -488.61434              21.89731            -466.71703            1694.04089 
           -485.34639              18.41459            -466.93180            1424.60745 
           -492.01060              24.27914            -467.73146            1878.30692 
           -490.08880              22.69105            -467.39775            1755.44722 
           -488.42443              21.05333            -467.37109            1628.74875 
           -488.89955              21.77337            -467.12618            1684.45314 
           -488.64006              21.42273            -467.21734            1657.32598 
           -489.10411              21.91126            -467.19285            1695.12016 
           -489.18995              22.02679            -467.16316            1704.05847 
           -486.90606              19.87379            -467.03227            1537.49566 
           -490.72189              23.30394            -467.41795            1802.86243 
           -491.15307              23.80564            -467.34742            1841.67569 
           -487.73335              20.44672            -467.28663            1581.81963 
           -489.65992              22.66892            -466.99101            1753.73495 
           -485.33603              18.37451            -466.96152            1421.50696 
           -491.51307              24.18266            -467.33041            1870.84265 
           -487.06773              20.16604            -466.90169            1560.10509 
           -489.14331              22.31586            -466.82745            1726.42134 
           -488.58343              21.64785            -466.93559            1674.74217 
           -490.59670              23.36437            -467.23234            1807.53703 
           -487.24336              20.32628            -466.91708            1572.50147 
           -488.99439              22.37822            -466.61617            1731.24550 
           -490.26824              23.69853            -466.56971            1833.38903 
           -489.55955              22.85956            -466.69999            1768.48366 
           -492.95442              26.00008            -466.95434            2011.44348 
           -492.65358              25.04124            -467.61234            1937.26497 
           -489.50974              22.65445            -466.85528            1752.61618 
           -492.39128              26.55352            -465.83775            2054.25989 
           -492.30563              26.46744            -465.83818            2047.60039 
           -489.25775              23.39244            -465.86531            1809.70903 
           -489.07522              23.28385            -465.79137            1801.30832 
           -488.89157              22.91584            -465.97572            1772.83796 
           -488.51676              22.49237            -466.02439            1740.07678 
           -488.99277              23.73134            -465.26143            1835.92753 
           -486.55455              21.21797            -465.33657            1641.48575 
           -490.54805              25.20471            -465.34335            1949.91128 
           -489.74777              24.08683            -465.66094            1863.42920 
           -489.99113              24.53486            -465.45628            1898.08978 
           -488.96304              23.33815            -465.62489            1805.50888 
           -489.06804              23.22856            -465.83949            1797.03059 
           -489.66802              23.52791            -466.14011            1820.18941 
           -489.64824              23.22521            -466.42303            1796.77170 
           -488.80472              22.14879            -466.65593            1713.49628 
           -491.52777              24.63439            -466.89338            1905.78991 
           -489.11160              22.19875            -466.91285            1717.36191 
           -488.96291              21.95569            -467.00722            1698.55754 
           -486.87307              19.66562            -467.20745            1521.39100 
           -491.96932              24.20566            -467.76366            1872.62222 
           -490.04653              22.69042            -467.35611            1755.39855 
           -489.96747              22.66773            -467.29974            1753.64356 
           -489.72065              22.71135            -467.00930            1757.01778 
           -490.10327              22.70225            -467.40102            1756.31368 
           -490.72948              23.24562            -467.48387            1798.35029 
           -494.73862              26.55909            -468.17954            2054.69018 
           -492.24374              24.74351            -467.50023            1914.23152 
           -491.76851              23.94471            -467.82380            1852.43440 
           -489.17329              21.44974            -467.72356            1659.41551 
           -492.87871              24.91610            -467.96260            1927.58402 
           -489.56805              21.38025            -468.18780            1654.03956 
           -493.99038              25.80506            -468.18531            1996.35680 
           -487.95931              19.44591            -468.51341            1504.39323 
           -489.65609              21.18687            -468.46922            1639.07915 
           -493.10192              24.32779            -468.77413            1882.07055 
           -492.76242              24.31786            -468.44456            1881.30198 
           -488.76820              21.06724            -467.70097            1629.82424 
           -488.65554              20.98458            -467.67096            1623.43003 
           -488.11420              20.90234            -467.21186            1617.06704 
           -491.60343              24.54783            -467.05560            1899.09332 
           -489.92152              22.41161            -467.50992            1733.82867 
           -490.49563              23.03658            -467.45905            1782.17833 
           -490.21295              22.41866            -467.79430            1734.37412 
           -488.81705              21.21177            -467.60528            1641.00581 
           -489.05776              21.24754            -467.81022            1643.77289 
           -489.27211              21.36090            -467.91121            1652.54310 
           -493.58701              25.57078            -468.01623            1978.23184 
           -485.92486              18.49220            -467.43266            1430.61177 
           -490.93514              23.19137            -467.74377            1794.15357 
           -492.38830              24.61068            -467.77762            1903.95570 
           -489.97064              22.36273            -467.60791            1730.04741 
           -490.97165              23.73940            -467.23225            1836.55072 
           -485.89898              18.85108            -467.04789            1458.37612 
           -484.26393              17.91426            -466.34967            1385.90094 
           -489.84216              23.33349            -466.50866            1805.14871 
           -487.89506              22.06052            -465.83455            1706.66729 
           -489.59046              23.97427            -465.61619            1854.72132 
           -485.60700              20.11452            -465.49248            1556.11910 
           -486.72967              21.34967            -465.38000            1651.67443 
           -489.07641              23.63372            -465.44270            1828.37479 
           -484.09342              18.97513            -465.11829            1467.97278 
           -486.00037              20.90482            -465.09555            1617.25906 
           -484.39166              19.90944            -464.48222            1540.25367 
           -485.84892              21.61149            -464.23743            1671.92939 
           -486.54581              22.42381            -464.12199            1734.77303 
           -482.53807              18.76970            -463.76838            1452.07976 
           -483.30291              20.10557            -463.19734            1555.42688 
           -481.55460              18.53948            -463.01512            1434.26983 
           -477.68788              14.88572            -462.80216            1151.60369 
           -484.95708              21.86545            -463.09163            1691.57657 
           -482.41149              19.46713            -462.94436            1506.03491 
           -481.96666              19.18255            -462.78411            1484.01927 
           -484.33166              21.46263            -462.86904            1660.41272 
           -481.69336              19.36803            -462.32534            1498.36843 
           -481.45239              19.21533            -462.23706            1486.55528 
           -486.87849              24.66320            -462.21530            1908.01836 
           -484.00478              22.22594            -461.77884            1719.46526 
           -481.79630              20.31263            -461.48367            1571.44569 
           -486.36531              24.75851            -461.60680            1915.39194 
           -485.69783              24.03969            -461.65814            1859.78220 
           -483.53389              22.06487            -461.46902            1707.00425 
           -489.03326              27.85388            -461.17939            2154.85905 
           -486.53616              25.60593            -460.93023            1980.95135 
           -483.82272              22.31298            -461.50974            1726.19842 
           -488.20922              26.93965            -461.26956            2084.13186 
           -487.23529              26.05640            -461.17889            2015.80085 
           -489.88214              29.35430            -460.52783            2270.93655 
           -488.69300              28.16835            -460.52464            2179.18762 
           -490.81688              30.57950            -460.23739            2365.72104 
           -483.91315              23.72936            -460.18379            1835.77423 
           -484.11363              23.93166            -460.18197            1851.42459 
           -479.14123              19.16543            -459.97580            1482.69523 
           -484.97636              24.63985            -460.33651            1906.21219 
           -491.84450              31.25844            -460.58606            2418.24648 
           -485.97372              26.19076            -459.78296            2026.19545 
           -483.05564              23.66470            -459.39094            1830.77208 
           -485.71342              26.03090            -459.68252            2013.82803 
           -484.30537              24.73203            -459.57334            1913.34360 
           -483.76822              24.13640            -459.63182            1867.26386 
           -486.57717              26.77679            -459.80038            2071.53265 
           -486.38801              26.92706            -459.46095            2083.15750 
           -484.99989              25.80518            -459.19471            1996.36553 
           -481.03835              21.93996            -459.09839            1697.34098 
           -483.57990              24.23403            -459.34587            1874.81710 
           -480.99479              22.07809            -458.91670            1708.02681 
           -484.51825              26.14730            -458.37094            2022.83347 
           -481.26371              23.78813            -457.47558            1840.32036 
           -485.30578              28.02891            -457.27686            2168.40038 
           -484.38743              26.88848            -457.49895            2080.17321 
           -482.31106              24.51457            -457.79648            1896.52060 
           -484.05670              26.10573            -457.95097            2019.61700 
           -485.88709              29.31010            -456.57700            2267.51658 
           -486.31314              29.75461            -456.55853            2301.90524 
           -480.71404              24.12556            -456.58848            1866.42500 
           -482.86020              26.23424            -456.62596            2029.55902 
           -481.03033              24.36019            -456.67014            1884.57699 
           -485.89987              29.21654            -456.68333            2260.27882 
           -483.76764              26.95581            -456.81183            2085.38215 
           -482.91203              26.24595            -456.66607            2030.46511 
           -482.42331              25.57448            -456.84882            1978.51827 
           -482.07931              25.77256            -456.30675            1993.84200 
           -483.93500              28.09780            -455.83720            2173.72976 
           -481.96546              26.29241            -455.67305            2034.05908 
           -483.93471              28.36972            -455.56499            2194.76627 
           -478.27772              22.98001            -455.29771            1777.80241 
           -478.95078              24.03356            -454.91722            1859.30776 
           -479.60567              24.65871            -454.94696            1907.67119 
           -481.39079              26.09897            -455.29182            2019.09415 
           -483.71737              28.52094            -455.19643            2206.46516 
           -479.82009              25.00939            -454.81070            1934.80139 
           -478.10248              23.57336            -454.52913            1823.70518 
           -479.81838              25.77507            -454.04331            1994.03605 
           -483.90174              29.60919            -454.29254            2290.65565 
           -479.50246              25.97705            -453.52541            2009.66202 
           -481.46972              27.85162            -453.61811            2154.68422 
           -481.03147              27.53879            -453.49267            2130.48313 
           -481.67965              28.37311            -453.30654            2195.02875 
           -484.75718              31.59394            -453.16323            2444.20170 
           -483.00314              29.86367            -453.13947            2310.34251 
           -478.86173              25.91609            -452.94564            2004.94584 
           -480.16924              27.21703            -452.95221            2105.59054 
           -477.76901              25.71776            -452.05125            1989.60251 
           -479.61402              27.02097            -452.59305            2090.42260 
           -482.02655              29.09708            -452.92947            2251.03701 
           -480.05057              27.22547            -452.82509            2106.24382 
           -476.86153              24.24817            -452.61335            1875.91103 
           -472.61107              20.54864            -452.06243            1589.70420 
           -475.90774              23.89521            -452.01253            1848.60486 
           -472.33936              20.49937            -451.83999            1585.89206 
           -473.57891              21.78610            -451.79280            1685.43804 
           -479.07742              27.30894            -451.76848            2112.70122 
           -476.89152              25.22080            -451.67072            1951.15621 
           -478.56301              26.92442            -451.63859            2082.95341 
           -478.85313              27.38447            -451.46866            2118.54418 
           -479.22839              27.73449            -451.49389            2145.62293 
           -478.98126              27.51841            -451.46286            2128.90593 
           -477.68700              26.51389            -451.17311            2051.19350 
           -481.92452              30.05510            -451.86942            2325.15245 
           -481.48345              30.10627            -451.37718            2329.11120 
           -481.10768              29.40294            -451.70474            2274.69902 
           -479.03917              27.04400            -451.99517            2092.20449 
           -480.18029              28.26530            -451.91499            2186.68813 
           -477.83838              26.00891            -451.82947            2012.12714 
           -482.91629              30.03845            -452.87784            2323.86410 
           -481.80387              29.33436            -452.46951            2269.39355 
           -483.22007              30.79891            -452.42116            2382.69580 
           -488.16233              35.46140            -452.70094            2743.39947 
           -486.19839              34.42648            -451.77191            2663.33530 
           -480.87780              29.01561            -451.86220            2244.73406 
           -482.63060              30.53791            -452.09269            2362.50379 
           -486.68878              34.36494            -452.32384            2658.57394 
           -479.78906              28.28525            -451.50381            2188.23142 
           -478.96545              27.38764            -451.57782            2118.78918 
           -478.83012              26.92081            -451.90931            2082.67442 
           -477.13579              25.72886            -451.40693            1990.46119 
           -480.67190              29.70497            -450.96694            2298.06491 
           -478.02219              27.08062            -450.94157            2095.03774 
           -478.36326              27.53385            -450.82940            2130.10098 
           -477.52006              26.41997            -451.10009            2043.92740 
           -475.50674              24.41223            -451.09452            1888.60277 
           -476.87721              26.48570            -450.39151            2049.01261 
           -477.04120              26.58583            -450.45537            2056.75937 
           -480.82920              30.03772            -450.79148            2323.80752 
           -483.68472              32.10160            -451.58312            2483.47543 
           -480.18898              28.67108            -451.51790            2218.08019 
           -477.33875              25.91318            -451.42557            2004.72098 
           -484.16891              32.79705            -451.37186            2537.27779 
           -474.40838              23.81050            -450.59788            1842.05141 
           -477.14427              26.13446            -451.00981            2021.83966 
           -479.00945              27.90928            -451.10017            2159.14500 
           -484.28338              32.96602            -451.31736            2550.34963 
           -482.78262              31.84075            -450.94187            2463.29520 
           -480.88505              29.51643            -451.36862            2283.47925 
           -478.59592              27.16768            -451.42824            2101.77261 
           -482.33969              30.33866            -452.00103            2347.08892 
