           -506.67668               1.35012            -505.32656             104.44918 
           -507.11417               1.88651            -505.22766             145.94581 
           -506.93913               1.71701            -505.22211             132.83335 
           -507.03204               1.70872            -505.32332             132.19155 
           -507.55126               2.17125            -505.38001             167.97466 
           -507.22536               1.92245            -505.30291             148.72651 
           -506.79453               1.58435            -505.21017             122.57042 
           -507.02262               1.79443            -505.22819             138.82237 
           -507.68718               2.34285            -505.34433             181.25001 
           -507.72736               2.33899            -505.38837             180.95088 
           -508.07993               2.78931            -505.29061             215.78968 
           -508.67775               3.47481            -505.20293             268.82202 
           -508.43816               3.19081            -505.24736             246.85025 
           -508.05394               2.70626            -505.34768             209.36433 
           -508.27571               2.89851            -505.37719             224.23770 
           -508.89683               3.60918            -505.28765             279.21687 
           -508.84989               3.66216            -505.18773             283.31574 
           -509.32825               4.08175            -505.24650             315.77634 
           -510.12347               4.76573            -505.35774             368.69114 
           -510.44507               5.09775            -505.34732             394.37686 
           -510.48206               5.24003            -505.24203             405.38453 
           -511.04221               5.87441            -505.16780             454.46175 
           -512.01520               6.80328            -505.21191             526.32242 
           -512.68321               7.35992            -505.32328             569.38558 
           -512.96347               7.58676            -505.37671             586.93469 
           -512.98855               7.53494            -505.45361             582.92509 
           -513.81202               8.10929            -505.70273             627.35862 
           -515.41912               9.32797            -506.09115             721.63928 
           -516.22901               9.83318            -506.39584             760.72378 
           -516.35494               9.76778            -506.58716             755.66439 
           -514.54166               8.10024            -506.44142             626.65894 
           -514.27504               8.20884            -506.06620             635.06024 
           -514.15235               8.58937            -505.56298             664.49949 
           -514.17462               9.01636            -505.15825             697.53265 
           -515.60505              10.77533            -504.82972             833.61177 
           -515.25072              10.51414            -504.73658             813.40535 
           -515.15263              10.03840            -505.11423             776.60055 
           -515.50186               9.88245            -505.61941             764.53556 
           -515.49400               9.58501            -505.90899             741.52513 
           -511.75664               5.77534            -505.98129             446.79775 
           -510.28271               4.26186            -506.02085             329.71038 
           -511.64418               5.50797            -506.13621             426.11337 
           -512.26772               5.78811            -506.47961             447.78511 
           -513.97421               7.04645            -506.92776             545.13414 
           -514.14457               6.75147            -507.39310             522.31368 
           -514.00471               6.35100            -507.65371             491.33214 
           -511.22167               3.95318            -507.26849             305.82984 
           -510.13911               3.57233            -506.56678             276.36590 
           -511.32087               5.40205            -505.91882             417.91893 
           -513.47593               8.01190            -505.46403             619.82440 
           -512.99820               7.64046            -505.35774             591.08883 
           -514.18155               8.62810            -505.55345             667.49552 
           -513.15044               7.32042            -505.83002             566.32958 
           -512.15391               6.05880            -506.09511             468.72696 
           -512.68597               6.14009            -506.54588             475.01536 
           -512.77554               5.86172            -506.91382             453.48050 
           -514.47419               7.49790            -506.97629             580.05959 
           -514.47313               7.88879            -506.58434             610.30063 
           -513.82635               7.54048            -506.28586             583.35431 
           -514.25247               8.15665            -506.09583             631.02250 
           -513.37369               7.43707            -505.93661             575.35419 
           -513.83410               8.10287            -505.73123             626.86243 
           -514.26787               8.74867            -505.51920             676.82335 
           -515.43252              10.04957            -505.38295             777.46462 
           -514.81800               9.57998            -505.23802             741.13550 
           -514.11318               9.18140            -504.93178             710.30069 
           -514.40922               9.76025            -504.64898             755.08177 
           -513.60902               8.99093            -504.61808             695.56529 
           -513.57134               8.66694            -504.90440             670.50047 
           -513.44606               8.37107            -505.07499             647.61076 
           -512.60334               7.43292            -505.17042             575.03318 
           -512.65692               7.25309            -505.40383             561.12076 
           -512.04872               6.32557            -505.72314             489.36530 
           -513.09652               7.24845            -505.84807             560.76160 
           -512.15960               6.47025            -505.68935             500.55773 
           -512.39488               6.84804            -505.54684             529.78494 
           -510.79954               5.31164            -505.48790             410.92436 
           -511.55844               6.12335            -505.43509             473.72082 
           -511.01599               5.88437            -505.13162             455.23257 
           -510.75357               5.93252            -504.82105             458.95715 
           -510.70369               6.02276            -504.68092             465.93906 
           -510.76517               6.14434            -504.62084             475.34413 
           -510.91736               6.48868            -504.42867             501.98399 
           -510.35861               6.14428            -504.21433             475.34012 
           -510.21156               6.12335            -504.08822             473.72037 
           -510.25127               5.95226            -504.29901             460.48489 
           -509.78712               5.19296            -504.59416             401.74310 
           -509.81097               5.06450            -504.74647             391.80453 
           -509.98402               5.07029            -504.91374             392.25243 
           -509.44147               4.39026            -505.05122             339.64330 
           -509.36419               4.05322            -505.31097             313.56915 
           -509.35060               3.81924            -505.53136             295.46812 
           -509.62079               3.94744            -505.67335             305.38606 
           -510.19528               4.52379            -505.67149             349.97406 
           -510.24291               4.63422            -505.60870             358.51677 
           -509.87418               4.40757            -505.46661             340.98288 
           -509.09983               3.80234            -505.29748             294.16054 
           -508.65321               3.56840            -505.08481             276.06193 
           -508.67167               3.95955            -504.71212             306.32290 
           -508.94327               4.56234            -504.38093             352.95599 
           -509.59702               5.28439            -504.31263             408.81584 
           -510.23693               5.92170            -504.31523             458.12048 
           -511.47918               7.19221            -504.28697             556.41112 
           -511.44560               7.28032            -504.16528             563.22738 
           -511.42160               7.27094            -504.15066             562.50176 
           -511.61403               7.36275            -504.25128             569.60452 
           -510.88113               6.33410            -504.54703             490.02500 
           -510.46570               5.78666            -504.67904             447.67364 
           -510.44533               5.52938            -504.91596             427.76906 
           -511.02940               5.81669            -505.21272             449.99616 
           -510.98734               5.62561            -505.36173             435.21395 
           -511.74718               6.57973            -505.16745             509.02747 
           -512.44082               7.54177            -504.89905             583.45416 
           -511.48524               6.89490            -504.59034             533.40985 
           -510.81353               6.39602            -504.41751             494.81490 
           -509.91656               5.59849            -504.31807             433.11602 
           -509.75814               5.58237            -504.17577             431.86868 
           -508.65661               4.76917            -503.88744             368.95701 
           -509.01990               5.39466            -503.62524             417.34696 
           -508.70262               5.31106            -503.39157             410.87935 
           -507.69869               4.49775            -503.20094             347.95934 
           -508.10926               4.98787            -503.12140             385.87627 
           -508.60126               5.75216            -502.84910             445.00426 
           -509.30946               6.77939            -502.53007             524.47374 
           -509.43247               6.83562            -502.59685             528.82399 
           -509.55704               6.79153            -502.76551             525.41321 
           -509.93331               7.00118            -502.93213             541.63237 
           -509.38542               6.34269            -503.04274             490.68917 
           -508.13614               5.15628            -502.97986             398.90555 
           -508.25700               5.19368            -503.06332             401.79847 
           -508.78876               5.74366            -503.04510             444.34674 
           -508.64027               5.89750            -502.74277             456.24846 
           -509.89017               7.33665            -502.55352             567.58505 
           -510.10521               7.52381            -502.58140             582.06430 
           -510.47101               7.81070            -502.66031             604.25888 
           -509.31220               6.75751            -502.55468             522.78139 
           -508.72849               6.31131            -502.41719             488.26152 
           -509.86131               7.38830            -502.47301             571.58119 
           -511.09835               8.48490            -502.61345             656.41726 
           -511.64423               9.03904            -502.60519             699.28674 
           -511.24963               8.79697            -502.45266             680.55974 
           -509.82874               7.38521            -502.44352             571.34226 
           -509.21923               6.64061            -502.57862             513.73744 
           -508.61125               5.99210            -502.61915             463.56687 
           -508.64038               6.01257            -502.62781             465.15032 
           -509.24486               6.69804            -502.54682             518.18027 
           -509.17400               6.76417            -502.40983             523.29662 
           -509.35250               6.88829            -502.46421             532.89862 
           -509.90981               7.38541            -502.52441             571.35704 
           -508.88773               6.44582            -502.44191             498.66792 
           -507.94704               5.60726            -502.33977             433.79471 
           -508.93547               6.48720            -502.44827             501.86899 
           -508.67168               6.11348            -502.55821             472.95704 
           -508.64374               6.12930            -502.51444             474.18132 
           -507.69341               5.30687            -502.38654             410.55552 
           -506.82694               4.50104            -502.32590             348.21394 
           -507.27784               4.87500            -502.40284             377.14452 
           -507.18077               4.71576            -502.46502             364.82516 
           -508.18233               5.68879            -502.49354             440.10169 
           -509.00525               6.46841            -502.53683             500.41578 
           -508.06954               5.42030            -502.64924             419.33072 
           -507.78002               4.96554            -502.81448             384.14884 
           -507.51818               4.67356            -502.84462             361.56076 
           -507.06961               4.44311            -502.62651             343.73193 
           -507.26691               4.80467            -502.46225             371.70330 
           -508.35059               5.86813            -502.48246             453.97575 
           -508.33807               5.80897            -502.52910             449.39944 
           -507.43084               4.99823            -502.43260             386.67833 
           -507.83995               5.44573            -502.39421             421.29821 
           -507.44492               5.02166            -502.42326             388.49087 
           -507.13977               4.76656            -502.37321             368.75546 
           -507.45675               5.08333            -502.37341             393.26180 
           -508.05865               5.67985            -502.37881             439.40984 
           -508.66753               6.23373            -502.43380             482.26033 
           -508.91950               6.39799            -502.52150             494.96795 
           -508.58756               5.97636            -502.61120             462.34908 
           -509.16484               6.41616            -502.74868             496.37349 
           -509.42166               6.49340            -502.92825             502.34915 
           -509.81513               6.79817            -503.01696             525.92677 
           -509.30687               6.45516            -502.85172             499.39027 
           -509.88969               7.17394            -502.71575             554.99756 
           -510.13497               7.44238            -502.69258             575.76502 
           -509.90621               7.29769            -502.60853             564.57102 
           -510.25413               7.75172            -502.50241             599.69612 
           -510.44370               8.00989            -502.43381             619.66892 
           -510.55775               8.13026            -502.42749             628.98143 
           -510.23552               7.75886            -502.47665             600.24883 
           -510.81278               8.21966            -502.59313             635.89737 
           -510.58811               7.91677            -502.67134             612.46505 
           -511.22626               8.40416            -502.82210             650.17071 
           -510.82306               7.72234            -503.10071             597.42362 
           -510.80369               7.38798            -503.41571             571.55585 
           -509.59490               5.86294            -503.73196             453.57430 
           -509.98484               6.21338            -503.77146             480.68578 
           -509.67500               5.96061            -503.71439             461.13043 
           -509.53553               5.84253            -503.69300             451.99571 
           -510.73405               6.93461            -503.79944             536.48184 
           -510.27416               6.45498            -503.81918             499.37649 
           -511.02211               7.21598            -503.80613             558.24969 
           -509.40927               5.67120            -503.73807             438.74121 
           -510.42961               6.54031            -503.88931             505.97764 
           -510.65316               6.64345            -504.00971             513.95732 
           -510.83609               6.68931            -504.14678             517.50491 
           -509.99900               5.72629            -504.27271             443.00282 
           -509.59533               5.07534            -504.51998             392.64369 
           -510.72346               5.84845            -504.87501             452.45353 
           -510.95067               5.86611            -505.08456             453.81980 
           -510.57687               5.30600            -505.27086             410.48831 
           -510.48237               4.89230            -505.59007             378.48281 
           -511.27475               5.36096            -505.91380             414.73954 
           -511.71471               5.62173            -506.09298             434.91414 
           -511.28279               5.16451            -506.11827             399.54216 
           -512.55812               6.31604            -506.24208             488.62795 
           -511.92648               5.55098            -506.37550             429.44008 
           -513.25015               6.75376            -506.49640             522.49089 
           -512.90877               6.35917            -506.54960             491.96408 
           -512.62612               6.07614            -506.54998             470.06803 
           -511.86376               5.35235            -506.51140             414.07406 
           -512.09089               5.62439            -506.46650             435.11957 
           -512.91771               6.59532            -506.32239             510.23402 
           -512.78665               6.60429            -506.18237             510.92721 
           -513.54753               7.21906            -506.32848             558.48776 
           -512.74454               6.20253            -506.54201             479.84626 
           -512.62564               5.97115            -506.65449             461.94630 
           -512.22521               5.56894            -506.65627             430.82964 
           -512.40116               5.63643            -506.76473             436.05079 
           -512.47719               5.53404            -506.94315             428.12981 
           -512.47704               5.31216            -507.16487             410.96477 
           -511.75715               4.50591            -507.25124             348.59062 
           -512.08843               4.78507            -507.30336             370.18730 
           -512.43676               5.16557            -507.27118             399.62427 
           -512.56624               5.28966            -507.27658             409.22405 
           -512.82190               5.47146            -507.35044             423.28821 
           -512.96194               5.61645            -507.34549             434.50517 
           -512.56644               5.29163            -507.27481             409.37635 
           -512.77043               5.60238            -507.16805             433.41645 
           -512.86495               5.80568            -507.05928             449.14466 
           -512.33535               5.45201            -506.88334             421.78380 
           -512.35199               5.56155            -506.79044             430.25803 
           -513.94131               7.06701            -506.87430             546.72518 
           -513.64235               6.64460            -506.99774             514.04635 
           -514.03165               6.81930            -507.21235             527.56121 
           -514.06401               6.70267            -507.36133             518.53878 
           -512.67005               5.38388            -507.28617             416.51268 
           -513.40985               6.13908            -507.27077             474.93743 
           -512.86888               5.59952            -507.26936             433.19559 
           -512.82704               5.50668            -507.32036             426.01338 
           -512.90851               5.51512            -507.39339             426.66618 
           -513.73324               6.38320            -507.35004             493.82373 
           -514.46924               7.18262            -507.28662             555.66911 
           -515.31532               8.00031            -507.31501             618.92752 
           -515.00132               7.70947            -507.29185             596.42773 
           -513.73486               6.66567            -507.06918             515.67645 
           -514.23514               7.33651            -506.89863             567.57435 
           -514.11630               7.26141            -506.85489             561.76409 
           -513.52285               6.48608            -507.03677             501.78283 
           -514.77042               7.58371            -507.18672             586.69807 
           -514.58509               7.58689            -506.99820             586.94407 
           -514.10762               7.17668            -506.93094             555.20970 
           -514.53503               7.39925            -507.13578             572.42815 
           -513.18799               6.01806            -507.16993             465.57541 
           -512.95950               5.86863            -507.09088             454.01438 
           -513.43292               6.40174            -507.03117             495.25805 
           -514.22516               7.18403            -507.04113             555.77806 
           -513.45178               6.61543            -506.83636             511.78909 
           -512.86934               6.39763            -506.47171             494.93989 
           -513.35704               7.19254            -506.16450             556.43665 
           -511.91136               5.87027            -506.04109             454.14171 
           -511.42209               5.37070            -506.05139             415.49319 
           -511.42411               5.44261            -505.98150             421.05658 
           -512.45364               6.52406            -505.92959             504.72050 
           -512.20583               6.28347            -505.92236             486.10776 
           -511.20089               5.51492            -505.68596             426.65094 
           -512.01436               6.56396            -505.45040             507.80737 
           -512.62588               7.39189            -505.23400             571.85831 
           -511.44580               6.46522            -504.98059             500.16834 
           -510.89230               6.05560            -504.83670             468.47924 
           -511.00577               6.29159            -504.71419             486.73586 
           -511.69160               7.24535            -504.44625             560.52176 
           -512.12207               7.95720            -504.16487             615.59309 
           -512.38509               8.48654            -503.89855             656.54408 
           -512.18460               8.38111            -503.80349             648.38804 
           -512.57510               8.78363            -503.79147             679.52771 
           -512.25650               8.65977            -503.59673             669.94570 
           -512.26399               8.75830            -503.50569             677.56796 
           -511.95166               8.29102            -503.66064             641.41780 
           -512.31318               8.47997            -503.83321             656.03558 
           -512.48970               8.68551            -503.80419             671.93663 
           -512.82198               9.16296            -503.65902             708.87367 
           -512.61642               9.09381            -503.52262             703.52394 
           -510.73609               7.33205            -503.40404             567.22933 
           -511.60762               8.44759            -503.16003             653.53099 
           -511.43376               8.60049            -502.83327             665.35949 
           -511.25030               8.58484            -502.66546             664.14918 
           -511.01999               8.31704            -502.70295             643.43094 
           -509.74299               6.99391            -502.74908             541.06984 
           -509.00213               6.29697            -502.70516             487.15261 
           -509.58819               6.87841            -502.70978             532.13401 
           -509.96364               7.07772            -502.88592             547.55372 
           -509.62923               6.52696            -503.10227             504.94479 
           -510.57017               7.29991            -503.27025             564.74307 
           -508.88186               5.67015            -503.21171             438.65985 
           -509.72180               6.47514            -503.24666             500.93592 
           -509.05339               5.73913            -503.31426             443.99643 
           -509.60990               6.26458            -503.34532             484.64639 
           -509.10793               5.90957            -503.19837             457.18174 
           -509.33063               6.32854            -503.00209             489.59476 
           -508.47220               5.75148            -502.72073             444.95136 
           -507.76750               5.10219            -502.66531             394.72066 
           -508.65363               6.01471            -502.63891             465.31609 
           -507.18640               4.67960            -502.50680             362.02779 
           -508.12235               5.57777            -502.54458             431.51283 
           -507.89299               5.22201            -502.67098             403.99000 
           -507.13792               4.33028            -502.80764             335.00330 
           -507.96234               5.01393            -502.94841             387.89297 
           -508.01334               4.96108            -503.05226             383.80357 
           -507.97690               4.87383            -503.10307             377.05370 
           -508.37709               5.24102            -503.13607             405.46056 
           -508.98409               5.73095            -503.25314             443.36339 
           -508.93459               5.65228            -503.28231             437.27730 
           -508.61248               5.44027            -503.17221             420.87554 
           -508.96748               5.88253            -503.08495             455.08977 
           -508.26685               5.36876            -502.89809             415.34295 
           -509.39841               6.59578            -502.80263             510.26935 
           -509.25912               6.48812            -502.77100             501.94070 
           -509.05001               6.35884            -502.69117             491.93848 
           -509.93278               7.30234            -502.63044             564.93099 
           -509.04165               6.47525            -502.56640             500.94500 
           -509.91499               7.21282            -502.70217             558.00557 
           -509.73644               6.92012            -502.81632             535.36150 
           -510.39615               7.52497            -502.87118             582.15400 
           -509.93159               7.01250            -502.91909             542.50755 
           -510.48311               7.46778            -503.01533             577.72994 
           -510.27879               7.08980            -503.18900             548.48772 
           -509.98230               6.76371            -503.21859             523.26057 
           -510.58333               7.57970            -503.00364             586.38786 
           -510.09226               7.26458            -502.82768             562.00972 
           -509.83754               7.04757            -502.78998             545.22090 
           -509.86304               7.11515            -502.74789             550.44896 
           -509.23719               6.72317            -502.51402             520.12457 
           -508.79570               6.43506            -502.36064             497.83544 
           -509.07942               6.77990            -502.29952             524.51318 
           -508.74039               6.41198            -502.32841             496.04984 
           -508.80435               6.30013            -502.50422             487.39693 
           -509.08730               6.53410            -502.55320             505.49722 
           -509.24128               6.66819            -502.57309             515.87127 
           -509.79413               7.00499            -502.78914             541.92695 
           -507.34950               4.48292            -502.86657             346.81213 
           -508.22208               5.36720            -502.85488             415.22257 
           -508.85656               6.11115            -502.74541             472.77700 
           -508.68001               5.96575            -502.71426             461.52826 
           -509.60690               6.99229            -502.61461             540.94474 
           -509.14433               6.61664            -502.52769             511.88293 
           -508.84954               6.56814            -502.28141             508.13057 
           -508.95081               6.80143            -502.14938             526.17860 
           -509.52259               7.28680            -502.23579             563.72829 
           -509.77813               7.30111            -502.47702             564.83562 
           -509.53546               6.92944            -502.60602             536.08216 
           -510.30329               7.78509            -502.51820             602.27750 
           -509.86615               7.32399            -502.54216             566.60550 
           -508.74572               5.94031            -502.80541             459.55995 
           -509.42196               6.34228            -503.07968             490.65775 
           -510.37607               7.27102            -503.10505             562.50772 
           -510.67638               7.61868            -503.05770             589.40364 
           -510.48312               7.41573            -503.06739             573.70272 
           -509.97215               7.00225            -502.96990             541.71489 
           -509.12171               6.37526            -502.74645             493.20928 
           -508.92768               6.38332            -502.54436             493.83288 
           -509.35685               6.95254            -502.40431             537.86922 
           -509.92312               7.49799            -502.42513             580.06700 
           -508.67134               6.24699            -502.42435             483.28587 
           -508.32459               5.89646            -502.42813             456.16772 
           -509.09705               6.65711            -502.43994             515.01379 
           -508.05562               5.53720            -502.51843             428.37403 
           -508.37114               5.57762            -502.79352             431.50121 
           -508.12961               5.04073            -503.08888             389.96606 
           -509.09924               5.82759            -503.27165             450.83951 
           -508.35473               5.11668            -503.23805             395.84187 
           -509.60330               6.34777            -503.25553             491.08253 
           -509.23240               5.97059            -503.26181             461.90266 
           -507.99822               4.84052            -503.15770             374.47684 
           -507.45495               4.52580            -502.92915             350.12908 
           -508.11309               5.47035            -502.64274             423.20232 
           -508.44441               5.87722            -502.56719             454.67917 
           -507.82247               5.27034            -502.55213             407.72922 
           -508.57465               5.99549            -502.57916             463.82927 
           -507.56546               5.08089            -502.48457             393.07280 
           -507.81159               5.43024            -502.38136             420.09929 
           -507.39063               4.95103            -502.43960             383.02625 
           -508.42706               5.67275            -502.75431             438.86074 
           -507.56122               4.65085            -502.91036             359.80377 
           -508.66920               5.70834            -502.96086             441.61397 
           -510.14832               7.13678            -503.01154             552.12253 
           -509.62992               6.50822            -503.12170             503.49530 
           -508.36768               5.13046            -503.23722             396.90799 
           -508.68351               5.49608            -503.18743             425.19284 
           -509.13081               6.18833            -502.94248             478.74764 
           -509.35078               6.48110            -502.86968             501.39747 
           -510.60089               7.63892            -502.96197             590.96991 
           -510.11042               7.18383            -502.92660             555.76225 
