           -406.73693               1.29325            -405.44368             100.04978 
           -407.63931               2.43264            -405.20667             188.19606 
           -407.51528               2.30132            -405.21396             178.03721 
           -408.21763               2.74615            -405.47149             212.44998 
           -409.69778               4.11527            -405.58251             318.36947 
           -410.44306               5.04293            -405.40013             390.13579 
           -410.88863               5.69270            -405.19593             440.40458 
           -412.33571               7.08884            -405.24686             548.41416 
           -414.18966               8.69932            -405.49034             673.00534 
           -415.80739              10.25186            -405.55554             793.11411 
           -417.64742              12.32167            -405.32575             953.24130 
           -421.22704              16.04914            -405.17790            1241.60970 
           -423.59459              18.30852            -405.28607            1416.40139 
           -425.48312              20.01963            -405.46349            1548.77833 
           -428.00272              22.44376            -405.55896            1736.31610 
           -430.21084              24.60675            -405.60409            1903.65149 
           -430.07816              24.33318            -405.74498            1882.48746 
           -432.68249              26.39021            -406.29228            2041.62527 
           -437.48324              30.71558            -406.76766            2376.24883 
           -439.71637              32.58535            -407.13102            2520.90026 
           -439.48707              32.15777            -407.32929            2487.82133 
           -439.11319              31.76410            -407.34909            2457.36517 
           -436.99737              30.08715            -406.91022            2327.63168 
           -435.82040              29.52665            -406.29375            2284.26979 
           -439.37600              33.31811            -406.05789            2577.58862 
           -445.29622              38.86903            -406.42719            3007.02427 
           -439.09268              31.84782            -407.24485            2463.84261 
           -443.14119              36.42448            -406.71670            2817.90671 
           -435.31406              28.61343            -406.70063            2213.62031 
           -434.17836              27.43490            -406.74347            2122.44543 
           -427.92826              21.92655            -406.00171            1696.30338 
           -433.84966              27.67378            -406.17588            2140.92620 
           -442.23057              36.06188            -406.16870            2789.85437 
           -441.48372              36.31960            -405.16411            2809.79269 
           -448.65946              43.43585            -405.22361            3360.32731 
           -440.64535              36.00162            -404.64373            2785.19236 
           -441.83310              37.06069            -404.77240            2867.12575 
           -444.30750              39.39091            -404.91659            3047.39839 
           -440.26783              35.59344            -404.67439            2753.61473 
           -439.13862              34.88247            -404.25615            2698.61206 
           -438.88036              34.57719            -404.30317            2674.99440 
           -434.73014              30.45126            -404.27889            2355.80000 
           -432.75057              28.51901            -404.23156            2206.31586 
           -432.94339              27.92065            -405.02273            2160.02500 
           -436.41723              31.33417            -405.08306            2424.10498 
           -433.85445              28.39489            -405.45956            2196.71334 
           -431.29368              26.60750            -404.68619            2058.43537 
           -428.70153              24.77813            -403.92340            1916.91027 
           -430.49143              26.92684            -403.56459            2083.14076 
           -435.25075              31.66077            -403.58998            2449.37154 
           -438.43862              34.72033            -403.71829            2686.06820 
           -432.06749              28.54488            -403.52260            2208.31742 
           -435.66078              31.70373            -403.95705            2452.69533 
           -441.34575              36.53778            -404.80798            2826.67146 
           -436.42596              31.39848            -405.02748            2429.07985 
           -435.36886              30.83351            -404.53535            2385.37201 
           -439.98928              35.11460            -404.87468            2716.57029 
           -438.48687              34.37327            -404.11360            2659.21836 
           -441.08319              36.26858            -404.81461            2805.84529 
           -445.00168              39.70425            -405.29743            3071.63900 
           -438.61864              32.73583            -405.88281            2532.54117 
           -444.53538              38.82474            -405.71065            3003.59737 
           -439.99826              35.37747            -404.62080            2736.90626 
           -440.42580              36.04819            -404.37762            2788.79539 
           -441.67041              38.26003            -403.41038            2959.91025 
           -439.01075              35.99206            -403.01870            2784.45293 
           -439.93888              36.16472            -403.77416            2797.81072 
           -439.04728              35.40725            -403.64002            2739.21087 
           -433.33527              30.11623            -403.21904            2329.88152 
           -432.24277              29.45743            -402.78535            2278.91449 
           -430.15436              27.70404            -402.45032            2143.26696 
           -431.89210              29.33613            -402.55597            2269.53035 
           -432.35449              30.15767            -402.19681            2333.08747 
           -429.93105              28.03645            -401.89460            2168.98320 
           -432.07512              30.95376            -401.12135            2394.67558 
           -434.31844              33.00864            -401.30980            2553.64658 
           -432.79428              31.69317            -401.10110            2451.87845 
           -434.96639              33.87511            -401.09129            2620.67920 
           -435.52173              34.63127            -400.89046            2679.17828 
           -439.01343              37.36885            -401.64458            2890.96583 
           -434.97983              34.14070            -400.83913            2641.22659 
           -430.75119              31.11376            -399.63744            2407.05299 
           -438.14698              38.31680            -399.83018            2964.30203 
           -434.52001              33.85371            -400.66630            2619.02387 
           -436.35032              36.81860            -399.53173            2848.39666 
           -435.29172              35.07325            -400.21848            2713.37088 
           -435.66678              35.91383            -399.75295            2778.40083 
           -434.11054              35.02211            -399.08843            2709.41471 
           -435.72772              37.21329            -398.51442            2878.93138 
           -432.21934              33.64925            -398.57009            2603.20603 
           -431.42450              32.64972            -398.77478            2525.87947 
           -426.79553              28.62211            -398.17342            2214.29217 
           -430.03133              31.14198            -398.88936            2409.23630 
           -431.00917              32.78068            -398.22849            2536.01144 
           -435.48969              37.56212            -397.92757            2905.91797 
           -432.05257              34.78720            -397.26537            2691.24181 
           -431.80050              34.22113            -397.57937            2647.44854 
           -425.87748              28.68999            -397.18749            2219.54300 
           -429.29972              32.49655            -396.80318            2514.02985 
           -431.18545              33.23094            -397.95451            2570.84498 
           -433.30943              35.37058            -397.93884            2736.37397 
           -431.37382              33.68590            -397.68791            2606.04194 
           -431.52483              33.40902            -398.11581            2584.62111 
           -427.77897              30.07275            -397.70621            2326.51781 
           -435.12111              37.75955            -397.36156            2921.19109 
           -426.14993              29.61566            -396.53427            2291.15616 
           -439.91673              42.12247            -397.79427            3258.71991 
           -435.26874              37.93870            -397.33004            2935.05116 
           -432.26776              34.86095            -397.40681            2696.94742 
           -431.18885              32.91626            -398.27259            2546.50037 
           -430.07843              32.42788            -397.65055            2508.71764 
           -431.39135              34.63555            -396.75580            2679.50962 
           -433.88722              36.36504            -397.52218            2813.30786 
           -436.43423              38.66164            -397.77258            2990.98017 
           -429.03675              31.65711            -397.37964            2449.08811 
           -432.17899              35.18493            -396.99406            2722.01103 
           -432.23024              35.34342            -396.88682            2734.27246 
           -434.71367              37.54234            -397.17133            2904.38758 
           -436.82581              40.09404            -396.73178            3101.79429 
           -433.87026              37.15561            -396.71465            2874.46879 
           -434.61884              38.28689            -396.33196            2961.98784 
           -430.31460              33.97345            -396.34115            2628.28724 
           -432.49426              36.27980            -396.21445            2806.71364 
           -439.12915              42.32263            -396.80652            3274.20511 
           -429.27611              33.37238            -395.90374            2581.78654 
           -431.27547              35.19163            -396.08384            2722.52919 
           -427.88123              31.97154            -395.90969            2473.41360 
           -424.60344              29.23287            -395.37057            2261.54177 
           -426.76626              30.88704            -395.87922            2389.51338 
           -426.40600              30.54621            -395.85979            2363.14566 
           -429.25029              33.78760            -395.46270            2613.90918 
           -428.35260              33.36676            -394.98583            2581.35240 
           -429.00378              33.36299            -395.64078            2581.06077 
           -428.89994              32.96331            -395.93663            2550.14002 
           -432.02373              35.61536            -396.40837            2755.31036 
           -431.73949              34.94247            -396.79703            2703.25368 
           -428.70008              31.55399            -397.14609            2441.11085 
           -430.16661              33.22839            -396.93823            2570.64730 
           -433.92362              37.69436            -396.22926            2916.14836 
           -433.09014              37.35535            -395.73479            2889.92135 
           -436.36208              40.47314            -395.88894            3131.12324 
           -429.43769              33.58200            -395.85569            2598.00342 
           -429.30270              33.65394            -395.64876            2603.56897 
           -423.52763              27.88435            -395.64328            2157.21657 
           -436.50704              40.41009            -396.09695            3126.24494 
           -435.31491              39.65795            -395.65696            3068.05745 
           -435.89919              39.87846            -396.02073            3085.11661 
           -429.65198              34.74476            -394.90722            2687.95825 
           -425.61965              31.04123            -394.57842            2401.44237 
           -439.11620              44.28843            -394.82777            3426.28488 
           -435.98652              41.40196            -394.58457            3202.97899 
           -435.25133              40.78996            -394.46137            3155.63329 
           -431.45775              37.95360            -393.50415            2936.20408 
           -430.02155              39.42936            -390.59218            3050.37314 
           -435.85982              45.40448            -390.45534            3512.62597 
           -431.22882              41.53451            -389.69431            3213.23360 
           -428.34885              38.94209            -389.40675            3012.67647 
           -429.96104              39.32262            -390.63842            3042.11515 
           -432.52565              42.47466            -390.05099            3285.96633 
           -427.87729              37.11384            -390.76345            2871.23736 
           -427.06101              37.16185            -389.89915            2874.95192 
           -429.13915              39.20718            -389.93197            3033.18449 
           -429.96932              40.47098            -389.49833            3130.95593 
           -425.82167              36.48508            -389.33659            2822.59489 
           -425.46307              35.71503            -389.74804            2763.02132 
           -424.47477              34.60758            -389.86719            2677.34600 
           -426.82532              36.10466            -390.72066            2793.16438 
           -422.37678              31.35033            -391.02645            2425.35524 
           -430.38000              39.87906            -390.50094            3085.16299 
           -426.32135              35.45509            -390.86625            2742.91178 
           -426.52393              37.06297            -389.46096            2867.30173 
           -427.44603              37.49935            -389.94668            2901.06165 
           -426.45419              36.09251            -390.36168            2792.22434 
           -428.44899              38.57040            -389.87860            2983.92108 
           -427.17799              36.51782            -390.66017            2825.12733 
           -428.11546              38.06276            -390.05270            2944.64862 
           -427.81021              36.86264            -390.94757            2851.80387 
           -424.86396              34.23134            -390.63263            2648.23821 
           -433.41343              42.49803            -390.91540            3287.77430 
           -431.85288              41.44173            -390.41115            3206.05617 
           -432.77070              41.45748            -391.31322            3207.27426 
           -431.74193              41.23176            -390.51016            3189.81229 
           -428.95219              38.68097            -390.27122            2992.47496 
           -432.29123              42.52820            -389.76303            3290.10818 
           -426.74630              35.48021            -391.26609            2744.85528 
           -435.49103              44.70208            -390.78895            3458.28655 
           -429.87862              39.26833            -390.61029            3037.91511 
           -426.77114              36.09773            -390.67341            2792.62806 
           -428.45636              38.15206            -390.30430            2951.55710 
           -431.03746              40.86872            -390.16874            3161.72605 
           -427.47465              38.72197            -388.75268            2995.64707 
           -424.23523              35.12038            -389.11485            2717.01755 
           -434.31911              44.72439            -389.59472            3460.01258 
           -425.01936              35.12815            -389.89121            2717.61830 
           -427.66514              37.48640            -390.17873            2900.06001 
           -429.70861              40.98710            -388.72151            3170.88431 
           -426.22536              37.37096            -388.85440            2891.12915 
           -429.82991              40.81273            -389.01718            3157.39454 
           -431.32930              42.20018            -389.12912            3264.73184 
           -431.20643              41.42800            -389.77842            3204.99394 
           -426.84375              37.65567            -389.18808            2913.15497 
           -430.48046              41.16579            -389.31467            3184.70847 
           -427.71341              38.93845            -388.77496            3012.39443 
           -424.23612              36.54285            -387.69327            2827.06361 
           -430.72609              42.68879            -388.03730            3302.53215 
           -431.11708              43.63142            -387.48566            3375.45679 
           -427.84689              41.56868            -386.27821            3215.87688 
           -435.06700              48.40478            -386.66222            3744.73847 
           -433.29269              46.18958            -387.10311            3573.36364 
           -435.97265              48.54036            -387.43228            3755.22728 
           -421.11635              35.13752            -385.97883            2718.34328 
           -429.04547              43.32394            -385.72154            3351.66911 
           -430.21218              45.12695            -385.08523            3491.15534 
           -427.06058              41.59232            -385.46826            3217.70632 
           -421.59064              35.83951            -385.75113            2772.65131 
           -424.56220              38.93090            -385.63130            3011.81068 
           -428.35714              42.22769            -386.12945            3266.86020 
           -425.89812              40.19254            -385.70558            3109.41484 
           -430.18699              44.55676            -385.63023            3447.04388 
           -423.03283              38.10628            -384.92656            2948.01530 
           -418.89502              35.05847            -383.83655            2712.22794 
           -425.27627              42.07914            -383.19713            3255.36748 
           -426.06489              42.44457            -383.62031            3283.63890 
           -421.82634              38.86525            -382.96109            3006.73168 
           -425.48468              41.93245            -383.55223            3244.01933 
           -420.40032              37.13117            -383.26916            2872.57787 
           -423.93784              39.76584            -384.17199            3076.40427 
           -427.54221              43.46873            -384.07348            3362.87047 
           -424.61079              40.71797            -383.89281            3150.06388 
           -428.10029              44.45780            -383.64249            3439.38841 
           -423.49332              40.00884            -383.48448            3095.20296 
           -428.11422              44.00024            -384.11398            3403.98989 
           -428.67134              44.23404            -384.43730            3422.07703 
           -427.18674              42.57065            -384.61610            3293.39213 
           -434.31956              49.65100            -384.66856            3841.14916 
           -431.47694              47.39901            -384.07792            3666.92903 
           -433.47426              48.98739            -384.48688            3789.81054 
           -435.12768              51.52146            -383.60622            3985.85384 
           -427.77774              44.63786            -383.13988            3453.31797 
           -434.39716              51.64936            -382.74780            3995.74821 
           -428.94291              46.04784            -382.89507            3562.39829 
           -429.15407              46.26566            -382.88842            3579.24921 
           -429.31709              46.77421            -382.54288            3618.59259 
           -427.86254              45.97844            -381.88410            3557.02948 
           -427.00980              45.29380            -381.71600            3504.06325 
           -426.77974              44.53964            -382.24011            3445.71921 
           -429.09410              47.23285            -381.86125            3654.07418 
           -423.29050              42.52156            -380.76895            3289.59439 
           -415.86822              34.96678            -380.90144            2705.13454 
           -424.54860              44.02179            -380.52681            3405.65669 
           -422.04669              41.24518            -380.80151            3190.85035 
           -415.82082              35.39204            -380.42878            2738.03374 
           -419.71267              39.27218            -380.44049            3038.21338 
           -422.41192              41.69125            -380.72067            3225.35939 
           -421.62095              41.02757            -380.59339            3174.01511 
           -415.98206              36.05710            -379.92496            2789.48469 
           -420.07857              40.30351            -379.77506            3117.99982 
           -425.64408              45.36375            -380.28033            3509.47493 
           -419.69932              39.39062            -380.30869            3047.37620 
           -421.77436              42.12809            -379.64627            3259.15465 
           -418.45201              39.41104            -379.04097            3048.95555 
           -422.48719              43.00865            -379.47854            3327.27773 
           -425.23228              45.30066            -379.93162            3504.59442 
           -422.47343              42.49482            -379.97861            3287.52586 
           -423.71134              44.30011            -379.41123            3427.18840 
           -429.69807              49.93592            -379.76216            3863.19145 
           -422.96265              43.68852            -379.27413            3379.87417 
           -420.85113              42.43208            -378.41905            3282.67234 
           -424.61206              45.62356            -378.98849            3529.57493 
           -424.26418              44.72100            -379.54318            3459.75006 
           -423.54953              43.79321            -379.75632            3387.97304 
           -419.44524              39.98393            -379.46132            3093.27580 
           -428.56419              49.19756            -379.36663            3806.07023 
           -423.51816              44.43317            -379.08500            3437.48228 
           -426.68010              47.80836            -378.87174            3698.59709 
           -419.77525              42.52571            -377.24954            3289.91610 
           -426.60173              48.83483            -377.76691            3778.00784 
           -416.81196              39.75188            -377.06007            3075.32436 
           -416.64825              39.33599            -377.31226            3043.14954 
           -420.65133              43.09147            -377.55986            3333.68478 
           -418.32409              40.83233            -377.49177            3158.91058 
           -416.66948              38.78804            -377.88144            3000.75857 
           -414.41295              36.79047            -377.62248            2846.22075 
           -416.29326              39.45254            -376.84072            3052.16642 
           -415.32642              38.44828            -376.87814            2974.47370 
           -418.72831              41.18562            -377.54269            3186.24256 
           -419.81766              42.60139            -377.21627            3295.77065 
           -416.60507              40.09037            -376.51470            3101.51067 
           -411.96803              35.22703            -376.74101            2725.26778 
           -423.23396              46.14825            -377.08571            3570.16596 
           -424.54383              47.20483            -377.33900            3651.90639 
           -412.41150              36.17023            -376.24127            2798.23727 
           -426.01667              48.97320            -377.04347            3788.71300 
           -424.04083              47.24222            -376.79861            3654.79903 
           -415.35388              39.81666            -375.53721            3080.33582 
           -414.17624              38.90800            -375.26824            3010.03891 
           -413.27894              37.51611            -375.76283            2902.35823 
           -416.33456              40.69301            -375.64155            3148.13272 
           -420.34571              44.15436            -376.19135            3415.91268 
           -418.10191              42.67233            -375.42958            3301.25913 
           -417.47812              42.17030            -375.30782            3262.42055 
           -414.47537              38.74307            -375.73230            2997.27913 
           -416.52471              40.89031            -375.63440            3163.39656 
           -420.55565              45.20025            -375.35540            3496.82612 
           -410.16589              35.24375            -374.92214            2726.56138 
           -421.64151              45.51079            -376.13072            3520.85050 
           -418.83985              43.28076            -375.55909            3348.32883 
           -417.79277              42.30522            -375.48755            3272.85798 
           -417.26620              41.15792            -376.10829            3184.09921 
           -416.70148              41.11720            -375.58428            3180.94913 
           -416.00624              39.36277            -376.64347            3045.22134 
           -414.64634              39.07428            -375.57206            3022.90325 
           -416.98333              40.90627            -376.07707            3164.63082 
           -417.12495              41.24779            -375.87716            3191.05234 
           -417.46082              41.96947            -375.49135            3246.88328 
           -417.64901              41.83421            -375.81480            3236.41898 
           -414.88214              38.85599            -376.02615            3006.01561 
           -420.22811              44.26809            -375.96002            3424.71138 
           -420.64405              43.94436            -376.69970            3399.66647 
           -421.84969              45.95949            -375.89020            3555.56327 
           -417.69693              43.83796            -373.85897            3391.43535 
           -420.69137              47.32098            -373.37039            3660.89252 
           -419.97260              47.66546            -372.30714            3687.54202 
           -417.16998              44.74089            -372.42910            3461.28835 
           -422.53397              49.33977            -373.19421            3817.07150 
           -425.33989              52.66499            -372.67490            4074.32054 
           -429.21052              56.72211            -372.48841            4388.19183 
           -417.99262              44.70994            -373.28268            3458.89433 
           -422.59544              50.23451            -372.36093            3886.29127 
           -422.51684              49.40359            -373.11325            3822.00915 
           -416.93123              44.78609            -372.14514            3464.78542 
           -423.30214              52.13850            -371.16364            4033.58992 
           -421.44533              50.86723            -370.57810            3935.24067 
           -420.33929              49.02132            -371.31797            3792.43591 
           -428.05296              55.70081            -372.35216            4309.18047 
           -419.95702              47.73675            -372.22027            3693.05768 
           -424.86348              53.32151            -371.54197            4125.11142 
           -422.13426              51.45195            -370.68231            3980.47665 
           -421.71324              51.34150            -370.37174            3971.93144 
           -415.69200              45.64360            -370.04840            3531.12490 
           -415.24383              45.69267            -369.55117            3534.92095 
           -412.66222              43.42477            -369.23745            3359.46961 
           -420.11800              49.92205            -370.19596            3862.11847 
           -417.86321              47.71182            -370.15140            3691.12836 
           -414.15961              44.30570            -369.85390            3427.62127 
           -408.20616              37.52028            -370.68588            2902.68069 
           -409.26497              38.56646            -370.69851            2983.61649 
           -410.82869              41.18734            -369.64135            3186.37582 
           -410.51934              40.25870            -370.26064            3114.53347 
           -411.90847              42.05661            -369.85186            3253.62450 
           -410.96183              41.15426            -369.80757            3183.81625 
           -410.09683              40.26790            -369.82893            3115.24493 
           -412.64656              43.25574            -369.39082            3346.39284 
           -404.21771              34.67970            -369.53801            2682.92484 
           -413.16020              44.20845            -368.95175            3420.09755 
           -415.12987              45.39620            -369.73367            3511.98585 
           -415.84140              45.72530            -370.11610            3537.44576 
           -416.84819              46.86480            -369.98339            3625.60063 
           -420.78133              51.91916            -368.86217            4016.62085 
           -418.64225              51.48109            -367.16117            3982.73044 
           -413.01609              47.45506            -365.56103            3671.26476 
           -415.16046              49.52786            -365.63260            3831.62318 
           -418.45280              53.20890            -365.24390            4116.39888 
           -410.88341              45.02489            -365.85852            3483.26015 
           -408.02780              42.59730            -365.43049            3295.45458 
           -413.46253              46.62401            -366.83853            3606.97229 
           -416.24948              48.59535            -367.65413            3759.48126 
           -414.02339              47.93898            -366.08440            3708.70289 
           -407.21073              41.32545            -365.88529            3197.06003 
           -410.24188              45.21373            -365.02816            3497.86886 
           -412.05533              49.26930            -362.78603            3811.62032 
           -410.32136              46.87116            -363.45020            3626.09295 
           -403.55990              40.33899            -363.22090            3120.74494 
           -411.81475              47.21210            -364.60265            3652.46887 
           -412.15909              47.19366            -364.96544            3651.04197 
           -409.17783              44.41907            -364.75877            3436.39153 
           -408.78442              44.66648            -364.11794            3455.53233 
           -418.75432              54.58386            -364.17046            4222.77042 
           -411.18002              47.31979            -363.86023            3660.79988 
           -406.57343              43.65380            -362.91963            3377.18835 
           -405.77509              42.90852            -362.86657            3319.53113 
           -411.27927              47.23262            -364.04665            3654.05623 
           -417.79450              54.67584            -363.11866            4229.88591 
           -410.17841              48.38434            -361.79407            3743.15666 
           -407.16548              44.26651            -362.89897            3424.58960 
           -414.84594              52.28425            -362.56169            4044.86584 
           -414.56022              51.37584            -363.18439            3974.58817 
           -402.93560              41.85017            -361.08543            3237.65413 
           -411.75132              48.82069            -362.93062            3776.91461 
           -410.83857              50.45790            -360.38068            3903.57339 
           -415.22534              54.23245            -360.99289            4195.58439 
           -411.54589              50.98797            -360.55792            3944.58116 
           -406.67992              45.75247            -360.92745            3539.54758 
           -399.65078              39.07647            -360.57431            3023.07254 
           -403.26558              42.25472            -361.01086            3268.95112 
           -399.67669              38.85258            -360.82412            3005.75132 
           -409.81240              48.62775            -361.18464            3761.98794 
           -402.77681              41.75124            -361.02557            3230.00057 
           -408.63661              48.07266            -360.56395            3719.04409 
           -405.66745              44.25775            -361.40969            3423.91181 
