             -0.06765              -0.10190              -0.18651 
              0.00782              -0.06561               0.03068 
              0.08050              -0.09006               0.16820 
             -0.02216              -0.07958               0.22866 
             -0.06126              -0.02468              -0.00348 
              0.01483               0.02003              -0.16609 
              0.05102               0.12138              -0.27451 
             -0.02010               0.10407              -0.18523 
             -0.07501               0.03864               0.01832 
              0.05194               0.09212               0.14021 
              0.05862              -0.01747               0.24329 
             -0.04719              -0.08853               0.01397 
             -0.02510              -0.09951              -0.13422 
              0.03417              -0.10943              -0.26054 
              0.03855              -0.02663              -0.21722 
             -0.05912              -0.01708              -0.00548 
             -0.05141              -0.00598               0.10926 
              0.08366               0.16588               0.25836 
              0.00276               0.08241               0.04717 
             -0.05218               0.05934              -0.14558 
              0.00047               0.04046              -0.23545 
              0.04305              -0.04591              -0.25235 
              0.02842              -0.05658              -0.00620 
             -0.06369              -0.11945               0.10756 
             -0.00251              -0.11485               0.24990 
              0.07647               0.02190               0.08221 
             -0.03007              -0.01948              -0.13486 
             -0.06102               0.05543              -0.21674 
              0.00685               0.11647              -0.26731 
              0.05646               0.10022              -0.01807 
             -0.01297               0.07904               0.08593 
             -0.07732              -0.02624               0.23954 
              0.05204              -0.05626               0.11205 
              0.06409              -0.04477              -0.12302 
             -0.03626              -0.13306              -0.21177 
             -0.04382              -0.09004              -0.26695 
              0.03921               0.01027              -0.06229 
              0.05247               0.01190               0.07828 
             -0.07195               0.07613               0.23998 
             -0.06139               0.08190               0.12751 
              0.05773               0.09084              -0.08465 
              0.03681               0.07793              -0.22526 
             -0.04913              -0.04207              -0.26637 
             -0.03124              -0.07854              -0.11581 
              0.08142              -0.03677              -0.02136 
              0.05415              -0.10738               0.16906 
             -0.06554              -0.04071              -0.09420 
             -0.04358              -0.00712              -0.33762 
              0.05343              -0.00400               0.18195 
              0.03835               0.00211               0.03443 
             -0.16174              -0.13828               0.57650 
              0.12036              -0.04719               1.73894 
             -0.04801               0.09409               0.44317 
             -0.08172               0.28184               0.80662 
              0.05435               0.38795              -0.03571 
              0.06096               0.65271               0.04831 
              0.01290               0.42113              -0.30770 
             -0.00804               0.43816               0.13008 
              0.02183               0.12577              -0.63630 
              0.06409               0.36752              -0.34658 
              0.02404               0.39984              -0.50247 
             -0.02635               0.36610              -0.45323 
             -0.06641               0.17687              -0.58446 
             -0.07021               0.03797              -0.60868 
             -0.06874               0.07889              -0.26975 
              0.09232               0.01048               0.39630 
              0.13052              -0.00307              -0.12195 
             -0.09875              -0.07316               0.41907 
             -0.27233              -0.11136              -0.40618 
             -0.44615              -0.02552              -0.18186 
             -0.77831              -0.08705               0.43152 
             -0.71554               0.35313               0.74669 
             -0.33597               0.94704               0.57292 
              0.08631               1.06477               0.63951 
              0.22183               0.43543              -0.36626 
              0.19176               0.58909              -0.12762 
              0.20759               0.75970               0.26620 
              0.25745               0.44787              -0.12576 
              0.00293               1.08781               0.68401 
             -0.52504              -0.20021              -0.12936 
             -0.15701              -0.25021              -0.48882 
             -0.13039               0.07028              -0.34565 
             -0.11445               0.15654              -0.51923 
             -0.16810              -0.10927              -0.24586 
             -0.07524              -0.00612               0.11382 
             -0.20159               0.32377              -0.08264 
             -0.13633               0.26010               0.20674 
              0.26020               0.02995              -0.53975 
              0.16930               0.19164              -0.25418 
              0.07045               0.30590              -0.13671 
              0.11413               0.06415              -0.81790 
              0.41052               0.37118               0.48015 
             -0.28108               0.23106              -0.21756 
             -0.40973              -0.11166               1.10291 
             -0.08143               0.01212               0.59626 
             -0.10316               0.10333              -0.20072 
             -0.09879              -0.04096              -0.12274 
              0.34215              -0.01621               0.47081 
              0.36897               0.15323               0.29048 
              0.06086               0.29819               0.40362 
             -0.03423              -0.07830               0.11491 
             -0.35410              -0.09550              -0.27291 
             -0.23383              -0.05695              -0.55733 
             -0.02309              -0.16923              -0.52462 
              0.01402              -0.21410              -0.70484 
              0.18467              -0.31563               0.03643 
              0.02095               0.21923              -0.06395 
              0.01590              -0.12557               0.04996 
              0.34746              -0.26973              -0.08478 
              0.20909               0.04687              -0.61702 
             -0.09527               0.15680              -0.21789 
             -0.09741              -0.01609              -0.12187 
              0.07818              -0.19146              -0.29336 
             -0.23518              -0.90853               0.73811 
             -0.08864              -0.86813               0.35137 
             -0.07628              -0.43337               0.43636 
              0.07392              -0.02458               0.01228 
              0.05796              -0.05041              -0.17279 
             -0.05967              -0.84268               0.68453 
              0.45883              -0.83244               0.69573 
