              0.10217              -0.11741              -0.17965 
              0.12058              -0.07084              -0.01704 
              0.07082              -0.07671               0.27285 
              0.09803              -0.07364               0.12798 
              0.06561              -0.04787               0.00638 
             -0.08568               0.04367              -0.18473 
             -0.12653               0.13598              -0.30923 
             -0.10573               0.09794              -0.15222 
             -0.06717               0.02716              -0.04915 
             -0.08693               0.09750               0.22606 
             -0.00894              -0.01095               0.15926 
              0.13883              -0.09298               0.01911 
              0.14700              -0.12568              -0.15459 
              0.07887              -0.10287              -0.29827 
              0.05139              -0.01133              -0.17188 
              0.03496              -0.02526              -0.09834 
             -0.03491               0.00028               0.23149 
             -0.15532               0.17057               0.18094 
             -0.13788               0.10099               0.05047 
             -0.04740               0.05131              -0.13943 
             -0.01437               0.00487              -0.31286 
              0.01059              -0.03469              -0.19262 
              0.08891              -0.03212              -0.09412 
              0.16532              -0.15748               0.21648 
              0.10958              -0.11499               0.19697 
              0.00688               0.03223               0.03932 
             -0.03604               0.00902              -0.12061 
             -0.04956               0.04909              -0.31584 
             -0.12841               0.10731              -0.16755 
             -0.14226               0.10381              -0.11364 
             -0.05918               0.10512               0.16400 
              0.03122              -0.06459               0.23887 
              0.06291              -0.06268              -0.00161 
              0.09044              -0.04282              -0.03711 
              0.11312              -0.11791              -0.32607 
              0.13313              -0.10980              -0.20474 
              0.01211              -0.01375              -0.10644 
             -0.07809               0.05457               0.08072 
             -0.07032               0.11166               0.29331 
             -0.10685               0.03961               0.03188 
             -0.11935               0.10547              -0.04592 
             -0.05806               0.08293              -0.29652 
              0.02991              -0.04920              -0.25971 
              0.10770              -0.08756              -0.18212 
              0.07944              -0.05899              -0.07399 
              0.07172              -0.06224              -0.01855 
              0.09198              -0.03120              -0.25370 
              0.17827              -0.31749               1.00734 
             -0.06079              -0.05257               0.02666 
             -0.15674              -0.20527               1.03609 
             -0.00855              -0.25622               0.56924 
             -0.49849               0.02351               1.40064 
              0.05125               0.21670               0.66206 
             -0.02413               0.18513              -0.42331 
             -0.13568               0.72781               0.61499 
              0.02297               0.27344              -0.52476 
              0.18204               0.22650              -0.13244 
              0.07775               0.07778              -0.81804 
              0.07473               0.42046              -0.26626 
              0.01791               0.29562              -0.51027 
              0.04459              -0.07198               0.08637 
              0.06483              -0.41103              -0.00805 
             -0.01579              -0.38921               0.08997 
             -0.35377              -0.10363               0.59685 
             -0.05538              -0.11365              -0.41430 
              0.03341              -0.24324              -0.33992 
             -0.03430               0.08383              -0.53692 
             -0.05830               0.55771               0.07219 
              0.07943               0.30577              -0.24195 
              0.21704               0.10276               0.36193 
              0.15558               0.09889               0.45901 
             -0.08568              -0.01454              -0.28488 
             -0.08555              -0.25464              -0.01823 
              0.00851              -0.23017              -0.71480 
             -0.12252              -0.67332               0.08780 
             -0.21192              -0.12120              -0.22028 
             -0.05420               0.20694               0.21968 
              0.06491              -0.19554               0.63805 
              0.08741               0.26695              -0.25631 
              0.07235               0.57057               0.17678 
              0.05060               0.21311              -0.64256 
              0.24738               0.22014              -0.22481 
              0.09518              -0.19732              -0.18745 
             -0.21204              -0.22423              -0.04236 
             -0.05641              -0.28353               0.96579 
             -0.01039              -0.28905              -0.20752 
             -0.15467              -0.19206               0.04335 
             -0.07716               0.01933              -0.55965 
             -0.10176               0.09414              -0.47179 
              0.06187               0.20048              -0.28168 
              0.23662               0.17564              -0.11257 
              0.04643               0.12374              -0.22986 
             -0.06663               0.47530               0.12294 
             -0.00269               0.46854              -0.11247 
             -0.03715              -0.44526              -0.15335 
              0.02750              -0.50326               0.15889 
              0.00592               0.11280              -0.47323 
             -0.13070               0.84138               1.04603 
              0.05435               0.00061               1.57904 
              0.35067               0.18249               1.53250 
             -0.07586               0.19849              -0.05014 
             -0.25810               0.14267               0.66915 
              0.00267              -0.26877              -0.57259 
             -0.00126              -1.14175               0.63796 
             -0.04459              -0.02414              -0.78254 
             -0.08338               0.66234               0.21593 
              0.07908              -0.11152              -0.03983 
              0.04042              -0.17154              -0.59332 
             -0.01330               0.02608              -1.00328 
             -0.02492               0.15763              -0.55633 
              0.03230              -0.07810              -0.52231 
              0.05656              -0.16894              -0.81419 
              0.24501              -0.23980               0.24990 
             -0.04154               0.16943               0.05824 
             -0.04959              -0.13668              -0.30037 
              0.16555              -0.04791               0.20058 
              0.02960              -0.29001              -0.21259 
             -0.08323              -0.77001              -0.03893 
             -0.13086              -1.67832               1.23781 
             -0.00593              -0.77051               0.38538 
