              0.01974              -0.07490              -0.15685 
             -0.07660              -0.16212               0.12575 
              0.00569              -0.20246               0.16936 
             -0.03831              -0.11524               0.20078 
             -0.03028               0.00891               0.01213 
              0.06550               0.05057              -0.18351 
             -0.00239               0.13507              -0.17090 
              0.00728               0.18494              -0.14738 
              0.06271               0.16796               0.04972 
             -0.01790               0.07141               0.18993 
              0.04281              -0.06900               0.16546 
             -0.04915              -0.11782               0.06952 
             -0.05941              -0.14291              -0.13365 
              0.03165              -0.18081              -0.20069 
             -0.04466              -0.12552              -0.14413 
             -0.03898               0.00977              -0.02411 
              0.05261               0.09808               0.17678 
             -0.00478               0.14283               0.21430 
              0.06589               0.15421               0.08405 
             -0.00302               0.14336              -0.09538 
             -0.02336               0.04951              -0.23774 
              0.06203              -0.07964              -0.15214 
             -0.03286              -0.13481              -0.04579 
             -0.05179              -0.13439               0.16579 
              0.01491              -0.15003               0.24085 
             -0.05286              -0.08638               0.06811 
              0.03561               0.02128              -0.05189 
             -0.00476               0.11835              -0.22155 
             -0.01410               0.16840              -0.18655 
              0.09283               0.14741               0.00669 
             -0.01976               0.09942               0.07129 
             -0.01310               0.06239               0.25814 
              0.04573              -0.08560               0.09153 
             -0.05664              -0.16772              -0.05632 
              0.00197              -0.16993              -0.14143 
             -0.02365              -0.10746              -0.25021 
             -0.05499              -0.06476              -0.01427 
              0.05981              -0.00845               0.03526 
             -0.04676               0.12683               0.25510 
              0.02337               0.20424               0.15569 
              0.07597               0.13590              -0.05054 
             -0.02923               0.07133              -0.12940 
              0.02130               0.00754              -0.25199 
              0.00918              -0.06575              -0.07464 
             -0.04627              -0.15275               0.06855 
              0.02878              -0.19872               0.20725 
             -0.09518              -0.09478               0.18547 
             -0.00529              -0.00974              -0.02694 
              0.05831               0.05566              -0.16408 
             -0.03882               0.11588              -0.18694 
              0.02805               0.16870              -0.13498 
              0.05695               0.18576               0.07384 
             -0.00147               0.05608               0.19593 
              0.05596              -0.05297               0.14486 
             -0.07854              -0.10018               0.05734 
             -0.01734              -0.15087              -0.15880 
              0.03475              -0.17315              -0.17118 
             -0.07522              -0.11726              -0.15245 
             -0.02836              -0.01987              -0.00205 
              0.01764               0.08846               0.21118 
             -0.00203               0.12098               0.15952 
              0.07721               0.16989               0.09042 
             -0.02424               0.15568              -0.11999 
              0.01350               0.05601              -0.22833 
              0.06766              -0.05924              -0.11766 
             -0.05619              -0.11918              -0.07320 
             -0.01834              -0.16197               0.24315 
             -0.00701              -0.14606               0.16865 
             -0.04615              -0.10859               0.07923 
              0.02643               0.01062              -0.07010 
             -0.03238               0.12067              -0.24833 
              0.00254               0.17336              -0.11713 
              0.07473               0.13839              -0.06934 
             -0.03302               0.13987               0.18127 
              0.04108               0.04888               0.16960 
              0.01708              -0.08454               0.09993 
             -0.03869              -0.17847              -0.03061 
              0.02364              -0.16375              -0.21200 
             -0.04678              -0.11662              -0.16195 
             -0.03814              -0.08343              -0.09047 
              0.03335              -0.00730               0.13809 
             -0.06210               0.14192               0.17746 
              0.05868               0.19061               0.15584 
              0.02665               0.14284              -0.03361 
             -0.02115               0.07994              -0.17206 
              0.06281               0.01595              -0.21844 
              0.00284              -0.05741              -0.09800 
             -0.01485              -0.17657               0.11880 
              0.01743              -0.19573               0.19247 
             -0.09547              -0.10192               0.19545 
              0.03047              -0.02730              -0.05498 
              0.00318               0.05315              -0.15649 
             -0.05831               0.12962              -0.19950 
              0.03838               0.17275              -0.12133 
              0.02205               0.18467               0.11175 
              0.02423               0.05600               0.14875 
              0.05160              -0.04369               0.19278 
             -0.05403              -0.08640               0.01194 
              0.03835              -0.16460              -0.15519 
              0.00369              -0.18557              -0.16271 
             -0.09354              -0.10095              -0.18056 
             -0.00572              -0.01972               0.09584 
             -0.00760               0.07856               0.13509 
             -0.00422               0.11268               0.18897 
              0.03809               0.17542               0.09974 
             -0.02099               0.15556              -0.18713 
              0.08456               0.04787              -0.14426 
              0.06229              -0.05295              -0.20756 
             -0.07582              -0.10326               0.03150 
              0.01763              -0.14221               0.18722 
             -0.02367              -0.14875               0.17738 
             -0.04818              -0.12696               0.11517 
             -0.00643               0.00801              -0.15340 
             -0.05703               0.13134              -0.18610 
              0.03575               0.14088              -0.16382 
              0.06697               0.13168              -0.01685 
             -0.03856               0.15864               0.15788 
              0.07725               0.05924               0.18002 
              0.00575              -0.07631               0.09753 
             -0.02453              -0.15662              -0.08241 
