             -0.08832              -0.04952              -0.23956 
             -0.02705              -0.10988               0.08649 
             -0.03100              -0.11094               0.09418 
             -0.05584              -0.07438               0.26676 
             -0.03930              -0.00727              -0.04412 
              0.00855               0.04678              -0.21168 
              0.11571               0.09791              -0.26726 
              0.05497               0.10443              -0.24977 
             -0.02580               0.10419               0.06472 
              0.07675               0.03716               0.09227 
             -0.00350              -0.03819               0.25465 
             -0.06967              -0.07514               0.02397 
             -0.07459              -0.10569              -0.20911 
             -0.05755              -0.11259              -0.24212 
              0.02439              -0.06175              -0.27370 
             -0.03038               0.00978               0.02477 
             -0.02632               0.06174               0.08685 
              0.13933               0.09663               0.24965 
              0.03697               0.11034               0.05997 
              0.01433               0.07470              -0.20773 
              0.00804               0.01416              -0.24100 
             -0.01659              -0.04881              -0.28648 
              0.00115              -0.09298               0.02057 
             -0.11070              -0.08584               0.10452 
             -0.07349              -0.11368               0.24423 
              0.05716              -0.03436               0.08098 
             -0.02132               0.04149              -0.19338 
              0.02260               0.08497              -0.24034 
              0.06727               0.09968              -0.28544 
              0.06807               0.09471               0.00155 
              0.05434               0.07411               0.08035 
             -0.07099               0.01373               0.24299 
             -0.00892              -0.10627               0.08453 
             -0.00241              -0.09381              -0.16465 
             -0.11551              -0.10105              -0.23004 
             -0.05422              -0.07473              -0.31872 
              0.01978              -0.02529              -0.04454 
              0.01267               0.03939              -0.04639 
              0.05351               0.13035               0.04377 
              0.01131               0.11464              -0.21833 
              0.06528               0.06885              -0.12168 
              0.15777              -0.26021               0.68223 
             -0.10234              -0.59614               0.40694 
              0.04473              -1.70061               1.58276 
             -0.01106              -1.58791               1.21091 
             -0.01604              -1.41647               0.86572 
             -0.00164              -0.64773              -0.25724 
             -0.00793              -1.05400               0.79721 
             -0.01481              -0.35929              -0.28419 
             -0.03092              -0.52094               0.04424 
             -0.01798              -0.18687              -0.47096 
             -0.01462              -0.09239              -0.44396 
             -0.01129              -0.03709              -0.40242 
             -0.00674              -0.01125              -0.42008 
             -0.00272              -0.01256              -0.46185 
             -0.00004              -0.00282              -0.53772 
             -0.00104              -0.01072              -0.53042 
             -0.00701              -0.03095              -0.34863 
             -0.00962               0.00739              -0.35726 
             -0.00173               0.00673              -0.55211 
             -0.02952               0.18671               0.10649 
             -0.00804               0.10628              -0.35193 
              0.00024               0.22109              -0.26873 
              0.04268               0.59512               0.18403 
              0.03676               1.03900               0.69373 
             -0.05060               1.78252               1.31607 
             -0.07573              -0.08428               0.91677 
             -0.06467               0.47241               1.21736 
              0.02122               0.74142              -0.13017 
              0.19070               0.32970               0.42717 
              0.03245               0.30396              -0.29342 
              0.04298               0.44991              -0.31917 
              0.05292               0.18543              -0.85383 
              0.13271               0.38315              -0.19427 
             -0.03218               0.29748              -0.66253 
             -0.13659               0.39679              -0.43035 
             -0.12487               0.49853              -0.13639 
             -0.15916               0.20222              -0.05816 
             -0.04126              -0.06328              -0.98204 
             -0.04019              -0.21816              -0.60670 
              0.08572              -0.14947              -0.16006 
              0.00669              -0.22166              -0.39209 
             -0.12901              -0.23318               0.03247 
              0.25763               0.51478               0.41704 
              0.03794               0.55118               0.39179 
             -0.15960               0.58053              -0.06369 
             -0.09721               1.07225               1.05368 
             -0.06979               0.75385               0.32035 
              0.10140               0.29259               0.27468 
              0.16766              -0.71135               1.47254 
             -0.00014              -0.04592               0.65835 
             -0.08487              -0.01548              -0.35585 
             -0.01869               0.64349              -0.04869 
              0.09205               0.32164              -0.58431 
              0.03634               0.12845              -0.41085 
             -0.09574               0.18017              -0.26351 
             -0.07799               0.38324              -0.20505 
              0.12503               0.21848              -0.25972 
              0.07579              -0.22610              -0.24642 
             -0.01264              -0.11950              -0.66296 
             -0.09594              -0.19763              -0.55745 
              0.07121              -0.31713              -0.12450 
              0.15280              -0.25088              -0.46436 
              0.23268              -0.33857               0.04621 
             -0.05355              -0.02305              -0.60859 
             -0.43654              -0.13419               0.37028 
             -0.02570              -0.03475               0.50472 
             -0.19862               0.48337               0.18332 
              0.32862              -0.34484               1.15764 
             -0.04011              -0.75723               0.78459 
              0.14796              -0.89481               0.95424 
              0.21437              -0.48129               0.03894 
             -0.11456              -0.33018              -0.17414 
             -0.61543              -0.60817               0.90695 
             -0.08712               0.10715              -0.27810 
              0.04540               0.18740              -0.19479 
             -0.06227               0.03500               0.14953 
              0.00508              -0.03202              -0.74944 
              0.07261              -0.08192              -0.67845 
              0.14762              -0.43366              -0.19472 
