             -0.00670              -0.07779              -0.21752 
             -0.01633              -0.12324               0.01508 
             -0.02430              -0.06081               0.17175 
             -0.01212              -0.08967               0.21298 
              0.00300              -0.06244               0.06006 
              0.01201               0.07492              -0.15425 
              0.01108               0.11414              -0.24460 
              0.01039               0.09327              -0.21471 
              0.02471               0.06434              -0.02792 
              0.01106               0.05943               0.15950 
             -0.01122               0.03181               0.22126 
             -0.01087              -0.11252               0.08625 
             -0.01623              -0.14347              -0.13649 
             -0.01380              -0.06445              -0.24136 
             -0.01424              -0.03889              -0.21996 
             -0.00903              -0.04656              -0.06901 
              0.02211               0.02064               0.14810 
              0.01093               0.13179               0.23566 
              0.01075               0.13703               0.10129 
              0.01981               0.04348              -0.09160 
              0.00249               0.00395              -0.25966 
             -0.00446               0.00937              -0.23402 
             -0.01685              -0.05833              -0.06327 
             -0.01962              -0.15580               0.12670 
             -0.00377              -0.11144               0.23885 
             -0.01764              -0.00696               0.12069 
              0.00216               0.03203              -0.09637 
              0.01765               0.03543              -0.22935 
              0.01100               0.08613              -0.24754 
              0.01949               0.15059              -0.07536 
              0.01599               0.08167               0.10636 
              0.00434              -0.02872               0.22648 
             -0.00221              -0.04986               0.14061 
             -0.02468              -0.06977              -0.07811 
             -0.02006              -0.10975              -0.20185 
             -0.00797              -0.11684              -0.26833 
             -0.01372              -0.04894              -0.09639 
              0.00003               0.06586               0.07240 
              0.01215               0.07201               0.23000 
              0.01946               0.09019               0.17690 
              0.02625               0.11531              -0.06112 
              0.00717               0.06587              -0.20795 
              0.00423              -0.00787              -0.25536 
             -0.00038              -0.09219              -0.13471 
             -0.02510              -0.10645               0.08071 
             -0.01591              -0.07596               0.22736 
             -0.01494              -0.11386               0.16529 
             -0.00816              -0.01678              -0.02343 
              0.00958               0.08751              -0.21282 
              0.01059               0.10486              -0.25804 
              0.02171               0.10771              -0.17332 
              0.02040               0.07715               0.01159 
             -0.00044               0.05099               0.06932 
              0.00763              -0.00233              -0.03007 
             -0.00023              -0.10330              -0.31091 
             -0.01912              -0.14329              -0.31105 
             -0.03516              -0.09667               0.44190 
             -0.00995               0.11302               0.15013 
             -0.01790               0.68741               1.79860 
             -0.00886               0.57776               0.41138 
              0.00183               1.05820               0.62321 
             -0.00025               0.88058               0.19329 
              0.00081               0.62875              -0.22734 
              0.00199               0.87564               0.36589 
              0.00103               0.56985              -0.24520 
             -0.03145               0.68755              -0.13568 
             -0.06263               0.52559              -0.30802 
             -0.03723               0.34505              -0.21043 
              0.05191              -0.11090              -0.28302 
              0.07011              -0.13216              -0.60587 
              0.01901               0.18179              -0.66084 
             -0.02753               0.39217              -0.04922 
             -0.02106              -0.12016              -0.15729 
              0.05079               0.45398               0.41792 
             -0.01086              -0.03758               0.04461 
              0.00139              -0.41320              -0.37005 
              0.02854              -0.00936               0.38439 
              0.00254               0.16616              -0.36465 
             -0.01478               0.61828               0.23960 
             -0.01499               1.16464               0.44348 
             -0.02345               0.86124               0.08180 
              0.00425               0.98284               0.43302 
              0.03437               0.03993              -0.44089 
              0.02977              -0.38557               0.58193 
             -0.00224               0.00296               0.60253 
             -0.03166              -0.29076               0.66230 
              0.05358               0.30604              -0.25324 
              0.06997               0.17955              -0.33960 
              0.00173               0.15068              -0.31196 
             -0.04638               0.19634              -0.71912 
             -0.04498               0.25710              -0.24604 
              0.02477              -0.11258              -0.46073 
             -0.00858               0.28176               0.07085 
             -0.00718               0.61595              -0.02874 
             -0.00261              -0.20701              -0.03251 
             -0.00122              -0.33164              -0.29192 
              0.01064               0.22162              -0.57033 
              0.02408               0.22314              -0.06676 
             -0.00980              -0.58131              -0.21801 
             -0.06843              -0.21829               0.37869 
              0.09427               0.72813               0.63177 
             -0.13424              -0.28518               0.80776 
             -0.04865              -0.02050              -0.18973 
              0.05750               0.33729               0.34735 
              0.00247              -0.36258              -0.01203 
              0.00057              -0.62264               0.17270 
             -0.05299               0.24196               0.58459 
             -0.00944              -0.49447              -0.08392 
              0.01812              -0.30050              -0.44388 
             -0.04456               0.42504              -0.15279 
             -0.04810               0.04913              -0.46972 
              0.00538              -0.24993              -0.62451 
              0.03017              -0.38189              -0.18526 
             -0.01839              -0.04945               0.19536 
              0.08078              -0.13256              -0.47181 
              0.19183              -0.32466               0.16551 
             -0.05280              -0.26279              -0.27096 
             -0.05862              -0.20580              -0.74377 
             -0.07560              -0.56596               0.14385 
              0.01969              -0.19816              -0.02827 
