              0.01997              -0.07594              -0.19902 
             -0.07801              -0.16434               0.10053 
              0.00772              -0.20697               0.16354 
             -0.04320              -0.11178               0.19743 
             -0.02597               0.01267              -0.02259 
              0.06727               0.05510              -0.22893 
             -0.00487               0.14023              -0.22587 
              0.01112               0.18726              -0.19377 
              0.06142               0.16986               0.03680 
             -0.01853               0.06197               0.18023 
              0.04555              -0.08057               0.16096 
             -0.06115              -0.12104               0.04045 
             -0.04992              -0.14838              -0.19526 
              0.03137              -0.18408              -0.24848 
             -0.05149              -0.11248              -0.19268 
             -0.02965               0.02268              -0.03208 
              0.04953               0.10823               0.17889 
              0.00095               0.15073               0.19986 
              0.07020               0.15852               0.06056 
             -0.01918               0.13409              -0.16926 
             -0.01155               0.03083              -0.28756 
              0.05875              -0.09956              -0.19157 
             -0.05226              -0.14029              -0.05542 
             -0.03287              -0.13828               0.18381 
              0.00224              -0.14371               0.20658 
             -0.04318              -0.06746               0.04186 
              0.04626               0.04677              -0.12282 
             -0.01758               0.13780              -0.28159 
              0.00554               0.17346              -0.21850 
              0.09378               0.13434              -0.01099 
             -0.04854               0.09135               0.09484 
              0.01747               0.03055               0.24538 
              0.01885              -0.12051               0.06078 
             -0.05227              -0.17514              -0.12186 
              0.01055              -0.16107              -0.21267 
             -0.04114              -0.09288              -0.29153 
             -0.02188              -0.04602              -0.02055 
              0.06302               0.01910               0.05311 
             -0.06835               0.16691               0.25278 
              0.07011               0.19818               0.12031 
              0.04243               0.10979              -0.13673 
             -0.03475               0.04739              -0.19940 
              0.03393              -0.01450              -0.31069 
             -0.02246              -0.09870              -0.07072 
             -0.02691              -0.17108               0.02527 
              0.02333              -0.16496               0.11031 
             -0.09808              -0.04356              -0.03685 
              0.00612               0.01621              -0.39091 
              0.05282               0.05679               0.29937 
             -0.05632               0.00937              -0.02843 
              0.09693               0.16422               0.70748 
              0.14260               0.11975               1.73977 
             -0.01076               0.12697               0.39452 
             -0.00895               0.25935               0.72587 
              0.13627               0.36452              -0.08217 
             -0.01525               0.55706               0.09916 
             -0.02408               0.28727              -0.24793 
              0.03246               0.38890               0.15940 
             -0.00208               0.12618              -0.68398 
              0.01507               0.21719              -0.41772 
              0.01823               0.27434              -0.44198 
             -0.08859               0.20372              -0.05989 
             -0.04858              -0.16073              -0.49249 
              0.09783              -0.75650               0.50477 
              0.00131              -0.26253              -0.24092 
             -0.05314              -0.05402               0.45179 
              0.05308              -0.20934              -0.09622 
              0.03336              -0.06973              -0.44775 
              0.04958               0.32450              -0.15299 
              0.00277               0.27487              -0.43882 
             -0.10266               0.37450              -0.08577 
             -0.01981               0.21749              -0.15672 
              0.06209              -0.12322               0.38147 
             -0.06846              -0.02573              -0.10774 
             -0.04471              -0.24718               0.08146 
              0.02329              -0.23165              -0.77264 
              0.04388              -0.49927              -0.29998 
              0.05276              -0.15826              -0.39112 
              0.00199               0.44673              -0.06831 
             -0.02551               0.37580              -0.51963 
              0.01707               2.21576               2.08806 
             -0.05150               0.48404               0.26954 
             -0.05054               0.00165              -0.11986 
              0.08268               0.94573               0.84211 
              0.00265               0.49644              -0.19582 
              0.20685              -0.72892               2.29052 
             -0.08508               0.93034               1.01741 
             -0.05512               0.35949              -0.34664 
              0.00023               0.30568              -0.11383 
              0.00211               0.26074              -0.65900 
             -0.07732               0.31166              -0.03916 
             -0.01420              -0.29586              -0.50924 
              0.02169              -0.34418              -0.16271 
              0.02986               0.22349              -0.33040 
              0.13228               0.24002              -0.09147 
              0.14294              -0.06990              -0.00979 
             -0.01263              -0.09023              -0.81667 
             -0.08051              -0.28639              -0.45892 
             -0.03413              -0.34047              -0.56778 
              0.03094              -0.23489              -0.62760 
             -0.01985               0.07099              -0.09042 
             -0.09239               0.32351               0.15933 
             -0.06203               0.44773               0.41669 
             -0.06475              -0.04986               0.22991 
              0.19188              -0.44664               0.35896 
              0.31820               0.25226               0.93789 
              0.03379              -1.06843               0.76548 
             -0.25540              -1.09117               0.60007 
             -0.03132               0.31413               0.24015 
             -0.16339               0.10854               0.71512 
             -0.01810              -0.06216              -0.66007 
              0.27389               0.10285               0.58970 
              0.00670              -0.19174              -0.69274 
              0.11396              -0.46662              -0.30178 
              0.31144              -0.32501              -0.18198 
              0.06009               0.03357              -0.24976 
             -0.09278               0.03872              -0.78191 
             -0.08721              -0.13827              -0.48436 
              0.05576              -0.24671              -0.59523 
              0.04086              -0.21959              -0.70197 
