             -0.02867              -0.07065              -0.15394 
              0.02822              -0.15375               0.10102 
              0.04440              -0.15840               0.24106 
             -0.00465              -0.09591               0.13948 
             -0.02093              -0.00315              -0.08995 
             -0.00177               0.07035              -0.27354 
              0.01214               0.11699              -0.29409 
             -0.02531               0.15482              -0.15490 
             -0.05369               0.15634               0.07865 
              0.02571               0.03772               0.20175 
              0.02687              -0.05554               0.17729 
             -0.00243              -0.11755              -0.08451 
              0.00513              -0.15138              -0.23551 
              0.02069              -0.12772              -0.31667 
              0.03420              -0.10532              -0.18373 
             -0.02391              -0.00170               0.07426 
             -0.04340               0.11499               0.13570 
              0.02576               0.13381               0.28259 
             -0.01060               0.14553              -0.08268 
             -0.02542               0.11145              -0.23029 
             -0.00738               0.01950              -0.31750 
              0.02003              -0.05715              -0.22189 
              0.03894              -0.16316               0.07644 
             -0.01091              -0.13336               0.13673 
              0.00725              -0.11308               0.27605 
              0.02899              -0.06449              -0.07193 
             -0.01358               0.05300              -0.21659 
             -0.02789               0.12352              -0.31317 
             -0.01770               0.14580              -0.24089 
              0.00827               0.15141               0.08966 
              0.01131               0.07969               0.09670 
             -0.03373               0.00823               0.28439 
              0.01244              -0.11760              -0.03767 
              0.03271              -0.17029              -0.21685 
              0.00435              -0.14654              -0.27951 
             -0.00701              -0.09007              -0.27034 
              0.00624              -0.03632              -0.02420 
              0.01112               0.05048              -0.02622 
             -0.01441               0.15484               0.08941 
             -0.02967               0.13498              -0.35855 
             -0.01335               0.19984               0.65929 
              0.01166              -0.29666               0.00397 
             -0.08824              -1.11733               1.32004 
             -0.02035              -1.03633               0.56231 
              0.00267              -0.95097               0.12530 
              0.01187              -1.56200               1.11431 
             -0.00037              -0.70078              -0.08228 
             -0.01439              -0.78717               0.48817 
             -0.01753              -0.37886              -0.22153 
             -0.02411              -0.39788              -0.16563 
             -0.01299              -0.14512              -0.46785 
             -0.01677              -0.06283              -0.44825 
             -0.01004              -0.01674              -0.46135 
              0.00163               0.00499              -0.32813 
             -0.00168              -0.00239              -0.51584 
              0.00016               0.00047              -0.54416 
              0.00111              -0.00135              -0.53296 
             -0.00284              -0.00091              -0.48791 
             -0.00456               0.03135              -0.46068 
             -0.01370               0.05369              -0.49895 
             -0.04598               0.44650               0.46225 
             -0.01060               0.18337              -0.50757 
             -0.02711               1.10308               0.70889 
             -0.15372               1.27924               1.37512 
             -0.11346               0.17178              -0.04460 
              0.37163               0.76398               0.92872 
             -0.20354               0.55500               0.99487 
             -0.24034               0.98387               1.21584 
              0.02525               0.97688               0.21053 
              0.01728               0.44257              -0.51248 
             -0.05892               0.49291               0.08430 
              0.02294              -0.02346              -0.82458 
              0.11988              -0.03392              -0.12917 
              0.10666               0.32676              -0.48907 
             -0.02992               0.39639              -0.58930 
             -0.42492               0.40747               0.00330 
             -0.14980              -0.16582              -0.50538 
             -0.00545              -0.21675              -0.55291 
              0.13888              -0.01578              -0.36608 
              0.09969               0.20088              -0.55957 
             -0.18802              -0.05450              -0.19908 
             -0.03637              -0.28323              -0.29732 
              0.65344              -0.08107               0.27408 
             -0.09402               0.31058              -0.08807 
             -0.71262               0.56439               0.79766 
              0.04410               0.24421               0.18059 
             -0.11553               0.40327               0.66609 
             -0.05271               1.08308               0.78378 
              0.40120               0.64541               0.84898 
              0.12315              -0.40704               0.60828 
              0.28438              -0.21183               0.45351 
              0.04737               0.30822               0.16339 
             -0.42057               0.16609              -0.27802 
             -0.25024               0.24233              -0.36162 
             -0.06244              -0.01226              -0.45937 
              0.01627              -0.02395              -0.11136 
             -0.12793              -0.11471              -0.43243 
              0.08979               0.01240              -0.42932 
              0.02614               0.22381              -0.39695 
              0.03970               0.26603              -0.59103 
              0.15950               0.18738              -0.30996 
              0.14159              -0.15837              -0.35160 
              0.12656              -0.14547              -0.54877 
              0.29334              -0.26774              -0.07407 
              0.16376              -0.15298              -0.39160 
             -0.02361              -0.23501               0.16734 
             -0.26854              -0.07545               0.48272 
             -0.51773              -0.17808               0.37819 
             -0.29080              -0.75107               0.82421 
              0.59414               0.16171               1.12835 
              0.18894              -0.49498               0.98295 
              0.18978              -0.83093               0.43701 
              0.23408              -0.39818               0.19023 
             -0.15478              -0.28207               0.46644 
             -0.36996              -0.11955              -0.30881 
             -0.35423              -0.06894              -0.19456 
             -0.10095              -0.13734              -0.46794 
              0.00467              -0.18306              -0.61728 
              0.21018              -0.17891              -0.42919 
              0.29524              -0.13720              -0.38653 
