             -0.08716              -0.04882              -0.19689 
             -0.02779              -0.10841               0.10950 
             -0.02942              -0.10976               0.10291 
             -0.05578              -0.07554               0.27180 
             -0.04003              -0.00956              -0.01945 
              0.00474               0.04378              -0.15655 
              0.11273               0.09472              -0.21972 
              0.05992               0.10412              -0.19673 
             -0.02685               0.10264               0.07001 
              0.07237               0.04233               0.09969 
              0.00882              -0.03153               0.26709 
             -0.06834              -0.06922               0.03484 
             -0.07485              -0.10439              -0.13368 
             -0.06032              -0.11153              -0.21076 
              0.02087              -0.06848              -0.21531 
             -0.02152               0.00239               0.01659 
             -0.04120               0.05612               0.08387 
              0.13502               0.09313               0.28363 
              0.04935               0.10483               0.05676 
              0.01008               0.08484              -0.10759 
              0.01279               0.02446              -0.21754 
             -0.01564              -0.04066              -0.22750 
              0.00289              -0.08715               0.00998 
             -0.08982              -0.08086               0.08418 
             -0.10731              -0.11865               0.29854 
              0.05166              -0.05054               0.06654 
             -0.01408               0.03027              -0.08381 
              0.00411               0.07495              -0.20777 
              0.06538               0.10040              -0.23536 
              0.06929               0.09894               0.00717 
              0.06115               0.07647               0.04153 
             -0.04901               0.04262               0.30775 
             -0.02932              -0.08658               0.07358 
              0.01853              -0.09947              -0.05131 
             -0.10330              -0.09916              -0.17089 
             -0.08100              -0.08444              -0.26900 
              0.01324              -0.04350              -0.00284 
              0.01288               0.01348               0.00659 
              0.04978               0.11317               0.29815 
              0.01732               0.12048               0.13132 
              0.06158               0.06155              -0.05368 
              0.08470               0.05730              -0.15090 
             -0.03839               0.01391              -0.28279 
             -0.06380              -0.07404              -0.04350 
              0.00190              -0.10183               0.00799 
             -0.07410              -0.11778               0.28615 
             -0.05106              -0.05137               0.15791 
             -0.03234               0.00005              -0.06305 
              0.03348               0.02605              -0.12156 
              0.07742               0.08435              -0.28791 
              0.01605               0.14602              -0.06665 
              0.03043               0.07482              -0.00549 
              0.09561               0.02668               0.23947 
             -0.04580              -0.02729               0.18100 
             -0.04668              -0.07168              -0.03110 
             -0.05642              -0.10119              -0.11716 
             -0.04736              -0.11598              -0.27657 
             -0.01624              -0.06292              -0.10299 
             -0.06054               0.02695              -0.04878 
              0.01693               0.02545               0.21648 
              0.10971               0.10243               0.15392 
              0.01554               0.10778              -0.01986 
              0.04103               0.05793              -0.15113 
              0.03222               0.01068              -0.37401 
             -0.00512              -0.05722              -0.34064 
             -0.00962              -0.07366              -0.45844 
             -0.13819               0.02966               0.45456 
             -0.09169               0.26373               0.03188 
              0.03294               0.44222               0.22370 
             -0.06022               1.32832               1.13998 
             -0.00684               0.52817              -0.45622 
              0.01186               1.48707               0.94475 
             -0.00915               1.00075               1.26276 
              0.00455               0.65881               0.21947 
              0.00065               0.79194               0.01914 
             -0.14361               0.57035               0.38120 
              0.01612              -0.10597               0.07972 
              0.10896               0.35900              -0.05700 
             -0.01934               0.17211              -0.15432 
             -0.04432              -0.21069              -0.41461 
             -0.01289               0.05640              -0.61380 
             -0.01022               0.55023              -0.07030 
              0.00826               0.31002              -0.47244 
              0.04674               0.16095              -0.29586 
              0.01624              -0.03603              -0.52244 
             -0.00302              -0.17189              -0.18986 
              0.01896              -0.02207              -0.43615 
              0.03529               0.34128              -0.20663 
             -0.00810               0.56912              -0.26589 
             -0.06607               0.36534              -0.45989 
              0.04002              -0.24151               1.09916 
              0.11312               0.12627               0.35971 
             -0.15290               0.18014               0.53047 
              0.09847               0.56780               0.64221 
              0.05061              -0.41537               0.51884 
             -0.05647               0.21150               0.60501 
              0.10620               0.48993              -0.00976 
             -0.19976               0.23847               0.33703 
              0.02888              -0.26440              -0.14956 
              0.19470              -0.01344              -0.16576 
              0.02054               0.10049              -0.61999 
             -0.06233               0.00152              -0.46944 
             -0.03582              -0.13866              -0.44286 
             -0.01125              -0.27129              -0.14979 
              0.03049              -0.14194              -0.41023 
              0.09807              -0.05842              -0.20447 
              0.00044              -0.06077              -0.64606 
             -0.11030              -0.17108              -0.46778 
             -0.11149              -0.11215              -0.26871 
              0.06950               0.58245               0.24423 
              0.01096               0.11283              -0.46168 
             -0.01967              -0.99426               0.74543 
             -0.05481              -0.78739               0.87980 
              0.04970              -0.27022              -0.17809 
              0.12928              -1.35755               1.94667 
              0.00517              -0.36093              -0.15983 
             -0.16530              -0.63577               0.67890 
              0.09630              -0.03389               0.85509 
              0.06504              -0.01945              -0.12059 
             -0.17377              -0.49412               0.24368 
