              0.10083              -0.11580              -0.13814 
              0.11956              -0.07070               0.01061 
              0.07065              -0.07477               0.27598 
              0.09497              -0.07361               0.12921 
              0.07122              -0.04986               0.04702 
             -0.07815               0.03733              -0.14868 
             -0.12731               0.13452              -0.24317 
             -0.10518               0.10016              -0.11912 
             -0.06712               0.02695              -0.02484 
             -0.08555               0.09560               0.23313 
             -0.02036               0.00209               0.14761 
              0.13037              -0.09060               0.07542 
              0.14732              -0.12031              -0.11883 
              0.08397              -0.10924              -0.23185 
              0.05268              -0.01758              -0.13534 
              0.03825              -0.02059              -0.08391 
             -0.02182              -0.01605               0.23950 
             -0.13981               0.15697               0.16755 
             -0.14951               0.11449               0.10952 
             -0.05665               0.05225              -0.09147 
             -0.01739               0.01434              -0.24834 
              0.00191              -0.02928              -0.16116 
              0.07409              -0.02594              -0.08584 
              0.16172              -0.14005               0.22794 
              0.11979              -0.13813               0.17615 
              0.02552               0.02042               0.11230 
             -0.03071               0.01260              -0.06830 
             -0.04055               0.03535              -0.24918 
             -0.11085               0.10088              -0.13334 
             -0.14439               0.10129              -0.11288 
             -0.08688               0.12011               0.17619 
              0.01457              -0.03033               0.20561 
              0.05801              -0.07976               0.06817 
              0.08144              -0.02988               0.01318 
              0.10442              -0.10418              -0.24702 
              0.14158              -0.12604              -0.16536 
              0.04885              -0.03356              -0.12086 
             -0.06887               0.03807               0.11597 
             -0.06501               0.10286               0.22453 
             -0.09364               0.04972               0.11802 
             -0.12632               0.08287               0.02942 
             -0.07820               0.10564              -0.23459 
             -0.00174              -0.01185              -0.17592 
              0.09320              -0.08936              -0.15094 
              0.09881              -0.07759               0.10627 
              0.08083              -0.07981               0.21951 
              0.12178              -0.05128               0.13408 
              0.03554              -0.05671               0.02213 
             -0.06421               0.03596              -0.19626 
             -0.11139               0.13214              -0.18949 
             -0.11151               0.07623              -0.15920 
             -0.08327               0.04665               0.10589 
             -0.08481               0.07551               0.15087 
             -0.02398              -0.00032               0.17743 
              0.14250              -0.07650               0.05710 
              0.12551              -0.11479              -0.19082 
              0.10272              -0.09899              -0.16177 
              0.06991              -0.01603              -0.20230 
              0.03939              -0.04187               0.05165 
             -0.01605               0.00332               0.18330 
             -0.15845               0.13499               0.16084 
             -0.16566               0.10225               0.10033 
             -0.04675               0.05902              -0.16235 
             -0.03933               0.01761              -0.18397 
             -0.00327              -0.01636              -0.21603 
              0.09495              -0.03039               0.02209 
              0.16614              -0.14933               0.20106 
              0.13484              -0.10460               0.14890 
              0.00858               0.01452               0.13809 
             -0.01916              -0.00555              -0.18587 
             -0.02849               0.03776              -0.17643 
             -0.12591               0.08740              -0.17963 
             -0.17190               0.11711              -0.05140 
             -0.09589               0.10679               0.22135 
              0.01667              -0.04648               0.11853 
              0.07267              -0.04655               0.15575 
              0.07647              -0.03664              -0.11269 
              0.12622              -0.11216              -0.18861 
              0.15518              -0.10946              -0.19254 
              0.05013              -0.03854              -0.07005 
             -0.07807               0.05378               0.16377 
             -0.07227               0.06678               0.12923 
             -0.12355               0.04680               0.20871 
             -0.12234               0.10652              -0.10021 
             -0.10045               0.09928              -0.19135 
              0.00464              -0.02364              -0.19990 
              0.12239              -0.08117              -0.10435 
              0.10570              -0.07362               0.16343 
              0.09243              -0.05918               0.16068 
              0.13765              -0.08374               0.17925 
              0.01961              -0.06256              -0.07714 
             -0.06505               0.05073              -0.19088 
             -0.12343               0.10552              -0.27319 
             -0.12853               0.05811              -0.19764 
             -0.05344               0.02924              -0.12937 
             -0.05361               0.03340              -0.26538 
             -0.05305               0.00507              -0.39918 
              0.02071               0.00552              -0.62766 
              0.29714               0.37157               0.73600 
              0.02400               0.02237              -0.35720 
             -0.09593              -0.58139               0.81060 
              0.01646               0.70869               2.22486 
             -0.08141              -0.14656              -0.02031 
             -0.06585              -0.23288               0.19652 
              0.05971              -0.03977               1.08130 
              0.35887              -0.27951               0.69312 
             -0.00737              -0.07881              -0.26998 
             -0.29231              -0.41149               0.22280 
              0.03356              -0.15300              -0.48076 
              0.13581              -0.09337              -0.13180 
             -0.05168              -0.03174              -0.59845 
             -0.19734              -0.11895              -0.33253 
             -0.04382              -0.07819              -0.77682 
              0.02989              -0.05958              -0.74579 
              0.05947              -0.15084              -0.28129 
             -0.03860              -0.16602              -0.30011 
              0.01453              -0.17956              -0.26037 
              0.13494              -0.08232              -0.13741 
              0.04229              -0.20125              -0.38827 
              0.00490              -0.26170              -0.36334 
