             -0.06681              -0.10059              -0.14416 
              0.00648              -0.06550               0.05514 
              0.07916              -0.08707               0.17559 
             -0.01901              -0.08086               0.23175 
             -0.06203              -0.02611               0.02609 
              0.01168               0.01627              -0.11544 
              0.05150               0.11810              -0.22057 
             -0.01551               0.10730              -0.13698 
             -0.07504               0.03712               0.03165 
              0.04211               0.08973               0.14712 
              0.06489              -0.00393               0.25080 
             -0.04389              -0.08710               0.04011 
             -0.03192              -0.09683              -0.07121 
              0.03177              -0.10859              -0.21224 
              0.04204              -0.03428              -0.16957 
             -0.04879              -0.01396               0.00106 
             -0.06108              -0.01803               0.11095 
              0.07413               0.15498               0.27214 
              0.01792               0.09517               0.06966 
             -0.05572               0.05782              -0.07039 
             -0.00940               0.04980              -0.18866 
              0.04201              -0.03516              -0.19940 
              0.03801              -0.05351              -0.01043 
             -0.05483              -0.10468               0.10889 
             -0.02357              -0.13696               0.26158 
              0.07937               0.01217               0.10521 
             -0.01027              -0.01429              -0.05286 
             -0.06553               0.03134              -0.17653 
             -0.00642               0.11065              -0.20921 
              0.05335               0.10410              -0.02775 
              0.00715               0.08559               0.07704 
             -0.08018               0.00243               0.25256 
              0.02182              -0.06021               0.12455 
              0.08009              -0.02974              -0.02917 
             -0.01499              -0.11678              -0.16112 
             -0.05429              -0.11551              -0.20921 
              0.01877              -0.00572              -0.06907 
              0.06242               0.00791               0.05602 
             -0.04431               0.05384               0.26270 
             -0.07843               0.08513               0.12587 
              0.03741               0.08314               0.03871 
              0.05277               0.09412              -0.18081 
             -0.02905              -0.00408              -0.19526 
             -0.05089              -0.08386              -0.10400 
              0.06055              -0.03983               0.03390 
              0.08383              -0.10862               0.27386 
             -0.06279              -0.07675               0.12810 
             -0.05279              -0.03041               0.05563 
              0.03982               0.01830              -0.15203 
              0.03256               0.11243              -0.20464 
             -0.06463               0.08801              -0.11427 
             -0.06645               0.04702               0.01576 
              0.08439               0.10324               0.24026 
              0.03866              -0.02182               0.14527 
             -0.05816              -0.07155               0.07526 
             -0.00183              -0.08847              -0.12167 
              0.05722              -0.09785              -0.21703 
              0.03754              -0.03782              -0.11425 
             -0.07378              -0.04253              -0.01195 
             -0.04834               0.00361               0.19872 
              0.07754               0.13171               0.19216 
             -0.01372               0.07379               0.08132 
             -0.06817               0.06684              -0.10037 
             -0.00413               0.04643              -0.19105 
              0.06384              -0.02032              -0.18302 
              0.04154              -0.03685              -0.00165 
             -0.07165              -0.10461               0.15857 
              0.01502              -0.10163               0.21144 
              0.08408              -0.00262               0.10609 
             -0.04157              -0.03109              -0.08789 
             -0.06871               0.03482              -0.19042 
             -0.00065               0.09866              -0.17189 
              0.04856               0.06592              -0.03616 
             -0.01870               0.09861               0.14990 
             -0.07320               0.01639               0.20624 
              0.06232              -0.03946               0.12037 
              0.07747              -0.02943              -0.05338 
             -0.03690              -0.11663              -0.18296 
             -0.04597              -0.09310              -0.17326 
              0.03798              -0.02245              -0.08244 
              0.04954              -0.02907               0.14358 
             -0.06626               0.07909               0.19153 
             -0.06878               0.07140               0.14691 
              0.04774               0.06656              -0.00962 
              0.03857               0.09091              -0.19651 
             -0.04121               0.00014              -0.17261 
             -0.02430              -0.03945              -0.09670 
              0.08074              -0.04391               0.09447 
              0.03055              -0.10653               0.22535 
             -0.06764              -0.04723               0.14567 
             -0.02221              -0.04508               0.01264 
              0.04341               0.00387              -0.16850 
              0.00613               0.08460              -0.18664 
             -0.08174               0.05914              -0.11603 
             -0.02193               0.05863               0.07208 
              0.10037               0.09433               0.22796 
             -0.00057              -0.01479               0.13860 
             -0.04729              -0.02701               0.05146 
              0.01778              -0.07235              -0.16595 
              0.05602              -0.10001              -0.18799 
             -0.00084              -0.03901              -0.11025 
             -0.08834              -0.04987               0.01258 
              0.01302               0.00038               0.23989 
              0.07109               0.08262               0.13661 
             -0.06119               0.05049               0.08661 
             -0.04602               0.09818              -0.14246 
              0.03428               0.06164              -0.18212 
              0.06842              -0.01823              -0.14606 
             -0.01389              -0.00944               0.01483 
             -0.07727              -0.10116               0.19795 
              0.07243              -0.08384               0.16010 
              0.05485              -0.02719               0.11332 
             -0.07667              -0.05468              -0.12918 
             -0.05245               0.02961              -0.18544 
              0.03724               0.06338              -0.16407 
              0.04703               0.06324               0.01451 
             -0.06052               0.11367               0.15290 
             -0.04800               0.01854               0.20899 
              0.10204              -0.00263               0.10855 
              0.03439              -0.02488              -0.09854 
