             -0.02829              -0.06973              -0.11262 
              0.02734              -0.15170               0.12717 
              0.04401              -0.15600               0.24614 
             -0.00307              -0.09639               0.14388 
             -0.02090              -0.00822              -0.05308 
             -0.00252               0.06601              -0.22956 
              0.01236               0.11481              -0.24031 
             -0.02283               0.15188              -0.11216 
             -0.05354               0.15644               0.09146 
              0.02151               0.04528               0.21159 
              0.02947              -0.04915               0.18541 
             -0.00164              -0.11034              -0.05314 
              0.00420              -0.15084              -0.17478 
              0.01826              -0.12818              -0.27264 
              0.03528              -0.11068              -0.13725 
             -0.01586              -0.01578               0.07261 
             -0.04674               0.10622               0.14804 
              0.02321               0.13124               0.29660 
             -0.00312               0.14088              -0.05287 
             -0.02761               0.12453              -0.15667 
             -0.01061               0.03030              -0.28254 
              0.01548              -0.04483              -0.17274 
              0.03875              -0.14709               0.05962 
             -0.00406              -0.13891               0.14574 
             -0.00511              -0.11723               0.31072 
              0.03191              -0.07952              -0.05063 
             -0.00268               0.03149              -0.12935 
             -0.02901               0.11065              -0.28334 
             -0.02229               0.14546              -0.18756 
              0.00473               0.15339               0.05836 
              0.01507               0.09330               0.11255 
             -0.03617               0.02625               0.30038 
             -0.00589              -0.08480              -0.01311 
              0.03653              -0.16973              -0.11368 
              0.01431              -0.15115              -0.26043 
             -0.00627              -0.10660              -0.19713 
              0.00287              -0.05662              -0.02093 
              0.01548               0.01595               0.10530 
             -0.00958               0.13529               0.33378 
             -0.03772               0.16604               0.01396 
             -0.00860               0.15294              -0.07008 
              0.01743               0.04557              -0.27932 
             -0.00252              -0.01198              -0.21179 
             -0.01921              -0.06166              -0.04881 
              0.01312              -0.14789               0.11096 
              0.04660              -0.18897               0.32873 
              0.01137              -0.09034               0.03916 
             -0.02907              -0.00083              -0.05921 
             -0.00263               0.07963              -0.28230 
              0.01311               0.10739              -0.21352 
             -0.02869               0.15162              -0.05370 
             -0.05022               0.17051               0.07631 
              0.01114               0.05567               0.32328 
              0.02368              -0.06291               0.04880 
              0.00682              -0.13706              -0.02218 
              0.00386              -0.13791              -0.23965 
              0.03116              -0.12612              -0.25343 
              0.04262              -0.11564              -0.13894 
             -0.02034              -0.02918              -0.03254 
             -0.04348               0.11365               0.05097 
              0.00391               0.10108              -0.14113 
              0.00029               0.07658              -0.31468 
             -0.02915               0.24274              -0.10333 
             -0.04256               0.49019               0.10008 
              0.02361               0.70716               0.38921 
              0.03020               1.50403               1.12232 
              0.00696               1.19545               0.50501 
              0.01249               0.97302               0.38071 
             -0.06115               0.35474               0.39068 
             -0.01921               1.21443               0.89254 
              0.00639               0.71926              -0.18134 
             -0.00907               0.84636               0.12811 
             -0.04072               0.19549              -0.22545 
              0.01416              -0.06463              -0.24613 
              0.04547               0.11805              -0.38927 
              0.02759               0.19072              -0.39817 
              0.00906              -0.18230              -0.41984 
              0.00798              -0.11926              -0.18049 
              0.00291               0.33872              -0.15167 
              0.00070               0.20613              -0.52304 
             -0.00627               0.25009              -0.19890 
             -0.00197               0.16947              -0.62181 
              0.01521              -0.03081              -0.12601 
              0.00078              -0.09018               0.09164 
             -0.01250               0.44833              -0.35258 
              0.00209               0.97248               0.36701 
              0.00986               0.68692               0.63039 
             -0.03525               0.12266              -0.02328 
              0.07269               0.27287               1.41010 
             -0.04685               0.26928               0.16147 
              0.03461               0.40351               1.19159 
              0.00059              -0.14768              -0.13122 
             -0.00214               0.49036              -0.14571 
             -0.00966               0.54724               0.13065 
             -0.01174               0.28473              -0.42606 
              0.00326               0.11783              -0.62524 
             -0.00680              -0.23846               0.12170 
             -0.00040              -0.13030              -0.51546 
              0.03721               0.07075              -0.04060 
              0.01291               0.02503              -0.72520 
             -0.02562              -0.13005              -0.16399 
             -0.01410              -0.11590              -0.60707 
              0.01791              -0.29069              -0.26797 
              0.03343              -0.42090               0.11491 
              0.02159              -0.17649              -0.34639 
              0.01613               0.03013              -0.44896 
             -0.03367               0.55770               0.11640 
             -0.03818               0.24849               0.47829 
              0.02147              -0.70902               0.18029 
              0.03048              -0.73192               1.42923 
             -0.01608              -0.41205               0.14560 
             -0.03546              -0.65188               0.36643 
              0.04705              -0.52624               0.32786 
             -0.00314              -0.08095              -0.18495 
             -0.16873               0.26045               1.21820 
              0.03353              -0.01674              -0.33609 
              0.04110              -0.42057              -0.00561 
              0.01939              -0.28772              -0.64227 
              0.03652              -0.31000              -0.61889 
              0.04324              -0.31302              -0.59185 
