           -493.25627               1.27356            -491.98271             102.63179 
           -493.53647               1.69724            -491.83923             136.77433 
           -492.80199               1.20777            -491.59422              97.32992 
           -493.20955               1.81978            -491.38976             146.64977 
           -493.94640               2.59567            -491.35073             209.17589 
           -493.09982               1.73072            -491.36910             139.47244 
           -493.12923               1.64067            -491.48856             132.21574 
           -493.38013               1.68469            -491.69543             135.76333 
           -493.75756               1.83821            -491.91935             148.13445 
           -493.75618               1.68392            -492.07226             135.70129 
           -493.87533               1.81875            -492.05658             146.56652 
           -494.19653               2.26711            -491.92941             182.69858 
           -494.05844               2.29332            -491.76512             184.81048 
           -493.82930               2.27357            -491.55573             183.21914 
           -494.47444               3.10370            -491.37074             250.11624 
           -495.24507               3.91278            -491.33229             315.31700 
           -494.83673               3.43725            -491.39948             276.99554 
           -494.63258               3.08569            -491.54689             248.66467 
           -495.25796               3.52471            -491.73325             284.04414 
           -495.83530               3.90208            -491.93322             314.45478 
           -495.59575               3.56218            -492.03357             287.06309 
           -496.16127               4.17454            -491.98673             336.41168 
           -496.38207               4.55553            -491.82654             367.11433 
           -496.36143               4.70142            -491.66001             378.87069 
           -496.81659               5.32763            -491.48896             429.33500 
           -497.36494               6.01579            -491.34915             484.79089 
           -497.61395               6.28151            -491.33244             506.20459 
           -497.79103               6.33141            -491.45962             510.22582 
           -498.15936               6.50177            -491.65758             523.95476 
           -498.80835               6.95732            -491.85103             560.66536 
           -499.26871               7.28571            -491.98300             587.12907 
           -499.39717               7.33163            -492.06554             590.82984 
           -500.11058               8.09730            -492.01328             652.53291 
           -500.25555               8.45096            -491.80458             681.03316 
           -500.41242               8.80927            -491.60316             709.90752 
           -501.08899               9.62812            -491.46088             775.89575 
           -502.26814              10.88176            -491.38638             876.92230 
           -502.32358              10.96217            -491.36141             883.40221 
           -502.38800              10.92468            -491.46332             880.38124 
           -503.28610              11.58057            -491.70553             933.23661 
           -503.86419              11.97057            -491.89362             964.66570 
           -504.15952              12.18662            -491.97291             982.07627 
           -504.78400              12.80145            -491.98255            1031.62323 
           -506.12154              14.19107            -491.93047            1143.60798 
           -507.77501              16.00397            -491.77104            1289.70331 
           -511.03166              19.49119            -491.54047            1570.72549 
           -515.85546              24.32329            -491.53217            1960.12768 
           -514.25863              22.87285            -491.38579            1843.24154 
           -512.16632              20.73744            -491.42888            1671.15629 
           -508.90518              17.05532            -491.84985            1374.42786 
           -503.53034              11.81085            -491.71948             951.79476 
           -498.46103               6.35674            -492.10429             512.26680 
           -500.21985               8.05338            -492.16647             648.99343 
           -505.86955              13.34350            -492.52605            1075.30507 
           -509.58668              16.93636            -492.65032            1364.84090 
           -516.91538              23.66074            -493.25465            1906.73446 
           -515.08905              21.18957            -493.89947            1707.59216 
           -512.58821              18.42140            -494.16680            1484.51543 
           -507.68842              13.16976            -494.51866            1061.30399 
           -504.30562               9.65108            -494.65454             777.74607 
           -501.52147               6.52551            -494.99597             525.86759 
           -500.60380               5.32916            -495.27464             429.45799 
           -503.82100               8.47856            -495.34244             683.25703 
           -501.26003               6.41928            -494.84075             517.30692 
           -499.44110               5.28484            -494.15626             425.88654 
           -500.60634               6.54161            -494.06473             527.16471 
           -502.95385               8.99014            -493.96372             724.48301 
           -500.24181               6.59114            -493.65066             531.15663 
           -500.33858               6.54121            -493.79737             527.13277 
           -499.26448               4.99089            -494.27359             402.19834 
           -502.10249               7.47615            -494.62633             602.47670 
           -503.02765               7.95319            -495.07446             640.91953 
           -502.19148               7.13030            -495.06118             574.60530 
           -503.68631               8.69449            -494.99181             700.65832 
           -506.08596              11.22598            -494.85998             904.66214 
           -507.08793              12.53890            -494.54904            1010.46493 
           -513.91656              19.75061            -494.16595            1591.63135 
           -516.40725              22.74696            -493.66029            1833.09644 
           -526.53770              32.52397            -494.01373            2620.99133 
           -525.92502              31.45283            -494.47219            2534.67181 
           -523.82940              28.08174            -495.74766            2263.00761 
           -524.46984              27.13187            -497.33797            2186.46057 
           -515.14340              18.21006            -496.93334            1467.48396 
           -512.51748              14.87612            -497.64137            1198.81328 
           -523.33839              24.27287            -499.06552            1956.06410 
           -516.81655              17.84613            -498.97041            1438.15621 
           -523.61440              24.86977            -498.74463            2004.16616 
           -530.24411              30.34260            -499.90151            2445.20242 
           -526.28135              26.25610            -500.02525            2115.88526 
           -527.44271              27.14661            -500.29610            2187.64868 
           -525.62084              24.78803            -500.83281            1997.57896 
           -518.55514              17.90109            -500.65405            1442.58509 
           -514.83042              14.68581            -500.14461            1183.47696 
           -512.15506              12.04057            -500.11448             970.30695 
           -507.49734               6.99003            -500.50731             563.30137 
           -509.01922               8.41486            -500.60436             678.12337 
           -511.72890              11.27040            -500.45850             908.24148 
           -513.30468              13.05368            -500.25100            1051.94985 
           -518.56903              18.75441            -499.81462            1511.35150 
           -520.38523              20.99499            -499.39023            1691.91168 
           -531.21432              31.77700            -499.43732            2560.79542 
           -531.13482              31.22783            -499.90699            2516.53929 
           -530.94534              30.72071            -500.22463            2475.67277 
           -523.15777              22.52288            -500.63489            1815.03886 
           -520.77320              20.66441            -500.10879            1665.27163 
           -511.01479              11.01159            -500.00321             887.38455 
           -516.79374              16.88254            -499.91120            1360.50377 
           -521.97736              22.89605            -499.08131            1845.11147 
           -523.77009              25.84029            -497.92980            2082.37665 
           -527.15340              28.76658            -498.38682            2318.19611 
           -528.66355              30.54521            -498.11834            2461.52938 
           -524.77192              26.72150            -498.05042            2153.39075 
           -522.49588              24.44352            -498.05236            1969.81641 
           -516.12975              18.45320            -497.67655            1487.07787 
           -509.68987              12.75583            -496.93404            1027.94733 
           -505.81069               9.03648            -496.77421             728.21796 
           -504.37396               7.48717            -496.88679             603.36462 
           -505.70389               8.78778            -496.91611             708.17620 
           -508.11792              11.46581            -496.65211             923.98886 
           -512.68844              16.19089            -496.49755            1304.76611 
