           -530.27945               1.19538            -529.08407              96.33128 
           -530.63289               1.65130            -528.98159             133.07220 
           -530.04363               1.15284            -528.89078              92.90367 
           -530.27091               1.49277            -528.77814             120.29741 
           -530.61645               1.88829            -528.72816             152.17079 
           -530.12303               1.41991            -528.70312             114.42534 
           -530.15764               1.36927            -528.78838             110.34420 
           -530.19827               1.25880            -528.93947             101.44227 
           -530.30607               1.29485            -529.01122             104.34736 
           -530.31272               1.22450            -529.08822              98.67812 
           -530.09319               0.93887            -529.15432              75.66022 
           -530.45207               1.36841            -529.08366             110.27544 
           -530.29027               1.31549            -528.97478             106.01096 
           -529.90740               1.06309            -528.84432              85.67032 
           -530.30231               1.53949            -528.76282             124.06195 
           -530.83893               2.08062            -528.75831             167.66966 
           -530.28375               1.57548            -528.70826             126.96264 
           -530.06195               1.27871            -528.78324             103.04659 
           -530.36436               1.41252            -528.95184             113.83001 
           -530.46772               1.43405            -529.03367             115.56473 
           -530.03760               0.94032            -529.09728              75.77711 
           -530.13583               1.03291            -529.10292              83.23833 
           -530.37538               1.32996            -529.04542             107.17673 
           -530.15879               1.20187            -528.95692              96.85423 
           -530.05826               1.26848            -528.78978             102.22207 
           -530.21404               1.49534            -528.71871             120.50376 
           -530.35517               1.62623            -528.72894             131.05198 
           -530.24746               1.51610            -528.73136             122.17672 
           -530.00994               1.18316            -528.82679              95.34634 
           -530.35746               1.39037            -528.96709             112.04472 
           -530.68918               1.59754            -529.09164             128.74034 
           -530.11826               0.97409            -529.14417              78.49837 
           -530.52019               1.41848            -529.10171             114.31036 
           -530.50826               1.46396            -529.04430             117.97540 
           -530.18286               1.22608            -528.95679              98.80504 
           -530.10029               1.30478            -528.79551             105.14719 
           -530.44258               1.71829            -528.72429             138.47120 
           -530.37149               1.63585            -528.73564             131.82730 
           -530.24302               1.48200            -528.76102             119.42908 
           -530.16957               1.32043            -528.84915             106.40862 
           -530.30147               1.35248            -528.94899             108.99144 
           -530.15697               1.10166            -529.05531              88.77859 
           -530.22459               1.09354            -529.13105              88.12428 
           -530.24398               1.17959            -529.06439              95.05900 
           -530.59096               1.59636            -528.99461             128.64460 
           -530.15572               1.24584            -528.90988             100.39784 
           -530.12806               1.34988            -528.77818             108.78198 
           -530.60090               1.87000            -528.73090             150.69646 
           -530.19831               1.49140            -528.70691             120.18641 
           -530.10861               1.31422            -528.79438             105.90870 
           -530.47800               1.54753            -528.93047             124.70975 
           -530.37258               1.38220            -528.99037             111.38677 
           -530.09918               1.01597            -529.08321              81.87331 
           -530.32862               1.18344            -529.14519              95.36889 
           -530.36805               1.29620            -529.07185             104.45650 
           -530.08696               1.10685            -528.98011              89.19698 
           -530.05623               1.19878            -528.85745              96.60567 
           -530.06447               1.29142            -528.77305             104.07116 
           -530.58621               1.83933            -528.74688             148.22508 
           -530.31931               1.61547            -528.70384             130.18474 
           -530.10130               1.30641            -528.79489             105.27886 
           -530.52032               1.58472            -528.93560             127.70684 
           -530.48174               1.47493            -529.00680             118.85973 
           -530.14379               1.06380            -529.07999              85.72788 
           -530.13603               1.04927            -529.08677              84.55682 
           -530.79866               1.73474            -529.06392             139.79659 
           -530.26503               1.27975            -528.98528             103.13079 
           -530.25980               1.41407            -528.84573             113.95493 
           -530.59418               1.80269            -528.79150             145.27209 
           -530.43644               1.67762            -528.75882             135.19331 
           -530.06433               1.32467            -528.73965             106.75083 
           -530.02492               1.19547            -528.82944              96.33890 
           -530.34713               1.40894            -528.93820             113.54142 
           -530.39051               1.35377            -529.03675             109.09517 
           -530.26801               1.14647            -529.12154              92.38995 
           -530.34519               1.26364            -529.08155             101.83195 
           -530.34213               1.29475            -529.04738             104.33917 
           -530.25592               1.29353            -528.96239             104.24133 
           -530.12249               1.30168            -528.82081             104.89808 
           -530.40770               1.64561            -528.76209             132.61399 
           -530.40428               1.67836            -528.72592             135.25291 
           -530.02561               1.27904            -528.74656             103.07355 
           -530.38381               1.52025            -528.86356             122.51137 
           -530.33243               1.40581            -528.92661             113.28947 
           -530.23714               1.20288            -529.03425              96.93610 
           -530.07183               0.98214            -529.08969              79.14726 
           -530.38894               1.33133            -529.05761             107.28736 
           -530.20893               1.19600            -529.01293              96.38105 
           -530.11712               1.19958            -528.91753              96.67026 
           -530.34100               1.51649            -528.82451             122.20834 
           -530.44897               1.67420            -528.77476             134.91810 
           -530.24664               1.51138            -528.73526             121.79636 
           -530.05957               1.26553            -528.79404             101.98456 
           -530.45933               1.55854            -528.90079             125.59723 
           -530.47331               1.51234            -528.96097             121.87376 
           -530.31113               1.24336            -529.06777             100.19777 
           -530.27638               1.16712            -529.10926              94.05377 
           -530.61348               1.53005            -529.08343             123.30168 
           -530.41434               1.38456            -529.02978             111.57661 
           -529.95714               1.05464            -528.90250              84.98953 
           -530.45679               1.63866            -528.81813             132.05342 
           -530.45747               1.68538            -528.77209             135.81879 
           -530.26409               1.53598            -528.72811             123.77890 
           -530.23732               1.44787            -528.78944             116.67909 
           -530.49498               1.62443            -528.87055             130.90711 
           -530.18301               1.23513            -528.94787              99.53508 
           -530.18254               1.11704            -529.06549              90.01842 
           -530.31687               1.23304            -529.08383              99.36625 
           -530.52438               1.45256            -529.07181             117.05680 
           -530.39200               1.36949            -529.02250             110.36265 
           -530.12098               1.24503            -528.87595             100.33258 
           -530.35069               1.52568            -528.82502             122.94875 
           -530.47689               1.70707            -528.76982             137.56677 
           -530.17132               1.42318            -528.74814             114.68900 
           -530.01933               1.21474            -528.80459              97.89183 
           -530.49048               1.61027            -528.88021             129.76577 
           -530.03613               1.05351            -528.98262              84.89843 
           -530.00873               0.93620            -529.07253              75.44485 
           -530.37954               1.30796            -529.07157             105.40395 
           -530.44150               1.37028            -529.07122             110.42625 
