           -519.69817               1.14172            -518.55645              92.00754 
           -520.06851               1.63571            -518.43280             131.81599 
           -519.34151               1.00085            -518.34067              80.65474 
           -519.67281               1.42082            -518.25199             114.49856 
           -520.32991               2.13686            -518.19305             172.20234 
           -519.77880               1.61460            -518.16419             130.11527 
           -519.45813               1.18852            -518.26961              95.77893 
           -519.65043               1.22965            -518.42078              99.09309 
           -519.69851               1.20901            -518.48950              97.43000 
           -519.92536               1.35503            -518.57032             109.19728 
           -519.81432               1.17026            -518.64407              94.30697 
           -519.78272               1.21810            -518.56463              98.16207 
           -519.62192               1.18501            -518.43691              95.49552 
           -519.19081               0.91351            -518.27730              73.61685 
           -519.75617               1.53451            -518.22166             123.66094 
           -520.25652               2.03742            -518.21910             164.18834 
           -519.74697               1.58844            -518.15853             128.00642 
           -519.42406               1.17690            -518.24717              94.84178 
           -519.61515               1.18599            -518.42917              95.57436 
           -520.02625               1.49828            -518.52797             120.74086 
           -519.56718               0.99400            -518.57318              80.10279 
           -519.84711               1.28813            -518.55899             103.80545 
           -519.94905               1.42837            -518.52068             115.10706 
           -519.44666               1.02312            -518.42353              82.44974 
           -519.59052               1.35229            -518.23823             108.97598 
           -520.09959               1.91339            -518.18620             154.19289 
           -520.06416               1.85039            -518.21377             149.11605 
           -519.80631               1.57737            -518.22895             127.11428 
           -519.48874               1.18774            -518.30101              95.71535 
           -519.78531               1.35761            -518.42770             109.40499 
           -520.33224               1.74554            -518.58670             140.66714 
           -519.93731               1.29092            -518.64639             104.03044 
           -520.22134               1.66582            -518.55553             134.24238 
           -520.11079               1.61907            -518.49172             130.47502 
           -519.74046               1.32929            -518.41116             107.12298 
           -519.84430               1.57916            -518.26514             127.25871 
           -520.41587               2.24785            -518.16802             181.14598 
           -520.24947               2.08303            -518.16644             167.86416 
           -519.94354               1.69756            -518.24598             136.80027 
           -519.99975               1.65023            -518.34952             132.98616 
           -520.19519               1.78065            -518.41454             143.49640 
           -520.17472               1.62875            -518.54597             131.25503 
           -520.23990               1.62460            -518.61530             130.92059 
           -520.38371               1.84443            -518.53929             148.63592 
           -520.32526               1.89235            -518.43291             152.49772 
           -520.16871               1.82455            -518.34415             147.03429 
           -520.34395               2.08180            -518.26214             167.76521 
           -520.63510               2.44367            -518.19143             196.92682 
           -520.46622               2.30687            -518.15935             185.90247 
           -520.02984               1.76473            -518.26511             142.21337 
           -520.62826               2.21278            -518.41548             178.32044 
           -520.74632               2.26326            -518.48306             182.38813 
           -520.63386               2.07381            -518.56004             167.12116 
           -520.82690               2.21257            -518.61434             178.30299 
           -520.90828               2.35316            -518.55513             189.63247 
           -520.62277               2.18538            -518.43739             176.11194 
           -520.58930               2.29183            -518.29747             184.69068 
           -520.88230               2.64841            -518.23388             213.42615 
           -521.29860               3.08353            -518.21507             248.49050 
           -520.84889               2.68621            -518.16268             216.47224 
           -520.96442               2.69515            -518.26927             217.19255 
           -521.28481               2.85471            -518.43010             230.05071 
           -521.31014               2.79076            -518.51938             224.89706 
           -521.20972               2.64636            -518.56337             213.26058 
           -521.17250               2.62420            -518.54830             211.47532 
           -521.62441               3.08881            -518.53560             248.91642 
           -521.40715               2.96607            -518.44108             239.02512 
           -521.30355               3.04629            -518.25727             245.48946 
           -522.00175               3.78011            -518.22165             304.62538 
           -521.78450               3.56736            -518.21714             287.48091 
           -521.40873               3.18013            -518.22861             256.27521 
           -521.75593               3.44175            -518.31418             277.35860 
           -521.93032               3.49162            -518.43870             281.37745 
           -522.01678               3.42939            -518.58739             276.36251 
           -521.97082               3.35492            -518.61590             270.36111 
           -522.12894               3.59079            -518.53815             289.36891 
           -522.11059               3.60265            -518.50794             290.32488 
           -522.04181               3.62808            -518.41374             292.37397 
           -522.17567               3.90039            -518.27528             314.31852 
           -522.43258               4.26167            -518.17091             343.43316 
           -522.63264               4.45364            -518.17900             358.90317 
           -522.10329               3.84964            -518.25366             310.22845 
           -522.32096               4.00001            -518.32094             322.34672 
           -522.83566               4.41380            -518.42186             355.69250 
           -522.54356               3.98297            -518.56060             320.97318 
           -522.58499               3.98178            -518.60321             320.87742 
           -523.08456               4.55126            -518.53330             366.76982 
           -522.88741               4.44311            -518.44430             358.05482 
           -522.79621               4.43459            -518.36162             357.36820 
           -523.34151               5.06209            -518.27942             407.93553 
           -523.50321               5.33093            -518.17228             429.60094 
           -523.69819               5.54271            -518.15548             446.66763 
           -524.59763               6.33751            -518.26011             510.71756 
           -526.50086               8.12626            -518.37460             654.86627 
           -530.38650              11.98317            -518.40332             965.68124 
           -539.81926              21.32741            -518.49185            1718.69983 
           -544.55214              25.98878            -518.56336            2094.34369 
           -549.78523              31.12249            -518.66274            2508.05060 
           -550.56320              31.92234            -518.64086            2572.50745 
           -549.60680              30.22784            -519.37896            2435.95393 
           -540.94901              22.50121            -518.44779            1813.29276 
           -533.17605              14.30666            -518.86938            1152.92310 
           -526.96720               7.87535            -519.09186             634.64619 
           -530.37600              12.06222            -518.31378             972.05166 
           -536.75019              18.10353            -518.64667            1458.89888 
           -545.15286              27.13397            -518.01889            2186.62986 
           -549.45709              31.97481            -517.48228            2576.73587 
           -549.53250              32.33665            -517.19585            2605.89544 
           -547.59448              30.56583            -517.02866            2463.19121 
           -541.01711              24.19008            -516.82703            1949.39240 
           -531.27988              14.63803            -516.64185            1179.62642 
           -527.15104              10.58862            -516.56242             853.29897 
           -521.58815               5.17203            -516.41611             416.79565 
           -522.86002               6.47555            -516.38447             521.84144 
           -519.58762               3.38046            -516.20715             272.41943 
           -525.78230               9.68746            -516.09483             780.67828 
           -525.15958               9.33724            -515.82234             752.45510 
           -533.53568              17.75946            -515.77622            1431.17129 
           -538.62527              22.98478            -515.64049            1852.26187 
           -542.87056              27.51177            -515.35879            2217.07586 
