           -504.05442               0.95219            -503.10223              76.73369 
           -504.48521               1.50274            -502.98247             121.10033 
           -503.98110               1.11770            -502.86340              90.07186 
           -504.07032               1.28611            -502.78421             103.64279 
           -504.49139               1.81154            -502.67985             145.98548 
           -504.19260               1.51506            -502.67754             122.09298 
           -504.09016               1.28703            -502.80313             103.71726 
           -504.14185               1.20825            -502.93360              97.36865 
           -504.53497               1.50858            -503.02639             121.57092 
           -504.55031               1.44808            -503.10223             116.69531 
           -504.23558               1.07092            -503.16466              86.30150 
           -504.85774               1.72587            -503.13187             139.08140 
           -504.95838               1.99699            -502.96139             160.93036 
           -504.29967               1.47733            -502.82235             119.05239 
           -504.85471               2.07778            -502.77692             167.44126 
           -505.52731               2.79138            -502.73593             224.94720 
           -505.06567               2.36677            -502.69890             190.72945 
           -504.96578               2.18068            -502.78510             175.73303 
           -505.27242               2.31775            -502.95467             186.77901 
           -505.58752               2.51525            -503.07228             202.69475 
           -505.42987               2.34673            -503.08314             189.11426 
           -505.52346               2.43577            -503.08770             196.28989 
           -505.86512               2.79368            -503.07144             225.13268 
           -505.98538               3.04474            -502.94064             245.36461 
           -505.98553               3.21427            -502.77126             259.02687 
           -506.43681               3.73469            -502.70212             300.96543 
           -506.71912               3.99907            -502.72005             322.27111 
           -506.65986               3.89457            -502.76528             313.84973 
           -506.55684               3.73187            -502.82496             300.73847 
           -507.18020               4.20585            -502.97435             338.93482 
           -507.47411               4.33849            -503.13561             349.62363 
           -507.18518               4.03309            -503.15209             325.01201 
           -507.98200               4.87084            -503.11115             392.52401 
           -508.07043               5.03706            -503.03337             405.91884 
           -507.85756               4.93985            -502.91771             398.08525 
           -508.29089               5.50577            -502.78512             443.69051 
           -508.79393               6.12082            -502.67311             493.25523 
           -509.03106               6.34121            -502.68985             511.01545 
           -508.94294               6.16465            -502.77829             496.78753 
           -509.14275               6.28346            -502.85928             506.36184 
           -509.84378               6.84461            -502.99917             551.58266 
           -509.83474               6.72725            -503.10749             542.12527 
           -510.04550               6.89886            -503.14663             555.95491 
           -510.58194               7.49621            -503.08574             604.09266 
           -510.96151               8.00589            -502.95562             645.16623 
           -510.80687               7.96171            -502.84516             641.60614 
           -511.20192               8.47435            -502.72757             682.91784 
           -512.16616               9.51764            -502.64852             766.99263 
           -511.92077               9.23027            -502.69050             743.83470 
           -512.37625               9.56020            -502.81605             770.42285 
           -513.62186              10.66926            -502.95260             859.79788 
           -514.84892              11.78769            -503.06123             949.92786 
           -517.35923              14.22185            -503.13738            1146.08826 
           -522.07693              18.87423            -503.20270            1521.00692 
           -523.23941              20.09228            -503.14713            1619.16505 
           -523.74172              20.66438            -503.07734            1665.26878 
           -520.18512              17.32856            -502.85656            1396.44724 
           -516.53688              13.62743            -502.90945            1098.18580 
           -511.20869               8.00957            -503.19912             645.46272 
           -514.86892              10.75310            -504.11581             866.55429 
           -521.60017              16.33632            -505.26385            1316.48586 
           -521.76182              15.31320            -506.44862            1234.03638 
           -528.33485              20.90656            -507.42829            1684.78533 
           -519.48507              11.53122            -507.95385             929.26019 
           -524.63353              15.80396            -508.82958            1273.58473 
           -522.81658              13.09062            -509.72596            1054.92634 
           -520.78696              10.42190            -510.36506             839.86398 
           -520.33289               9.42303            -510.90986             759.36867 
           -517.57865               6.55874            -511.01991             528.54577 
           -520.40607               9.52295            -510.88312             767.42032 
           -518.49154               7.62050            -510.87104             614.10892 
           -523.48796              12.10589            -511.38207             975.57051 
           -519.18370               7.85120            -511.33249             632.70058 
           -523.75911              12.07920            -511.67991             973.41957 
           -529.63714              17.31955            -512.31759            1395.72081 
           -530.14638              18.46590            -511.68048            1488.10154 
           -526.80684              15.71992            -511.08691            1266.81272 
           -538.47262              26.84730            -511.62532            2163.52849 
           -530.19539              18.33124            -511.86415            1477.24912 
           -523.76201              10.65953            -513.10247             859.01389 
           -529.00022              14.40304            -514.59718            1160.68955 
           -533.50630              17.55531            -515.95099            1414.71973 
           -529.87672              13.73855            -516.13818            1107.14067 
           -531.02408              15.30143            -515.72265            1233.08739 
           -527.32897              11.76836            -515.56061             948.37009 
           -533.66524              18.02222            -515.64302            1452.34695 
           -530.71734              15.19523            -515.52211            1224.52956 
           -535.25460              19.40623            -515.84836            1563.87930 
           -530.55584              14.44667            -516.10917            1164.20533 
           -529.92786              13.52367            -516.40419            1089.82475 
           -527.81351              11.11347            -516.70004             895.59465 
           -528.68423              11.93847            -516.74576             962.07870 
           -527.65002              10.98868            -516.66134             885.53871 
           -528.34825              11.12787            -517.22037             896.75574 
           -530.55073              12.88489            -517.66584            1038.34745 
           -534.99924              17.72332            -517.27592            1428.25936 
           -532.59684              15.43879            -517.15804            1244.15746 
           -533.41338              15.89889            -517.51449            1281.23509 
           -537.38487              20.00699            -517.37789            1612.29175 
           -536.52794              19.84895            -516.67899            1599.55613 
           -530.69714              13.51129            -517.18585            1088.82639 
           -533.61274              16.07247            -517.54027            1295.22316 
           -537.27963              19.63871            -517.64092            1582.61363 
           -536.14981              18.00035            -518.14946            1450.58429 
           -532.43951              14.91410            -517.52541            1201.87429 
           -533.33360              16.60780            -516.72580            1338.36360 
           -532.52144              16.10461            -516.41683            1297.81326 
           -535.62515              19.17825            -516.44689            1545.50726 
           -535.55256              19.87531            -515.67725            1601.68049 
           -527.69481              12.07202            -515.62279             972.84115 
           -528.38401              12.26873            -516.11528             988.69311 
           -526.82175              10.89346            -515.92828             877.86520 
           -526.18433              10.65960            -515.52473             859.01924 
           -527.76227              12.39775            -515.36452             999.09068 
           -524.57664               9.38557            -515.19107             756.35003 
           -528.78479              13.83001            -514.95478            1114.51152 
           -528.71709              14.07827            -514.63881            1134.51796 
           -531.54772              17.06873            -514.47899            1375.50831 
           -533.66353              19.48560            -514.17793            1570.27487 
           -534.42761              20.70381            -513.72379            1668.44665 
