           -498.68698               1.28305            -497.40394             103.39626 
           -499.11765               1.81662            -497.30103             146.39468 
           -498.50512               1.29661            -497.20852             104.48881 
           -498.79059               1.69699            -497.09360             136.75425 
           -499.29897               2.25073            -497.04825             181.37815 
           -498.81019               1.78507            -497.02512             143.85267 
           -498.89571               1.77923            -497.11648             143.38216 
           -499.08780               1.82006            -497.26774             146.67216 
           -499.34548               2.00765            -497.33783             161.78946 
           -499.36533               1.94793            -497.41740             156.97686 
           -499.26481               1.79046            -497.47435             144.28673 
           -499.83945               2.44376            -497.39569             196.93368 
           -499.79374               2.50753            -497.28620             202.07307 
           -499.50421               2.35301            -497.15120             189.62089 
           -500.09045               3.01455            -497.07590             242.93180 
           -500.86990               3.79386            -497.07604             305.73404 
           -500.43773               3.40758            -497.03015             274.60491 
           -500.40963               3.28079            -497.12883             264.38747 
           -501.05657               3.76259            -497.29398             303.21360 
           -501.27632               3.90750            -497.36882             314.89162 
           -501.03286               3.60370            -497.42916             290.40926 
           -501.36986               3.95350            -497.41636             318.59831 
           -501.88685               4.53398            -497.35287             365.37758 
           -501.84031               4.58607            -497.25425             369.57488 
           -502.03580               4.95112            -497.08468             398.99335 
           -502.55454               5.51187            -497.04268             444.18173 
           -502.82336               5.77906            -497.04430             465.71402 
           -502.94955               5.89063            -497.05892             474.70484 
           -503.10707               5.93152            -497.17555             478.00003 
           -503.81954               6.50744            -497.31210             524.41155 
           -504.25388               6.82964            -497.42423             550.37652 
           -504.08824               6.62646            -497.46178             534.00262 
           -504.92729               7.52270            -497.40459             606.22781 
           -505.23842               7.88909            -497.34933             635.75394 
           -505.18433               7.94591            -497.23842             640.33234 
           -505.66655               8.57690            -497.08965             691.18207 
           -506.42923               9.38022            -497.04901             755.91850 
           -506.58541               9.52456            -497.06085             767.55006 
           -506.77684               9.67124            -497.10560             779.37059 
           -507.35889              10.15029            -497.20860             817.97601 
           -507.79668              10.49012            -497.30656             845.36114 
           -508.13916              10.73112            -497.40804             864.78277 
           -508.71547              11.28060            -497.43487             909.06318 
           -509.92265              12.57072            -497.35193            1013.02970 
           -511.65476              14.36265            -497.29211            1157.43520 
           -514.71711              17.51759            -497.19952            1411.68014 
           -519.11377              21.92334            -497.19042            1766.72411 
           -518.49688              21.39358            -497.10330            1724.03268 
           -516.55811              19.49776            -497.06035            1571.25526 
           -513.17224              15.84666            -497.32559            1277.02555 
           -508.28530              11.15991            -497.12538             899.33755 
           -502.18857               5.17941            -497.00916             417.39032 
           -503.35725               6.42339            -496.93386             517.63811 
           -509.27982              11.88427            -497.39555             957.71131 
           -512.96368              15.44534            -497.51834            1244.68506 
           -519.73232              21.48697            -498.24534            1731.55855 
           -519.00549              19.88511            -499.12038            1602.47016 
           -516.46610              16.97139            -499.49471            1367.66399 
           -512.14496              12.27834            -499.86662             989.46801 
           -509.10110               9.01588            -500.08522             726.55730 
           -504.93190               4.31486            -500.61705             347.71895 
           -503.88881               2.85731            -501.03149             230.26073 
           -506.13008               4.72146            -501.40862             380.48598 
           -508.40360               6.89321            -501.51038             555.49950 
           -512.60310              10.97716            -501.62594             884.61038 
           -513.64028              11.94863            -501.69166             962.89725 
           -516.29677              14.63412            -501.66265            1179.31162 
           -520.13154              18.45908            -501.67246            1487.55125 
           -518.21206              16.68369            -501.52837            1344.47953 
           -520.36449              18.80439            -501.56010            1515.37847 
           -519.60119              18.15338            -501.44781            1462.91651 
           -519.74361              18.30210            -501.44151            1474.90145 
           -527.17202              24.64143            -502.53059            1985.76500 
           -525.27713              21.34670            -503.93043            1720.25467 
           -522.02678              17.10718            -504.91959            1378.60709 
           -519.80626              14.39204            -505.41422            1159.80310 
           -520.52368              14.80034            -505.72334            1192.70661 
           -524.80001              17.98073            -506.81928            1449.00274 
           -530.27383              22.48393            -507.78990            1811.89991 
           -526.08092              17.99899            -508.08193            1450.47476 
           -523.47836              15.80962            -507.66874            1274.04073 
           -520.88082              13.35089            -507.52993            1075.90099 
           -518.94767              11.26632            -507.68135             907.91244 
           -521.80358              14.02993            -507.77364            1130.62228 
           -519.07565              11.47800            -507.59765             924.97130 
           -520.24524              12.48011            -507.76512            1005.72786 
           -521.73189              13.46636            -508.26553            1085.20606 
           -525.27419              16.83057            -508.44362            1356.31571 
           -527.06351              18.48424            -508.57927            1489.57903 
           -524.13464              15.33127            -508.80337            1235.49232 
           -530.83380              21.66212            -509.17168            1745.67334 
           -533.15290              23.64176            -509.51114            1905.20540 
           -526.78410              17.09495            -509.68915            1377.62098 
           -526.25880              16.24887            -510.00993            1309.43890 
           -527.62557              17.43531            -510.19026            1405.04933 
           -530.12323              19.66763            -510.45560            1584.94424 
           -526.02902              16.08258            -509.94644            1296.03800 
           -531.79133              21.43872            -510.35261            1727.67026 
           -532.65770              22.13615            -510.52154            1783.87394 
           -532.49278              21.79451            -510.69827            1756.34177 
           -532.78288              21.91841            -510.86447            1766.32632 
           -527.78375              17.32055            -510.46320            1395.80159 
           -525.49308              15.05453            -510.43855            1213.19104 
           -524.22808              13.97802            -510.25007            1126.43875 
           -522.00451              12.03850            -509.96601             970.13965 
           -524.71503              15.01195            -509.70308            1209.75986 
           -523.82281              13.93099            -509.89182            1122.64859 
           -524.54614              14.45837            -510.08778            1165.14824 
           -525.31009              15.73596            -509.57413            1268.10509 
           -527.80523              18.22551            -509.57972            1468.72920 
           -528.25673              18.51782            -509.73891            1492.28502 
           -528.84108              19.02386            -509.81722            1533.06493 
           -531.05854              21.20689            -509.85166            1708.98755 
           -527.00493              17.87568            -509.12925            1440.53715 
           -527.69232              19.50080            -508.19152            1571.50006 
           -526.02809              18.80901            -507.21908            1515.75135 
           -526.12524              18.82534            -507.29990            1517.06707 
           -527.43230              20.26842            -507.16388            1633.36012 
           -523.77598              17.26460            -506.51138            1391.29277 
           -526.03071              20.41051            -505.62020            1644.81034 
