           -488.05571               1.17942            -486.87629              95.04522 
           -488.44974               1.69782            -486.75192             136.82095 
           -487.65258               0.99435            -486.65822              80.13138 
           -488.01501               1.44746            -486.56756             116.64531 
           -488.78708               2.27676            -486.51033             183.47572 
           -488.21797               1.73228            -486.48569             139.59802 
           -487.94008               1.34275            -486.59734             108.20705 
           -488.27059               1.52291            -486.74768             122.72553 
           -488.47357               1.65913            -486.81445             133.70309 
           -488.72880               1.83032            -486.89847             147.49919 
           -488.75850               1.79406            -486.96444             144.57709 
           -488.94682               2.07176            -486.87505             166.95616 
           -488.89614               2.15301            -486.74313             173.50318 
           -488.61360               2.03077            -486.58283             163.65215 
           -489.40650               2.87128            -486.53522             231.38646 
           -490.21179               3.67488            -486.53691             296.14557 
           -489.84188               3.36095            -486.48093             270.84666 
           -489.79325               3.19944            -486.59381             257.83171 
           -490.35964               3.58921            -486.77043             289.24190 
           -490.93846               4.08134            -486.85712             328.90029 
           -490.72793               3.83279            -486.89514             308.87129 
           -491.37501               4.50397            -486.87105             362.95857 
           -491.81714               4.98775            -486.82938             401.94536 
           -491.60039               4.88509            -486.71529             393.67224 
           -492.18539               5.65030            -486.53509             455.33743 
           -493.11061               6.60045            -486.51017             531.90648 
           -493.38537               6.85015            -486.53521             552.02955 
           -493.45671               6.89622            -486.56049             555.74197 
           -493.73894               7.08681            -486.65213             571.10086 
           -494.48276               7.70387            -486.77889             620.82730 
           -495.36140               8.42597            -486.93543             679.01925 
           -495.46042               8.50332            -486.95710             685.25211 
           -496.23801               9.38311            -486.85490             756.15165 
           -496.66377               9.86250            -486.80127             794.78384 
           -496.71122              10.01141            -486.69982             806.78382 
           -497.53665              10.98169            -486.55496             884.97553 
           -498.69959              12.21161            -486.48798             984.09038 
           -498.98553              12.47854            -486.50699            1005.60104 
           -499.14907              12.54697            -486.60210            1011.11571 
           -500.07877              13.38244            -486.69633            1078.44348 
           -500.87032              14.09651            -486.77381            1135.98746 
           -501.65751              14.75618            -486.90133            1189.14819 
           -503.02430              16.10068            -486.92362            1297.49683 
           -505.48862              18.66271            -486.82592            1503.96101 
           -510.05263              23.31823            -486.73440            1879.13322 
           -512.81407              26.09981            -486.71426            2103.29050 
           -512.56131              25.93411            -486.62720            2089.93791 
           -508.51155              22.01395            -486.49760            1774.02575 
           -499.50785              13.29983            -486.20802            1071.78613 
           -493.78754               7.38137            -486.40616             594.83873 
           -493.14015               7.27932            -485.86084             586.61426 
           -495.34088               9.88338            -485.45750             796.46622 
           -505.54563              19.71832            -485.82731            1589.02894 
           -510.28287              24.49976            -485.78312            1974.34808 
           -512.35515              25.98362            -486.37153            2093.92724 
           -511.19512              24.24766            -486.94746            1954.03234 
           -505.30691              18.01358            -487.29333            1451.65024 
           -499.44429              12.05193            -487.39236             971.22180 
           -496.82903               9.15115            -487.67788             737.45854 
           -495.75151               7.66559            -488.08592             617.74292 
           -499.77091              11.40369            -488.36722             918.98276 
           -497.05651               8.92948            -488.12703             719.59465 
           -494.82506               7.40174            -487.42332             596.48003 
           -496.06462               9.05387            -487.01075             729.61876 
           -495.53349               8.59915            -486.93434             692.97457 
           -491.35047               4.67620            -486.67427             376.83799 
           -495.19830               8.58918            -486.60912             692.17175 
           -496.15418               9.05402            -487.10016             729.63114 
           -493.85527               6.28376            -487.57151             506.38550 
           -495.93703               7.88774            -488.04928             635.64508 
           -495.09004               7.20066            -487.88938             580.27558 
           -492.90700               4.87980            -488.02720             393.24585 
           -492.99451               5.14918            -487.84533             414.95403 
           -494.52371               6.95137            -487.57234             560.18599 
           -492.89867               5.91687            -486.98181             476.81916 
           -495.67761               9.04023            -486.63738             728.52028 
           -497.28116              10.48757            -486.79359             845.15596 
           -493.16267               6.47688            -486.68578             521.94899 
           -493.17392               6.50509            -486.66883             524.22168 
           -496.38697               8.99770            -487.38927             725.09268 
           -494.13856               6.37441            -487.76416             513.69076 
           -493.87295               5.85726            -488.01569             472.01595 
           -498.78377              10.69163            -488.09214             861.60077 
           -495.60107               7.87075            -487.73031             634.27606 
           -492.65193               5.17100            -487.48093             416.71288 
           -496.20793               9.10409            -487.10384             733.66611 
           -500.00763              13.18991            -486.81771            1062.92812 
           -496.25239               9.55899            -486.69340             770.32501 
           -499.94598              13.16102            -486.78497            1060.59960 
           -505.12117              18.20403            -486.91714            1466.99815 
           -511.71311              24.34279            -487.37032            1961.69855 
           -511.18671              23.80012            -487.38659            1917.96696 
           -516.02006              28.32892            -487.69115            2282.92667 
           -527.34874              38.56727            -488.78147            3107.99924 
           -527.44413              38.28585            -489.15828            3085.32000 
           -520.98297              32.72129            -488.26168            2636.89213 
           -515.42488              28.09469            -487.33019            2264.05080 
           -512.58554              23.89255            -488.69299            1925.41540 
           -511.78624              22.25206            -489.53419            1793.21397 
           -510.95882              21.51321            -489.44561            1733.67298 
           -514.70138              25.72432            -488.97706            2073.03176 
           -517.39635              28.03319            -489.36316            2259.09495 
           -521.65792              32.30858            -489.34934            2603.63333 
           -521.69855              33.06789            -488.63066            2664.82382 
           -519.26801              31.31591            -487.95209            2523.63807 
           -513.20521              24.78599            -488.41922            1997.41488 
           -504.63923              15.87937            -488.75985            1279.66221 
           -504.19938              15.72774            -488.47164            1267.44262 
           -497.63331               9.29218            -488.34113             748.82366 
           -498.80256              10.28942            -488.51314             829.18750 
           -500.48209              11.87835            -488.60375             957.23389 
           -503.02818              14.63967            -488.38851            1179.75884 
           -510.31606              22.12242            -488.19364            1782.76709 
           -514.24765              25.83478            -488.41287            2081.93273 
           -519.97779              31.50993            -488.46786            2539.27281 
           -525.66226              37.25300            -488.40927            3002.08656 
           -519.08114              31.02711            -488.05404            2500.36406 
           -514.75719              27.05749            -487.69970            2180.46670 
           -508.43993              21.99619            -486.44374            1772.59468 
           -510.06678              24.16877            -485.89801            1947.67528 
