           -514.55958               1.26553            -513.29405             101.98465 
           -514.95048               1.75010            -513.20038             141.03462 
           -514.28141               1.23592            -513.04549              99.59832 
           -514.43328               1.50702            -512.92627             121.44502 
           -515.11044               2.22362            -512.88682             179.19340 
           -514.51216               1.61700            -512.89515             130.30866 
           -514.45609               1.48001            -512.97608             119.26851 
           -514.61730               1.51425            -513.10305             122.02823 
           -514.82906               1.59807            -513.23099             128.78242 
           -514.74102               1.41589            -513.32513             114.10146 
           -514.64191               1.31899            -513.32291             106.29307 
           -514.93844               1.67291            -513.26554             134.81369 
           -514.70848               1.56347            -513.14501             125.99442 
           -514.52482               1.51097            -513.01384             121.76409 
           -514.86739               1.95764            -512.90975             157.75936 
           -515.46475               2.57916            -512.88560             207.84502 
           -515.12840               2.21696            -512.91144             178.65720 
           -514.70290               1.70887            -512.99403             137.71177 
           -515.11203               2.00558            -513.10645             161.62269 
           -515.37703               2.13529            -513.24173             172.07575 
           -515.00707               1.70469            -513.30238             137.37479 
           -515.36902               2.07314            -513.29588             167.06722 
           -515.49614               2.28725            -513.20889             184.32161 
           -515.16973               2.07553            -513.09420             167.25927 
           -515.06158               2.09407            -512.96751             168.75346 
           -515.64357               2.77049            -512.87308             223.26390 
           -515.66381               2.79995            -512.86386             225.63810 
           -515.55126               2.62317            -512.92809             211.39204 
           -515.61063               2.56801            -513.04261             206.94718 
           -515.72167               2.56585            -513.15582             206.77241 
           -516.19716               2.93243            -513.26473             236.31423 
           -515.83056               2.49265            -513.33791             200.87393 
           -516.17688               2.86493            -513.31195             230.87431 
           -516.35918               3.17622            -513.18296             255.96020 
           -515.83728               2.77649            -513.06079             223.74745 
           -516.16254               3.20695            -512.95559             258.43671 
           -516.68287               3.80163            -512.88125             306.35971 
           -516.71959               3.86104            -512.85855             311.14765 
           -516.48334               3.55790            -512.92544             286.71836 
           -516.66588               3.59518            -513.07069             289.72302 
           -516.99489               3.80930            -513.18559             306.97825 
           -516.73036               3.48861            -513.24175             281.13474 
           -516.97497               3.68280            -513.29217             296.78336 
           -517.23053               3.97468            -513.25585             320.30500 
           -517.31629               4.17059            -513.14570             336.09333 
           -517.33446               4.31524            -513.01922             347.75015 
           -517.60196               4.67684            -512.92512             376.88963 
           -518.04046               5.14199            -512.89847             414.37467 
           -517.83443               4.93339            -512.90105             397.56408 
           -517.64395               4.68172            -512.96223             377.28287 
           -518.13705               5.02875            -513.10830             405.24902 
           -518.45962               5.20843            -513.25119             419.72897 
           -518.31116               5.00158            -513.30958             403.05992 
           -518.55454               5.23516            -513.31938             421.88316 
           -519.08510               5.82709            -513.25800             469.58463 
           -518.67792               5.52974            -513.14818             445.62205 
           -518.71980               5.71483            -513.00497             460.53773 
           -519.16095               6.27626            -512.88469             505.78142 
           -519.68578               6.80247            -512.88331             548.18682 
           -519.64677               6.72712            -512.91965             542.11450 
           -520.00108               7.01318            -512.98790             565.16754 
           -521.00158               7.86399            -513.13759             633.73131 
           -522.40945               9.18556            -513.22389             740.23139 
           -525.46630              12.20205            -513.26425             983.31993 
           -527.28656              14.03637            -513.25019            1131.14092 
           -530.30982              17.15976            -513.15006            1382.84408 
           -532.89402              19.78117            -513.11285            1594.09388 
           -534.43102              21.13391            -513.29712            1703.10625 
           -540.62553              26.67910            -513.94643            2149.97358 
           -532.29125              17.58260            -514.70864            1416.91936 
           -528.22448              12.45608            -515.76840            1003.79085 
           -525.47240               8.32429            -517.14812             670.82459 
           -523.81710               5.51324            -518.30385             444.29277 
           -529.84635              10.78263            -519.06373             868.93343 
           -536.94172              16.40211            -520.53961            1321.78747 
           -540.10108              18.88468            -521.21641            1521.84898 
           -540.00510              18.61858            -521.38652            1500.40510 
           -539.74943              18.20572            -521.54370            1467.13449 
           -537.52507              15.53751            -521.98756            1252.11283 
           -531.82710              10.09282            -521.73428             813.34449 
           -531.75741              10.06490            -521.69250             811.09479 
           -527.88214               5.85630            -522.02584             471.93836 
           -526.95269               4.37055            -522.58213             352.20739 
           -529.04022               6.13769            -522.90252             494.61465 
           -530.09094               7.17338            -522.91756             578.07743 
           -532.18782               9.42328            -522.76455             759.38836 
           -538.13550              15.47743            -522.65807            1247.27119 
           -543.54055              20.70661            -522.83394            1668.67235 
           -545.97741              22.35694            -523.62047            1801.66659 
           -547.67820              23.53478            -524.14342            1896.58421 
           -543.23787              18.92356            -524.31432            1524.98216 
           -539.22597              15.05090            -524.17506            1212.89883 
           -534.50213              10.37312            -524.12900             835.93296 
           -536.28513              10.83129            -525.45384             872.85510 
           -537.35407              11.64415            -525.70992             938.36046 
           -539.03096              14.49118            -524.53978            1167.79239 
           -544.69375              18.98410            -525.70965            1529.86110 
           -551.20533              25.26218            -525.94315            2035.78904 
           -545.49994              19.99614            -525.50380            1611.41798 
           -543.87609              18.54801            -525.32808            1494.71821 
           -541.35711              15.85716            -525.49995            1277.87201 
           -534.75762               9.22713            -525.53049             743.58196 
           -534.69849               9.14732            -525.55117             737.14996 
           -529.15024               3.93745            -525.21279             317.30506 
           -532.27815               7.30434            -524.97382             588.63069 
           -529.67297               4.84879            -524.82418             390.74648 
           -537.01492              12.14317            -524.87175             978.57481 
           -536.88380              12.21732            -524.66649             984.55004 
           -544.07863              19.55235            -524.52628            1575.65407 
           -543.91593              19.23079            -524.68514            1549.74067 
           -545.85289              20.65221            -525.20069            1664.28793 
           -545.84542              20.99493            -524.85050            1691.90643 
           -541.82039              17.99687            -523.82352            1450.30407 
           -536.10266              12.68394            -523.41872            1022.15356 
           -530.34156               8.10915            -522.23242             653.48730 
           -533.56972              11.71702            -521.85270             944.23317 
           -537.74323              16.61152            -521.13172            1338.66294 
           -542.05196              21.45356            -520.59840            1728.86573 
           -544.17543              23.57340            -520.60203            1899.69665 
           -543.43756              23.37670            -520.06086            1883.84534 
