           -482.97497               1.36044            -481.61453             109.63323 
           -483.45224               1.93208            -481.52016             155.69966 
           -482.77098               1.40880            -481.36218             113.53052 
           -483.00904               1.76820            -481.24084             142.49313 
           -483.87696               2.67193            -481.20503             215.32114 
           -483.33678               2.12019            -481.21660             170.85817 
           -483.37903               2.07797            -481.30106             167.45649 
           -483.78103               2.35099            -481.43004             189.45796 
           -484.21154               2.65115            -481.56039             213.64691 
           -484.22390               2.57519            -481.64871             207.52551 
           -484.34416               2.70589            -481.63827             218.05818 
           -484.95674               3.38131            -481.57543             272.48735 
           -484.94794               3.49687            -481.45108             281.80009 
           -484.99191               3.67471            -481.31720             296.13219 
           -485.66572               4.44908            -481.21665             358.53529 
           -486.64842               5.44643            -481.20199             438.90827 
           -486.57883               5.34045            -481.23838             430.36796 
           -486.53885               5.20929            -481.32956             419.79795 
           -487.42389               5.97867            -481.44522             481.79960 
           -487.97028               6.39687            -481.57341             515.50121 
           -487.98573               6.36203            -481.62369             512.69360 
           -488.83589               7.23279            -481.60310             582.86450 
           -489.43556               7.92956            -481.50600             639.01484 
           -489.53649               8.14376            -481.39273             656.27701 
           -490.02705               8.75789            -481.26916             705.76694 
           -491.23161              10.04041            -481.19120             809.12128 
           -491.61124              10.41730            -481.19394             839.49334 
           -491.96787              10.69870            -481.26917             862.17051 
           -492.74077              11.35036            -481.39041             914.68515 
           -493.49715              11.99193            -481.50522             966.38699 
           -494.44126              12.83226            -481.60900            1034.10596 
           -494.79126              13.11342            -481.67784            1056.76418 
           -495.88213              14.26280            -481.61932            1149.38868 
           -496.69048              15.20699            -481.48349            1225.47741 
           -496.85658              15.50013            -481.35644            1249.10069 
           -498.40719              17.15050            -481.25669            1382.09785 
           -500.64221              19.44463            -481.19757            1566.97388 
           -503.76899              22.57125            -481.19774            1818.93674 
           -509.92600              28.59519            -481.33081            2304.38461 
           -509.41234              27.85617            -481.55617            2244.82972 
           -509.81857              28.03884            -481.77973            2259.55064 
           -501.59910              20.23700            -481.36210            1630.82752 
           -495.95184              14.74534            -481.20650            1188.27427 
           -490.22638              10.53653            -479.68985             849.10136 
           -493.92847              15.80463            -478.12384            1273.63921 
           -496.86994              19.80548            -477.06447            1596.05290 
           -501.27637              26.11112            -475.16525            2104.20202 
           -499.39935              25.50473            -473.89462            2055.33535 
           -503.62489              30.38574            -473.23914            2448.67886 
           -496.98059              24.40598            -472.57461            1966.79128 
           -493.53945              21.39294            -472.14652            1723.98051 
           -486.71422              14.75730            -471.95692            1189.23808 
           -484.23155              12.29696            -471.93459             990.96831 
           -477.07895               5.22898            -471.84996             421.38528 
           -478.33570               6.48053            -471.85518             522.24250 
           -480.44055               8.57280            -471.86775             690.85126 
           -478.51242               6.70731            -471.80511             540.51809 
           -486.21099              14.37274            -471.83825            1158.24772 
           -491.00903              19.18585            -471.82318            1546.11906 
           -493.61394              21.82911            -471.78483            1759.13029 
           -506.37585              34.19625            -472.17960            2755.75421 
           -505.38301              32.91019            -472.47282            2652.11547 
           -506.38968              33.92338            -472.46630            2733.76485 
           -498.20081              24.51500            -473.68581            1975.57660 
           -499.13061              24.44043            -474.69018            1969.56720 
           -495.95601              20.54305            -475.41296            1655.49164 
           -497.06234              19.48651            -477.57583            1570.34870 
           -503.24390              26.47777            -476.76613            2133.74955 
           -506.63512              28.27651            -478.35861            2278.70306 
           -512.62905              33.77915            -478.84990            2722.14146 
           -513.05883              33.88561            -479.17322            2730.72101 
           -509.69056              29.85341            -479.83714            2405.78026 
           -499.96880              20.03794            -479.93087            1614.78598 
           -496.25887              15.98637            -480.27250            1288.28474 
           -495.45839              14.53174            -480.92665            1171.06108 
           -493.12842              11.91194            -481.21649             959.94063 
           -488.93620               7.21324            -481.72296             581.28960 
           -494.32929              12.07311            -482.25618             972.92878 
           -497.26597              14.97205            -482.29392            1206.54402 
           -499.54438              17.34978            -482.19460            1398.15694 
           -507.22072              25.20917            -482.01155            2031.51712 
           -511.15719              29.32414            -481.83305            2363.12793 
           -515.15609              33.86379            -481.29230            2728.96210 
           -518.28647              36.85190            -481.43457            2969.76342 
           -518.63410              36.29399            -482.34011            2924.80387 
           -516.92659              33.29856            -483.62804            2683.41220 
           -507.13592              23.21815            -483.91777            1871.06818 
           -508.61659              23.52445            -485.09214            1895.75209 
           -511.20815              24.83914            -486.36901            2001.69827 
           -515.32405              29.96446            -485.35960            2414.72885 
           -520.06517              35.12695            -484.93822            2830.75552 
           -520.23901              35.80380            -484.43521            2885.30091 
           -517.48796              32.79585            -484.69212            2642.90044 
           -511.16154              26.03020            -485.13135            2097.68084 
           -509.62442              24.08384            -485.54058            1940.83102 
           -504.25561              18.65722            -485.59839            1503.51934 
           -500.42105              14.44718            -485.97387            1164.24711 
           -499.55301              13.16809            -486.38491            1061.16981 
           -497.88844              11.63062            -486.25782             937.27039 
           -499.58920              13.45932            -486.12988            1084.63860 
           -500.83215              14.87956            -485.95259            1199.09096 
           -505.34583              19.67838            -485.66745            1585.81072 
           -509.07217              23.72102            -485.35115            1911.59275 
           -513.33578              28.48343            -484.85234            2295.37843 
           -520.56027              35.62669            -484.93358            2871.02795 
           -522.17830              37.00471            -485.17360            2982.07760 
           -517.88069              32.81703            -485.06366            2644.60760 
           -508.71711              23.83034            -484.88677            1920.40189 
           -507.59427              21.81952            -485.77476            1758.35713 
           -506.09471              20.94458            -485.15013            1687.84928 
           -503.77076              20.73991            -483.03085            1671.35518 
           -517.77456              34.44118            -483.33338            2775.49208 
           -518.21795              35.81045            -482.40750            2885.83674 
           -514.19829              32.73055            -481.46774            2637.63879 
           -515.86832              34.43047            -481.43785            2774.62914 
           -510.96727              29.42148            -481.54580            2370.97199 
           -506.07070              24.45743            -481.61327            1970.93724 
           -499.99961              18.47854            -481.52108            1489.11959 
           -495.67343              14.19937            -481.47405            1144.27689 
           -492.36649              11.34634            -481.02015             914.36124 
