           -524.87533               1.21286            -523.66247              97.73999 
           -525.12349               1.60289            -523.52060             129.17100 
           -524.44909               1.16799            -523.28110              94.12396 
           -524.81501               1.73630            -523.07872             139.92206 
           -525.40430               2.37298            -523.03132             191.23000 
           -524.57848               1.53284            -523.04564             123.52618 
           -524.57567               1.41620            -523.15947             114.12663 
           -524.67691               1.31529            -523.36162             105.99478 
           -524.89771               1.31697            -523.58073             106.13027 
           -524.88021               1.14040            -523.73981              91.90066 
           -524.92494               1.18378            -523.74115              95.39698 
           -525.02417               1.40319            -523.62098             113.07812 
           -524.76633               1.30546            -523.46086             105.20240 
           -524.39497               1.13650            -523.25847              91.58676 
           -524.88128               1.81101            -523.07026             145.94319 
           -525.37399               2.36235            -523.01164             190.37315 
           -524.84897               1.78513            -523.06385             143.85715 
           -524.41415               1.21329            -523.20087              97.77434 
           -524.71584               1.33354            -523.38231             107.46500 
           -525.12453               1.54010            -523.58443             124.11079 
           -524.63263               0.93278            -523.69986              75.16906 
           -524.92658               1.24497            -523.68161             100.32776 
           -524.91862               1.38108            -523.53755             111.29613 
           -524.60665               1.23494            -523.37171              99.51978 
           -524.60322               1.40706            -523.19616             113.39010 
           -524.82361               1.77929            -523.04432             143.38627 
           -524.96550               1.95625            -523.00925             157.64753 
           -524.90922               1.79792            -523.11130             144.88803 
           -524.65025               1.36357            -523.28669             109.88501 
           -524.96687               1.47761            -523.48926             119.07544 
           -525.19117               1.55603            -523.63514             125.39523 
           -524.91840               1.18533            -523.73307              95.52147 
           -525.08287               1.36589            -523.71698             110.07206 
           -524.85385               1.31947            -523.53439             106.33099 
           -524.71480               1.37522            -523.33958             110.82428 
           -524.71339               1.54071            -523.17268             124.16072 
           -525.34306               2.26851            -523.07455             182.81113 
           -525.15525               2.12374            -523.03151             171.14448 
           -524.94668               1.85025            -523.09643             149.10536 
           -525.04836               1.73806            -523.31031             140.06396 
           -525.07276               1.55343            -523.51933             125.18535 
           -524.84386               1.21835            -523.62551              98.18246 
           -524.93213               1.25666            -523.67547             101.27013 
           -525.14339               1.48923            -523.65416             120.01169 
           -525.22192               1.69749            -523.52443             136.79468 
           -524.92833               1.63349            -523.29484             131.63723 
           -524.94728               1.84435            -523.10293             148.62982 
           -525.37878               2.33517            -523.04361             188.18265 
           -524.95702               1.89744            -523.05958             152.90769 
           -524.91428               1.73518            -523.17910             139.83190 
           -525.12060               1.77120            -523.34940             142.73480 
           -525.31168               1.73722            -523.57445             139.99651 
           -525.05253               1.32945            -523.72309             107.13534 
           -524.97663               1.26712            -523.70951             102.11243 
           -525.42541               1.78951            -523.63589             144.21054 
           -524.94940               1.46692            -523.48247             118.21400 
           -524.93542               1.66108            -523.27434             133.86092 
           -525.10429               2.01143            -523.09286             162.09364 
           -525.49358               2.48436            -523.00922             200.20578 
           -525.30630               2.24244            -523.06387             180.70987 
           -525.12813               1.93186            -523.19627             155.68147 
           -525.30211               1.93075            -523.37136             155.59248 
           -525.37561               1.80327            -523.57234             145.31879 
           -524.98546               1.29414            -523.69132             104.29050 
           -525.21318               1.52338            -523.68980             122.76338 
           -525.49718               1.90823            -523.58896             153.77706 
           -525.31037               1.88486            -523.42551             151.89426 
           -525.30541               2.06726            -523.23815             166.59300 
           -525.57462               2.50308            -523.07153             201.71468 
           -525.58434               2.58130            -523.00305             208.01755 
           -525.13710               2.04920            -523.08790             165.13744 
           -525.39847               2.11686            -523.28161             170.58998 
           -525.44729               1.97922            -523.46808             159.49795 
           -525.46767               1.83667            -523.63099             148.01098 
           -525.58966               1.83264            -523.75702             147.68616 
           -525.55890               1.83324            -523.72566             147.73390 
           -525.44351               1.88166            -523.56184             151.63656 
           -525.22520               1.88842            -523.33677             152.18140 
           -525.36086               2.18206            -523.17879             175.84465 
           -525.72711               2.66408            -523.06303             214.68862 
           -525.85155               2.85354            -522.99801             229.95666 
           -525.31037               2.23661            -523.07376             180.24043 
           -525.61660               2.30752            -523.30908             185.95452 
           -525.84717               2.34786            -523.49932             189.20534 
           -525.38571               1.76031            -523.62541             141.85681 
           -525.46298               1.77867            -523.68431             143.33673 
           -525.99711               2.32139            -523.67572             187.07247 
           -525.89561               2.35282            -523.54279             189.60513 
           -525.39358               2.09580            -523.29778             168.89335 
           -525.89124               2.77400            -523.11725             223.54644 
           -526.16568               3.11833            -523.04736             251.29498 
           -525.86538               2.80780            -523.05757             226.27077 
           -525.67127               2.50922            -523.16205             202.20922 
           -525.59854               2.26245            -523.33609             182.32279 
           -525.96277               2.39177            -523.57100             192.74417 
           -526.05616               2.32914            -523.72701             187.69736 
           -525.91657               2.19946            -523.71712             177.24640 
           -526.17964               2.53198            -523.64766             204.04298 
           -525.91083               2.41644            -523.49439             194.73255 
           -525.64648               2.37411            -523.27236             191.32129 
           -525.86008               2.77116            -523.08892             223.31788 
           -526.26805               3.25543            -523.01262             262.34345 
           -526.21551               3.14834            -523.06717             253.71379 
           -525.99205               2.81120            -523.18085             226.54461 
           -526.14494               2.80048            -523.34446             225.68065 
           -525.98816               2.43565            -523.55250             196.28063 
           -526.04206               2.35774            -523.68432             190.00173 
           -526.36727               2.68300            -523.68427             216.21342 
           -526.31142               2.72886            -523.58256             219.90888 
           -526.09770               2.66842            -523.42928             215.03833 
           -526.07040               2.81638            -523.25402             226.96189 
           -526.38391               3.29501            -523.08890             265.53312 
           -526.69152               3.68118            -523.01034             296.65298 
           -526.04845               2.95985            -523.08860             238.52401 
           -526.28460               3.01410            -523.27049             242.89586 
           -526.55813               3.12816            -523.42997             252.08751 
           -526.29357               2.69595            -523.59762             217.25666 
           -526.49874               2.75070            -523.74804             221.66902 
           -526.90984               3.17307            -523.73676             255.70661 
           -526.87430               3.29000            -523.58430             265.12979 
