           -509.34763               1.30643            -508.04120             105.28017 
           -509.42977               1.52889            -507.90087             123.20812 
           -508.68771               0.99237            -507.69533              79.97164 
           -509.30515               1.75920            -507.54595             141.76760 
           -509.75070               2.26460            -507.48610             182.49630 
           -508.87152               1.36521            -507.50630             110.01772 
           -509.02700               1.40698            -507.62003             113.38313 
           -509.11011               1.33418            -507.77593             107.51652 
           -509.44651               1.46591            -507.98060             118.13280 
           -509.21001               1.10379            -508.10622              88.95056 
           -509.54200               1.43606            -508.10594             115.72736 
           -509.77878               1.76166            -508.01712             141.96554 
           -509.24913               1.41274            -507.83638             113.84800 
           -509.20209               1.53046            -507.67162             123.33468 
           -509.67536               2.14139            -507.53397             172.56712 
           -510.42452               2.95701            -507.46751             238.29453 
           -509.63110               2.11889            -507.51221             170.75358 
           -509.57872               1.92575            -507.65297             155.18894 
           -509.97389               2.16435            -507.80953             174.41747 
           -510.00560               2.01503            -507.99057             162.38383 
           -509.85020               1.77014            -508.08007             142.64905 
           -510.28670               2.21679            -508.06990             178.64360 
           -510.40644               2.44789            -507.95855             197.26674 
           -509.83713               2.08184            -507.75529             167.76795 
           -510.29765               2.68464            -507.61301             216.34555 
           -510.69116               3.20161            -507.48956             258.00614 
           -510.72104               3.25830            -507.46273             262.57505 
           -510.56771               3.01470            -507.55301             242.94364 
           -510.73600               3.01686            -507.71915             243.11764 
           -511.12659               3.22732            -507.89927             260.07861 
           -511.25825               3.19360            -508.06465             257.36084 
           -511.34415               3.20751            -508.13664             258.48154 
           -511.77659               3.66875            -508.10784             295.65123 
           -511.68498               3.75119            -507.93379             302.29482 
           -511.22945               3.49315            -507.73630             281.50080 
           -511.69932               4.12442            -507.57491             332.37193 
           -512.52247               5.02872            -507.49374             405.24701 
           -512.20016               4.74100            -507.45916             382.06049 
           -512.14819               4.60921            -507.53898             371.43978 
           -512.42674               4.70432            -507.72242             379.10468 
           -512.70663               4.76684            -507.93979             384.14251 
           -512.61023               4.55977            -508.05046             367.45591 
           -513.19968               5.12275            -508.07693             412.82438 
           -513.37255               5.33721            -508.03534             430.10689 
           -513.46680               5.56380            -507.90300             448.36657 
           -513.22243               5.53786            -507.68457             446.27648 
           -513.76764               6.24847            -507.51917             503.54196 
           -514.40846               6.93794            -507.47053             559.10362 
           -513.99450               6.48045            -507.51404             522.23666 
           -514.14493               6.50755            -507.63739             524.42009 
           -514.76800               6.98610            -507.78190             562.98507 
           -514.86484               6.87204            -507.99280             553.79304 
           -514.95000               6.81528            -508.13472             549.21923 
           -515.43937               7.32107            -508.11831             589.97867 
           -515.79464               7.79992            -507.99473             628.56768 
           -515.35582               7.54248            -507.81334             607.82160 
           -516.38786               8.72765            -507.66021             703.32994 
           -517.43760               9.92408            -507.51352             799.74649 
           -519.48518              12.06432            -507.42086             972.22069 
           -522.47306              15.00274            -507.47032            1209.01715 
           -526.96960              19.31069            -507.65890            1556.18018 
           -528.77122              21.01206            -507.75916            1693.28725 
           -529.38438              21.49720            -507.88718            1732.38298 
           -530.58910              22.15229            -508.43682            1785.17385 
           -531.91412              22.72568            -509.18843            1831.38199 
           -525.15577              14.21854            -510.93723            1145.82165 
           -523.92702              11.62878            -512.29824             937.12167 
           -523.04216               9.46796            -513.57419             762.98922 
           -522.45688               8.28888            -514.16800             667.97153 
           -528.67341              13.78235            -514.89105            1110.67084 
           -534.69695              18.41690            -516.28005            1484.15250 
           -536.95437              19.53831            -517.41606            1574.52307 
           -535.95556              18.01568            -517.93987            1451.81989 
           -533.12163              15.16127            -517.96036            1221.79287 
           -530.13651              12.16432            -517.97220             980.27896 
           -524.28757               6.13331            -518.15426             494.26163 
           -524.82468               6.62168            -518.20300             533.61766 
           -523.43488               5.51207            -517.92282             444.19776 
           -523.47167               5.39797            -518.07369             435.00342 
           -525.25724               6.80088            -518.45636             548.05863 
           -529.77117              11.01545            -518.75571             887.69597 
           -533.56323              14.59116            -518.97207            1175.84971 
           -537.55146              18.35576            -519.19570            1479.22504 
           -543.99758              24.85324            -519.14434            2002.83403 
           -540.74467              21.44773            -519.29694            1728.39606 
           -541.62695              21.60932            -520.01763            1741.41784 
           -539.57598              18.08302            -521.49295            1457.24651 
           -531.13874               9.77130            -521.36744             787.43428 
           -531.73629               9.68252            -522.05377             780.27963 
           -529.89275               7.87436            -522.01839             634.56687 
           -539.86507              16.85386            -523.01122            1358.19225 
           -542.96059              20.49448            -522.46610            1651.57748 
           -545.20322              22.52286            -522.68036            1815.03678 
           -540.89372              17.86978            -523.02394            1440.06180 
           -542.82138              19.21213            -523.60924            1548.23748 
           -537.79959              14.06365            -523.73595            1133.33939 
           -537.43041              13.55547            -523.87494            1092.38705 
           -532.13721               8.48705            -523.65017             683.94084 
           -532.16010               8.56331            -523.59679             690.08675 
           -530.65805               7.00481            -523.65324             564.49237 
           -529.68448               6.14731            -523.53717             495.38979 
           -530.74716               7.42235            -523.32480             598.14112 
           -537.17960              14.04524            -523.13436            1131.85561 
           -536.40175              13.67429            -522.72746            1101.96226 
           -544.50284              22.16837            -522.33447            1786.46974 
           -544.01499              21.76074            -522.25425            1753.62034 
           -544.80982              21.71151            -523.09831            1749.65359 
           -540.71985              17.40509            -523.31477            1402.61390 
           -536.67983              13.78254            -522.89728            1110.68593 
           -532.60957              10.73908            -521.87049             865.42417 
           -532.54574              11.02415            -521.52159             888.39682 
           -537.72679              17.01306            -520.71373            1371.02161 
           -536.98645              17.04661            -519.93985            1373.72550 
           -543.76404              24.20959            -519.55444            1950.96501 
           -536.53590              17.31237            -519.22353            1395.14216 
           -540.90844              21.30454            -519.60390            1716.85725 
           -536.60593              17.26265            -519.34329            1391.13525 
           -532.36484              13.41174            -518.95310            1080.80417 
           -529.18830              10.65343            -518.53487             858.52224 
           -525.67410               7.46227            -518.21183             601.35771 
