           -477.75644               1.39479            -476.36165             112.40141 
           -477.87966               1.65967            -476.21999             133.74671 
           -477.10755               1.09702            -476.01053              88.40511 
           -477.82618               1.96623            -475.85996             158.45131 
           -478.45180               2.64644            -475.80536             213.26685 
           -477.59934               1.76892            -475.83042             142.55067 
           -477.87654               1.92872            -475.94782             155.42883 
           -478.20325               2.09609            -476.10716             168.91613 
           -478.72292               2.40851            -476.31440             194.09361 
           -478.63950               2.20540            -476.43410             177.72527 
           -479.19170               2.76769            -476.42401             223.03866 
           -479.77196               3.44417            -476.32779             277.55357 
           -479.42595               3.28548            -476.14047             264.76523 
           -479.68307               3.70729            -475.97578             298.75692 
           -480.50412               4.66422            -475.83991             375.87253 
           -481.63059               5.84429            -475.78629             470.97078 
           -481.12748               5.28036            -475.84712             425.52561 
           -481.51008               5.51651            -475.99357             444.55618 
           -482.43629               6.27875            -476.15753             505.98231 
           -482.75149               6.41938            -476.33212             517.31465 
           -483.08747               6.68028            -476.40719             538.33987 
           -484.05256               7.67096            -476.38160             618.17506 
           -484.63807               8.38618            -476.25190             675.81215 
           -484.50898               8.46708            -476.04190             682.33191 
           -485.64167               9.73337            -475.90830             784.37790 
           -486.68018              10.88225            -475.79793             876.96143 
           -487.08485              11.29303            -475.79182             910.06485 
           -487.58107              11.67941            -475.90166             941.20238 
           -488.46155              12.38576            -476.07579             998.12463 
           -489.52894              13.27553            -476.25341            1069.82759 
           -490.13919              13.74193            -476.39726            1107.41313 
           -491.02826              14.56964            -476.45862            1174.11522 
           -492.30588              15.89854            -476.40734            1281.20713 
           -492.87503              16.66687            -476.20815            1343.12398 
           -493.39973              17.38530            -476.01443            1401.01927 
           -495.23825              19.37155            -475.86671            1561.08410 
           -498.09476              22.29451            -475.80025            1796.63520 
           -501.76999              25.98082            -475.78917            2093.70184 
           -508.07388              32.01106            -476.06282            2579.65718 
           -505.39610              29.27884            -476.11726            2359.47758 
           -501.26931              25.01171            -476.25760            2015.60437 
           -496.41035              19.75948            -476.65087            1592.34606 
           -490.40574              14.46190            -475.94383            1165.43322 
           -489.93592              15.92150            -474.01442            1283.05712 
           -487.02237              14.83910            -472.18327            1195.83018 
           -488.28710              17.78414            -470.50295            1433.16093 
           -501.93289              32.21834            -469.71455            2596.36173 
           -495.43753              27.00268            -468.43485            2176.05018 
           -498.08542              30.17591            -467.90951            2431.76926 
           -491.93418              24.55379            -467.38039            1978.70244 
           -487.81780              20.72198            -467.09582            1669.91052 
           -482.40529              15.46222            -466.94308            1246.04500 
           -476.88534              10.03400            -466.85134             808.60420 
           -471.36626               4.55100            -466.81526             366.74886 
           -474.48005               7.62779            -466.85226             614.69679 
           -475.78198               8.92020            -466.86179             718.84688 
           -478.17107              11.27995            -466.89112             909.01096 
           -484.63937              17.73119            -466.90818            1428.89376 
           -489.16965              22.28746            -466.88219            1796.06700 
           -496.67608              29.71871            -466.95738            2394.92475 
           -500.27215              33.05266            -467.21949            2663.59651 
           -500.33510              32.87688            -467.45821            2649.43099 
           -503.43144              34.84882            -468.58262            2808.34254 
           -496.98758              27.19504            -469.79253            2191.55175 
           -488.42642              18.04980            -470.37661            1454.56942 
           -484.23156              13.36444            -470.86712            1076.99261 
           -495.88179              23.06290            -472.81889            1858.55687 
           -502.81014              29.69638            -473.11376            2393.12593 
           -509.22839              34.92766            -474.30073            2814.69568 
           -512.81960              37.87282            -474.94678            3052.03612 
           -507.79504              32.21443            -475.58061            2596.04660 
           -497.94050              22.35006            -475.59044            1801.11219 
           -495.41823              19.84319            -475.57504            1599.09230 
           -491.20901              15.42009            -475.78892            1242.65041 
           -486.41185              10.25035            -476.16149             826.03949 
           -484.31137               7.61651            -476.69486             613.78741 
           -484.62117               7.77544            -476.84573             626.59468 
           -487.44790              10.81779            -476.63010             871.76751 
           -491.86299              15.37601            -476.48698            1239.09802 
           -495.96803              19.34120            -476.62683            1558.63868 
           -501.30293              24.48098            -476.82195            1972.83486 
           -508.35012              31.76434            -476.58578            2559.77518 
           -514.24556              37.87817            -476.36739            3052.46722 
           -514.73254              37.93489            -476.79765            3057.03801 
           -517.04263              39.64845            -477.39418            3195.12727 
           -507.82583              30.09788            -477.72796            2425.48072 
           -500.61728              22.45592            -478.16136            1809.64249 
           -500.24574              21.22068            -479.02506            1710.09915 
           -506.88064              26.00927            -480.87137            2095.99462 
           -503.59183              23.43650            -480.15533            1888.66440 
           -515.60291              35.50462            -480.09829            2861.19064 
           -514.46363              34.57467            -479.88897            2786.24937 
           -514.90551              34.65431            -480.25120            2792.66725 
           -511.00404              30.67102            -480.33303            2471.66807 
           -503.97140              23.48490            -480.48650            1892.56454 
           -501.11291              20.53754            -480.57537            1655.04725 
           -496.22664              15.85565            -480.37099            1277.75063 
           -493.32411              13.09054            -480.23357            1054.91999 
           -493.29603              12.82145            -480.47458            1033.23518 
           -493.66605              12.91074            -480.75530            1040.43068 
           -494.89780              13.87997            -481.01783            1118.53718 
           -500.68614              19.55662            -481.12952            1575.99832 
           -504.32552              23.47441            -480.85111            1891.71914 
           -512.07540              31.29479            -480.78061            2521.93578 
           -517.70252              37.10922            -480.59330            2990.49961 
           -518.26060              37.86894            -480.39166            3051.72306 
           -516.36352              36.14106            -480.22246            2912.47922 
           -505.39063              25.38365            -480.00698            2045.57763 
           -506.66889              26.65964            -480.00924            2148.40591 
           -497.44341              18.64454            -478.79887            1502.49747 
           -500.64901              21.31113            -479.33788            1717.38791 
           -508.26010              29.77262            -478.48748            2399.26970 
           -514.59803              36.85237            -477.74567            2969.80115 
           -514.35194              37.28375            -477.06819            3004.56507 
           -510.18924              33.52941            -476.65982            2702.01617 
           -507.36139              30.75104            -476.61035            2478.11711 
           -502.16601              25.75104            -476.41497            2075.18480 
           -497.65082              21.35262            -476.29820            1720.73160 
           -489.71760              13.73455            -475.98305            1106.81815 
           -490.98085              15.09098            -475.88987            1216.12804 
